10 66 82
9945
7762
4805
2786
3380
2838
9403
4659
9140
6392
9362
3758
8255
2510
5292
9897
9526
7448
6227
4251
4175
6929
1254
4612
8445
7289
4616
4941
5214
3290
6794
4529
210
630
5653
3298
3483
6915
8400
6471
6753
3954
9431
8873
5732
9
6262
3544
3223
6371
5304
6191
4683
9044
4145
9396
9431
3131
9030
670
276
514
3476
5385
2228
2669
10
31
13
50
61
9
61
46
26
46
38
42
53
52
10
42
48
14
63
8
46
57
18
66
7
31
45
44
21
11
48
14
19
7
2
27
11
22
43
50
19
41
1
39
45
31
41
49
36
37
22
46
44
43
18
10
38
27
22
19
3
55
62
25
64
43
2
35
57
15
26
8
54
33
13
11
32
21
32
35
30
57
