10 10000 10000
4645
5891
1287
51
6153
2463
6953
5809
4558
1380
9741
3661
6934
3005
4680
8754
1949
8237
7131
6830
1317
700
2298
2253
1208
9419
8294
5282
8910
518
3465
5375
8165
2363
8584
5666
4553
9189
1641
8160
1756
2413
8490
78
2818
398
2743
6473
9266
6728
9181
3429
8286
5908
8991
872
2759
4633
640
1459
6220
2498
8575
4703
2928
5212
7962
7068
6362
8536
8796
2742
6001
2428
351
7967
2761
2423
9558
2728
1335
5636
8395
108
7227
3959
9013
1830
5798
6568
9773
1570
70
9983
4787
3450
631
8591
4761
1338
562
7402
5472
1378
3256
3975
1486
1278
1735
6243
444
2093
9489
2498
4067
7496
9287
7759
3235
9140
9526
3846
1159
889
8083
4076
5302
6795
6494
5774
9544
6166
103
6133
468
4428
9941
1081
9176
2786
4971
5545
7138
9845
902
9752
6057
3171
6466
5151
2610
41
3869
7556
5036
2539
295
6632
8916
8149
8453
3934
8417
8275
6280
2743
3269
2555
1703
2638
7373
9846
5155
2798
8909
6598
2202
4136
9054
2335
7847
6281
4231
2772
8834
1009
8845
7654
4406
7843
4820
8229
1752
5190
7584
6254
5335
4925
1950
398
3465
2937
1069
2150
6547
258
3100
261
1583
1374
4735
1380
1773
8704
6878
9971
4101
5045
374
5406
9691
1511
7841
9598
5075
4142
8539
6506
7757
2748
527
8992
9114
3141
2474
7241
1079
5544
8028
8998
8393
113
6110
9689
9905
9435
6117
3186
2978
3387
7693
2608
1516
4727
4012
1048
5702
1419
1951
1010
2984
9427
9614
4319
7510
1901
709
901
9527
7558
3993
8138
368
3352
5588
6988
7911
2998
6123
437
388
8554
8164
2430
7436
4859
3664
6008
1631
3780
3861
4900
5049
4405
363
6942
1443
3267
5778
138
8562
3077
9941
7384
7121
2193
538
8569
2619
8665
9495
7284
6494
9031
8168
1210
9079
9602
7793
7137
4942
8866
3075
2952
6695
6700
890
1884
7917
4774
2621
4628
1747
8346
7379
71
574
3382
764
58
3741
8603
4678
6028
8493
4480
8222
203
1191
9706
1296
1093
1961
3805
5826
6263
6077
9499
9303
808
2431
7172
3501
7890
1990
1815
9440
4039
4863
327
3220
5773
5952
9361
9733
264
2931
635
2009
2485
672
2083
357
8949
2350
8014
5479
7658
1064
7392
8241
4217
3088
2478
915
5088
5896
2382
8785
9234
76
5612
2456
4191
2494
6252
8569
8072
2105
6389
9598
126
914
3637
8548
1560
3540
2337
5229
1620
4781
6815
6539
3833
7669
8962
795
8292
6051
1105
747
4591
6540
7473
3421
8929
9911
1410
9490
8952
7766
9219
258
8251
5593
5676
9906
4060
1030
5405
2326
8328
5688
7478
9658
8873
1772
402
2289
9068
9702
7178
2182
347
9620
1697
1207
8365
3198
4623
6577
1173
8829
330
9075
4211
9696
1661
4944
826
492
882
3954
9092
1821
4539
9362
6456
7527
6936
2604
252
1398
5054
2768
679
3183
4654
6236
2503
7280
7194
8521
2305
1456
923
5991
8887
2278
6294
282
5060
9519
7680
6383
3280
4266
2603
4229
4102
4433
4876
9647
5351
6518
6741
7387
1855
3738
7002
3862
3160
9554
8378
2349
3891
6261
1948
3046
8212
7133
6888
7973
60
9377
7655
6281
5411
3645
909
7040
861
1400
9791
601
8065
9756
5157
260
3609
5197
4398
1886
6766
5834
6950
5622
999
3559
2052
8804
4854
3797
6403
9502
5360
7686
9828
7426
1235
8008
9360
3634
3592
7530
5074
3698
5871
9228
3968
7454
9760
1428
165
7565
3575
917
6633
6947
1023
4591
1627
9099
7263
8923
5202
9338
5904
7506
8147
6366
4245
3502
6608
6856
8335
2816
9144
4645
327
4067
7497
6349
4850
6201
6737
8343
5436
8731
3736
332
1702
107
6449
290
6647
6715
9958
5673
846
1169
2532
803
3576
3573
1810
9213
3752
2932
4342
6675
2677
2237
5977
2189
8667
132
2007
8798
3867
7782
4038
6358
127
6122
7811
2
332
2247
6889
3798
1082
3278
6379
2381
7698
4211
1309
5350
4081
3862
7007
7186
729
3991
5495
2357
6783
2554
9839
5437
6146
2854
4042
4164
6472
4939
8166
6290
7944
9417
319
1488
5563
467
640
2276
7752
8398
3077
2184
4747
8958
8163
4666
958
4838
3401
2614
6606
9419
7461
1935
7633
8183
1477
7059
4587
7550
2595
8254
4790
5099
2968
5177
3830
8172
1433
1943
8454
3952
2439
2829
9804
9976
6340
6700
5462
4877
9296
1326
8473
9475
9871
8391
9285
5214
2402
7022
2317
5680
1866
4043
1457
185
4949
1834
8344
8917
4201
5161
6894
7010
4698
6901
1510
5043
3664
8684
5155
2034
323
2707
31
3177
35
7314
8658
7549
8354
9223
2800
9572
269
1129
5745
2531
1320
8407
8763
5645
4878
7743
1538
6156
8732
1904
9734
234
8158
204
3395
4793
8420
1084
4589
9521
3546
3120
7383
7276
8520
3900
6204
4921
2323
9654
3979
7175
6403
7991
3821
6918
7514
7754
39
4982
1589
6144
1332
7746
222
5922
6875
1634
7427
1333
6958
8124
8901
7335
9413
2547
283
6882
9756
3581
6229
888
3020
5173
8902
321
8728
7028
8625
3248
2767
4773
8310
1844
1334
6041
6062
2706
711
368
7642
1852
6453
8171
2728
6549
5451
3517
8047
5273
1345
3151
3344
3433
1920
2577
5538
1936
1123
6663
2629
4429
5049
63
5723
9863
4540
5847
523
6137
9292
931
500
1643
5819
8709
2943
7137
5407
2446
1520
6227
3421
9207
4505
5646
942
2414
3111
3264
2194
1318
6378
4262
3244
8272
5563
3143
3373
9297
9496
2492
1371
9215
6761
8441
3715
144
5720
4614
3678
6628
5930
8678
3340
3515
2479
2691
5851
4708
9309
878
178
1436
6788
6121
6550
6982
6823
3680
3400
2903
9346
7492
5887
6428
5127
8532
4518
6345
7911
6873
5985
6433
4687
690
7329
5410
3002
2623
8967
9625
1451
2054
896
8418
8920
5805
7250
2288
4177
5705
9527
9887
1981
2980
2051
9438
5301
7473
6877
8802
5161
54
9157
359
6465
186
7669
3106
6750
2955
9213
8172
3325
9722
8451
6737
7273
390
8521
6206
3586
4812
8754
6938
8502
2331
4998
8153
2661
9381
2890
8385
4146
5535
1400
1015
5300
7097
7237
130
4420
7626
4010
6119
7221
773
5134
744
9448
2461
73
7770
5320
7426
3657
7467
5046
4162
7365
5585
3220
3001
7204
5640
179
9684
7855
9892
3741
8374
5508
2110
6591
5353
4316
9546
6169
4404
7145
9590
2855
8871
7475
7568
1112
94
9056
8552
8218
3201
1523
7874
4881
1858
7548
7480
5600
8510
1034
5803
4828
3807
1730
2948
3298
606
5346
8642
6993
5118
7361
1678
8792
3981
4826
5896
2756
7078
5200
1269
485
3769
1054
2510
4628
5158
4715
3371
1394
5326
9188
9147
9801
176
5460
4564
7323
2209
7022
8018
4509
211
3986
4321
8086
2102
2852
9821
7014
5448
9959
3849
6107
4936
4965
8811
9501
827
8103
7486
7387
3614
7529
212
6576
1295
5059
2095
2994
3954
2612
3556
8715
4675
1485
7670
6462
5658
9761
7166
8260
6679
114
844
1315
3233
3499
7086
3924
6107
9487
9612
6702
5501
1121
9095
6131
808
2787
2364
8146
5254
3984
1151
480
2959
6271
9477
6940
4772
5085
9421
6425
4150
7986
3683
960
1853
9606
8175
4577
8086
3388
5535
1248
1437
4544
5444
5491
3577
6010
6944
1399
8736
7834
3813
4710
130
3230
4473
8715
77
6522
5936
2738
6027
9084
1739
2390
9338
2120
788
3927
2021
534
9514
1670
4765
3492
5922
166
2015
1116
9855
9848
1991
9673
3984
9292
1214
1552
52
5754
407
6800
8426
2494
3727
5680
3820
8363
9476
3740
1051
7961
5921
6619
1162
6286
7115
6753
4443
2180
2520
5049
4459
384
7072
7127
3250
3213
7183
9899
5354
1929
6598
3815
3541
6077
3159
4683
7928
1598
8068
5024
1743
9752
1142
9213
3670
289
775
7349
5721
328
167
743
5022
6399
7159
3405
590
2447
6061
9688
8630
7597
9683
5436
7146
1449
473
7776
7536
4241
8026
2830
882
742
5660
9830
4179
2681
1017
8045
7188
3787
3181
7636
4470
6864
5423
4261
9349
7963
5047
1776
8910
6581
2268
6514
896
6982
6485
7543
4240
9
5599
2174
7273
3595
6966
8686
4575
5066
3450
2400
5556
4399
7331
3464
3579
3136
9003
3807
9446
3282
4026
8203
7493
6237
9901
5315
6711
4125
5398
9120
2075
8936
3673
8875
9295
8329
8016
5636
5633
7935
9841
7350
8868
7007
3310
4709
5081
642
5795
8989
3452
3272
5912
7095
6816
7187
2945
9591
9345
1371
3618
8063
2408
7989
159
125
5047
1161
4687
1418
8411
1907
4611
4913
608
2850
4145
4282
1236
1498
6693
7496
9630
3635
1483
9591
9937
1497
8669
1545
6373
3695
4070
3633
6191
6117
8441
220
1606
9322
4081
663
9879
2822
4853
1411
2777
5712
6368
4393
1790
3629
2720
9134
7095
345
6375
3169
3346
4073
668
7429
2144
6613
3598
1718
8703
737
868
6737
6017
3345
9101
7435
300
3237
340
6393
3678
7972
9400
1167
6926
1501
6830
2150
3998
3021
2022
2684
3709
4459
2288
7787
5554
950
3162
1396
5525
6689
2456
9058
1273
808
5291
4565
6301
3507
1440
8155
2330
2039
1287
8825
8604
8684
456
2277
2383
7081
3253
1889
5648
817
1296
5229
4225
692
7555
5465
4917
1376
2793
2614
1287
7503
3556
8080
4627
5310
8524
5138
9310
864
7914
5620
8124
7924
667
4725
2396
4150
4964
4853
8504
1565
6881
2949
6677
7993
447
8207
5821
1001
2182
7992
8867
9474
5331
2346
4199
9243
6703
2158
4437
6716
1804
8099
6085
8204
6311
1394
7510
3215
261
7653
4010
3537
7671
5789
4385
3408
1823
6623
5308
9669
682
8631
3764
8411
7358
5540
9417
8294
9802
6197
9160
369
1321
913
3912
6476
8673
9586
5339
9974
2144
1193
373
38
7502
1715
5456
4135
7755
4558
4896
894
2609
2809
3793
4925
7601
2695
9339
6729
465
4905
5963
98
4236
7781
9497
1711
9754
6179
4434
8848
2129
5768
5230
6089
7548
6579
7410
3042
8161
1503
7597
8270
3822
3723
7198
2508
2369
280
4086
4680
7992
9581
3626
7400
8824
8780
4193
294
8273
4800
3057
9590
5667
6581
4635
2363
6229
872
6614
3682
5590
8323
9118
8304
669
4181
1191
6336
8366
6307
4656
1526
8541
600
9610
9113
6509
4604
8642
4308
2106
4197
9739
8685
9619
482
2239
4993
6602
814
3877
9530
9891
1144
2366
6331
3951
8120
3188
2567
302
7334
8965
3869
6144
6162
5174
8345
1552
81
7363
6650
5923
7555
9003
6246
3681
554
2920
6849
3992
1277
361
2349
9085
3658
6807
6572
6968
7702
8982
5957
6696
9140
4410
7656
7743
4951
9020
4127
5675
6184
3246
2371
8508
8403
6854
6534
5875
483
7668
2999
8476
3574
5416
2740
1293
8275
9884
8762
6062
893
4029
4899
8794
5410
9000
916
4319
8133
2068
9799
503
9134
9317
3021
4257
4516
8041
4439
314
4411
4882
6762
7843
2455
1990
5272
6081
4980
97
82
1682
5244
7017
3859
8250
279
1267
5809
6031
9103
5451
6689
8757
600
6837
6203
2620
5215
6187
7184
7125
8232
1620
4027
1859
2021
9508
2980
9761
5135
4760
6645
6837
9332
8366
9864
9099
1012
4307
2148
8480
7132
3779
5257
788
7469
9674
5729
8374
4480
4401
2158
8330
9374
8109
2023
8639
7691
6917
1884
3072
5200
7232
7974
2668
8658
7491
1503
32
1445
2507
1924
8869
5108
284
6842
565
5475
8026
1516
2745
9314
3258
7254
7039
2584
2352
8405
4559
889
1330
653
5168
5535
7558
2814
3307
1485
6641
728
7882
2536
9068
3926
7257
8621
3395
5443
2592
486
2978
2308
697
1841
8433
8275
210
4241
466
2808
9258
9181
3810
8427
2683
8211
5984
9058
5590
965
3656
244
636
3140
4942
3919
7978
926
248
9164
4890
58
2908
1568
9660
4354
7289
3511
1302
9397
3810
2686
784
7121
3564
6178
479
4729
6096
9810
3602
1035
2136
6211
5680
4786
593
8939
4920
4082
2650
1724
7790
531
6583
8906
1418
1816
2832
9106
2550
3643
7919
9008
1552
9919
9838
1651
6212
8791
6549
6335
3518
9341
6900
8881
9235
9084
6763
5035
3623
8341
3614
596
7384
9889
5921
1548
7271
6467
9347
2247
986
5697
3136
2969
5749
6710
9006
8529
6104
4742
4039
399
358
6161
3759
8923
4077
4931
9844
6863
4697
1841
4879
3271
401
652
6522
4494
6596
8808
5555
3855
4712
7328
9728
6549
6845
5516
2172
5399
2735
8054
5596
4144
1430
6611
3455
6999
456
8216
1472
2530
9739
378
88
7002
2734
9252
5636
145
5221
3343
4048
2327
3689
1064
1053
4019
5595
812
1840
5479
6887
2672
3968
9482
9429
1116
5094
2233
5898
8569
1204
1944
907
5857
4028
8548
7562
3778
6137
9096
6106
9199
9687
4377
3715
2791
8635
9676
2315
7271
777
1602
383
9740
8742
7264
7478
2716
8696
4296
89
7166
244
6679
4017
9471
2848
3226
4284
5297
5402
6264
5734
6876
3824
9617
2614
8291
1782
5947
839
8869
1883
8662
1119
4822
4688
3208
5049
8676
8553
5138
3341
9609
8332
5419
2665
288
7685
9869
7595
1424
4013
6323
3180
8115
1351
6428
5706
8575
2748
8577
812
2842
4988
9500
8077
654
53
1391
3680
4766
1351
4450
5179
2177
6531
5513
1403
2443
5122
3193
7216
2106
6085
204
7547
4417
7703
9159
3990
8641
4037
2484
8271
1592
4041
380
8327
3904
2266
1517
8251
3841
9025
7675
6768
4036
6252
8566
9454
7092
1184
4465
8408
3260
4427
4951
2278
8174
8939
168
2645
4845
3933
8506
9566
4023
2697
6033
5691
4584
8350
7162
4205
1962
9254
687
8610
9238
4193
8093
7800
2136
5070
7154
5882
5759
7556
2589
3065
7860
7184
5385
3806
4152
6107
7064
8106
211
6169
7004
4426
8403
2866
1297
7875
7369
9888
9089
1511
8696
9059
8497
5351
355
6839
166
5454
9163
3703
4307
4647
5915
657
7786
5713
115
7011
3117
6680
1067
5975
9046
996
9579
4549
8785
930
564
4490
5553
8478
2085
198
8376
8798
963
8651
2910
1326
2055
9582
7845
8477
480
2377
2205
1171
1001
8600
7422
3560
1528
3226
1154
5843
3562
5978
9066
622
1041
967
5954
9311
8676
203
6560
254
3558
8497
7085
7973
8894
1057
4706
1235
1026
4550
8300
7429
5905
2191
4491
8670
7271
6284
7254
7186
759
6948
5882
6059
7976
6373
9945
5742
6024
7993
4785
2758
2486
2479
3836
6982
744
9703
6083
7742
5697
5716
6183
9644
9916
406
2308
9862
427
9545
5170
4605
9205
4150
3875
4352
663
3086
4478
1698
4899
5843
5183
4347
9069
8216
1121
1397
1108
3862
8164
9949
9448
826
3399
495
6100
8763
1558
750
6859
3798
3361
6293
9686
8104
5786
3970
3328
3454
436
2729
2069
5455
4833
8091
1772
734
6880
3665
7695
2883
1514
8288
3717
209
8208
684
8842
6804
3730
561
6320
2627
6988
8268
4517
7084
654
4497
425
8539
6059
2654
3983
5767
792
2210
4212
1695
3625
7817
2039
3638
6678
1926
4060
5317
5054
968
9011
8161
8812
3192
1778
4224
8361
6598
3446
5842
2071
1770
1765
3989
1141
9104
4458
9212
8691
78
193
7247
4753
4496
2171
6324
6616
9836
4288
2305
274
1085
5685
5876
5736
5633
9254
942
4490
8634
218
2741
965
6457
8061
4853
4194
4791
4365
9345
1948
2766
8525
5662
5126
2915
5617
2821
7223
2394
9057
5380
3285
2298
7223
3039
5357
8329
2357
5577
6358
4302
4473
850
3589
7022
9463
313
8853
4925
779
3357
3906
4206
2379
7072
5854
8971
3214
799
3116
6614
9663
5589
1127
9077
2005
8732
6374
5802
5313
5094
4995
4089
886
2899
6562
2706
1519
9886
6581
9209
3922
7952
748
8418
1291
9726
8962
1461
629
3850
3068
2643
8668
8566
2427
1717
6433
9264
3142
206
103
2187
2826
8029
4312
8155
204
183
625
5170
6080
7985
7539
9405
6006
6361
76
4508
6539
2588
9966
4150
5064
1370
9727
6277
8256
8826
4072
4466
8062
8303
9407
5302
7655
2544
1021
6652
9876
1554
4645
2996
7319
5354
2933
6017
6990
3939
1033
6223
1760
7756
5082
4557
7295
7022
2239
24
78
2378
1922
8924
4372
9613
1121
1287
4539
2084
4787
3878
38
391
4397
6734
9289
6119
5782
306
3320
6522
8763
9256
785
5501
8233
5313
7618
5687
388
2044
9741
7522
5305
1036
2777
8771
4748
2682
4796
2629
1790
9086
731
1234
8432
6684
575
4130
1829
3282
1253
7456
605
577
6441
1633
8465
8252
8574
9954
1343
9955
1050
8596
5681
9238
3024
1559
9540
5636
6079
4749
5615
5612
4162
1137
364
956
4577
4568
9630
3761
9186
6010
763
4842
8213
7097
7486
46
2346
9493
63
3733
8071
1104
7249
4632
1779
5632
2855
1664
1142
4309
481
7689
4088
1414
7
4910
8605
204
1717
4473
1980
6606
2573
243
8593
6098
3008
166
637
3825
613
2483
8380
7544
6441
1181
9596
7161
1710
194
3155
1300
3003
6123
8767
792
3861
9604
8757
64
3294
1580
4576
2257
5071
3699
225
1949
6173
5814
9216
7880
4797
90
1234
7236
79
37
6049
279
4593
9584
7729
3564
395
5303
464
4213
1307
569
8229
9850
6278
6698
5252
1885
6540
8427
4565
5010
2228
4113
7155
1163
1773
5989
7480
3623
4268
787
1781
597
231
8713
508
605
5153
8669
7314
7161
3094
593
8264
5112
4598
5647
9350
897
2990
3940
7886
9816
5945
3353
4554
182
5168
4485
587
2396
4971
5016
5229
24
6313
673
1383
1943
7666
9144
1280
3558
3162
8362
8169
280
6571
9264
734
511
5004
5239
3001
3398
9293
7138
9094
245
7198
2929
1814
9640
6293
5336
143
6170
8961
626
8907
1563
997
2474
1586
4862
3913
6243
1678
5300
9592
1623
9087
4034
6485
8746
9610
2307
3803
8534
6882
3934
3631
623
7217
3444
5412
1280
6818
6630
5884
5201
8824
2579
7283
7617
5044
3418
9009
7531
9777
1725
3120
6375
4024
2733
5209
5666
1458
1836
5886
4312
854
655
6751
3473
1772
6372
8059
7580
3101
5173
9969
9035
8835
3665
7685
2890
1348
3489
613
5573
4611
9160
4096
7443
8257
3687
8153
8018
4705
6234
3531
6104
3204
3348
7243
5029
5017
7444
6511
1139
1001
2406
2697
9313
2002
1764
8717
9969
8891
1933
6505
6160
2848
4579
71
6847
650
8271
6791
8768
3387
7597
786
8746
777
676
7945
3864
78
5555
738
9060
8949
1918
9541
3017
3411
5070
3958
672
5057
2155
9291
241
3432
4080
6115
3304
5508
7860
4713
8250
5488
9106
7533
6504
1234
5796
3530
7943
2031
4274
2091
538
1699
2217
8502
2107
1026
449
4173
1446
9900
1558
5075
9364
764
2941
8166
7
6833
2677
2414
2562
9078
9650
9701
5704
6909
2454
4784
3915
8393
2227
3161
4751
4467
5489
2272
7263
1232
631
2285
3725
5717
2697
3281
3326
1712
3118
7535
6910
6272
3751
4456
1333
4402
7766
4273
7745
1305
9905
3751
4075
5312
1085
2926
3871
3602
7541
218
3794
7124
1364
2428
3770
2676
2205
5013
6235
4583
4905
8064
5511
5365
352
9893
9783
7410
4339
4200
8228
2950
9263
7257
2472
3432
6022
7080
9335
2659
745
964
4068
1930
2646
816
7114
8577
3120
9081
3046
941
446
5428
2255
6045
716
7565
210
8596
5267
3020
9805
9115
6828
6528
6876
8745
3379
2857
3899
106
959
2003
2131
646
1177
6445
8627
5052
46
3629
2130
5939
3529
1701
6550
8178
6386
4411
1013
3647
9193
2873
3077
3203
7489
5056
2682
3406
7375
5539
2965
7817
5660
9053
1385
489
5202
8285
5662
8973
894
4172
1671
3666
7888
2064
3334
3035
6761
8737
5364
5296
1530
8549
4229
5557
1030
9421
613
9095
6624
6780
9145
9477
7835
3449
5305
1245
363
4338
8835
8415
7060
392
4323
4529
2396
253
7946
1537
5875
8069
4489
8915
8366
4223
3563
7076
7148
2798
2088
7390
3077
4447
113
7531
266
4408
78
9019
4659
1225
4080
1278
6125
4091
3413
4604
9000
9141
2229
8675
4837
9241
9346
3316
4357
3654
9989
1510
6307
8545
6639
8312
8945
6127
4124
3109
9300
4117
703
7736
7342
5289
9394
7802
8641
6435
6288
4606
2262
1415
3533
953
3801
8088
8371
670
5352
1464
1973
5976
3492
8278
3496
3405
4058
3286
5044
3626
1936
6749
3570
2771
7380
3194
3019
6263
2127
5991
2091
9762
6921
7932
4568
9238
2927
2958
7015
6568
1582
1500
9326
5422
1776
4397
9988
5599
5951
6900
7629
7106
2230
5835
9421
9041
4312
1769
9654
2342
506
1274
7130
5810
3670
9132
3344
3216
363
5703
1904
24
2533
4867
8833
7634
1307
7282
5884
9903
5661
1125
5870
7983
4083
63
2862
2871
7416
8830
7476
8324
291
9593
5961
6507
2285
620
3943
5333
63
3925
9171
2145
7331
6746
3344
3843
8511
7749
2701
8983
8730
3324
5570
8922
4431
4955
160
5613
1500
4037
6345
745
8469
6605
7680
6259
4910
8942
1157
3413
6018
6199
23
4872
552
940
2157
7058
9593
7353
2948
1584
7650
3737
9503
4021
3754
7983
1124
5341
2765
9083
1530
4347
6728
1315
4194
4336
551
5950
2244
4570
7173
6805
2123
9063
2225
2788
8498
1364
2530
9022
642
228
7505
2701
6575
4085
5707
9043
1913
632
5484
9170
5186
572
4202
1578
1190
938
2131
167
5556
4237
9336
8234
8996
4781
2214
7034
5777
3629
2045
3563
8460
1619
9403
3966
9865
4744
9762
4469
8792
3917
3945
8864
1986
5982
7512
5432
3702
570
2357
3126
3338
7430
6532
8641
8119
7561
47
2721
7852
5500
3310
8470
6774
756
5089
2071
1204
8726
8858
3784
6776
3701
5648
8312
1423
9854
4393
8037
7714
3755
2959
2372
3377
3974
6262
6881
8785
7873
9565
1056
8817
4136
6443
4835
665
1631
6557
1706
8598
8359
3770
4712
2730
6587
8841
3844
2370
392
805
4523
3834
5213
9609
3357
2149
8605
8491
2183
2375
5934
5529
4426
2290
3579
2648
1989
6285
3775
9403
8850
5667
3057
6603
907
9973
8853
3432
2278
393
3177
4800
7123
7678
561
5743
1886
709
7729
5228
1591
7313
5188
8338
55
2329
2064
7325
4415
5143
6747
8280
657
1259
5143
3408
6012
2229
2343
1070
9304
4647
1551
1473
8899
4293
2545
7648
5368
7337
1109
9091
9419
7808
5741
9837
425
7377
1666
9606
4121
5970
7318
6079
9668
7735
1444
8300
1244
1770
8050
2384
6410
3021
7527
2796
2962
435
5379
9525
5893
6904
7838
7716
8432
4953
5253
9193
5229
3829
4684
3640
8957
2842
7375
2468
8882
2679
8026
4444
2854
3166
206
7857
8941
27
7217
4576
7079
7652
4370
9588
5179
4732
2717
6164
5438
2927
688
3282
4584
2717
6706
7486
8585
4180
6946
1693
7649
4136
2968
8516
2744
9174
6099
9339
3811
3981
239
5525
4098
2941
5211
2131
5678
6774
5995
9437
1329
6042
4057
1057
7983
1348
9967
6716
5694
9287
4497
3659
9282
607
2877
3026
1514
2831
8601
2012
6992
2894
3136
3965
913
2142
8931
7125
8480
8016
7699
9442
2171
7016
3050
4252
1967
9012
8394
8509
6183
352
6493
6715
4814
821
9882
2267
4450
4905
9583
3135
8117
6982
6475
8877
133
3404
5201
3946
2241
5155
6656
9961
4779
3235
4094
3829
7349
2404
2305
9267
9047
455
2881
558
1155
6393
1294
5930
2993
1401
1600
6312
6430
1749
3232
2348
4893
6155
4023
1146
3677
9617
5762
4873
1591
2681
389
5222
8065
5800
3421
6515
9562
6453
6159
6043
3678
6021
8267
3860
8783
5064
2783
1978
9087
7920
7626
4076
4317
763
4435
8979
9434
6806
2946
3624
7213
6810
2279
5255
914
3406
2514
9533
9096
4075
3796
9114
1533
9088
6075
9706
577
9200
7129
1812
9086
210
3059
3004
5104
2923
4527
1061
1676
981
7926
6428
4476
4828
2757
1293
4268
6688
7881
4879
6139
1362
2288
1627
1094
4149
4492
8216
5743
9908
6704
4066
4427
1391
6345
8383
8196
958
3243
7817
1766
5258
8789
6933
5532
9012
5600
4180
7068
3746
2789
4148
585
4863
7700
7012
1065
4567
6147
640
4374
9948
5382
3985
9590
5782
9535
7377
440
8784
9777
4274
7857
8483
9590
866
6653
2996
1918
6151
9802
6964
752
7139
7511
6790
8519
4142
5743
284
3331
13
8446
7989
1792
6661
5695
5706
6703
2231
747
5218
8943
2465
3213
3135
5427
4369
9886
4529
529
8230
6496
3850
5214
4489
9829
6273
4616
9062
5596
6636
4212
4433
7727
2726
8230
2575
6113
9282
7395
5891
2046
3762
3567
2127
4328
6641
1692
608
8226
8798
8623
9808
2183
3723
1749
8382
7014
4132
9197
6863
8695
9443
3691
3071
6415
659
5154
4303
3147
1548
3981
3504
6814
3614
5131
4890
6382
5011
5321
5075
7476
4230
8568
919
545
8887
9355
6206
7332
7072
5125
7971
1384
9537
2277
445
3021
4735
1326
3651
1348
2908
415
9657
5996
9007
7685
4171
2106
3403
85
5391
4317
4995
2755
2948
4348
6962
1599
9025
1537
3325
9279
1841
7356
7926
651
8052
8455
9362
8340
4631
8986
6550
4083
8381
8352
3489
7984
771
9137
5244
8840
8486
2379
8896
2813
8747
7908
2638
3110
3447
2469
3580
3642
7815
1523
8847
7182
9775
1278
9589
1445
7299
756
2535
709
3190
3661
2528
6105
8488
1639
9124
4340
9357
556
7616
1138
137
7004
2285
1362
4382
2273
818
2516
3907
6387
7530
4367
2060
2628
9173
1147
239
7492
1870
2093
8838
855
9267
5198
6648
8927
3677
2065
924
7367
9563
6194
4466
1080
7158
4111
2365
2974
1491
4502
3011
1214
3952
7610
4366
682
1367
6066
297
5665
4427
6639
841
9163
2314
8
9238
187
8207
5363
4582
3805
4652
3715
3793
7066
2752
3597
1902
675
8046
8179
4610
2311
1654
3774
9822
7829
9177
1879
1989
6494
4089
6337
1549
9421
3955
7616
3128
5282
2654
3434
443
6063
1509
1758
5947
5513
7198
3737
8106
7082
9679
9387
7275
8424
932
7469
3604
5001
3148
9892
9717
147
2347
3417
2887
4474
1299
8634
6507
8713
4113
5985
5461
8874
5255
1010
8269
8075
2440
5022
1995
1759
5356
6913
9922
5012
1263
4824
9535
1046
598
551
8794
2998
2016
7440
4657
1187
6940
3920
9575
2880
9122
4071
8371
2212
6109
8940
6779
4766
5697
8802
6249
1476
3063
789
3284
8297
4322
7376
9894
2768
9397
7992
7990
7017
2437
9543
5932
5564
7086
703
901
6695
4851
1921
3010
6768
2602
8370
6702
9302
5495
8571
9945
9172
7162
6465
879
2245
739
5874
7956
8642
8601
9177
6031
8857
1345
7235
7249
4847
8951
3956
6117
9546
2643
560
6213
8256
6818
1643
176
2102
8332
4211
1607
8547
3618
2127
9248
1990
907
9427
9793
3040
7083
1265
6272
8683
1564
4154
1236
71
3236
6402
6415
5180
8243
6203
3089
5721
4816
6381
8797
5619
5500
2060
2804
644
4049
8373
5368
3229
2458
2180
2086
9289
6055
4373
2146
7169
2685
2806
7435
5867
6513
1894
4924
2604
7784
6188
9857
7078
364
5470
8046
3380
2021
1953
1845
9947
9082
1515
2791
483
1679
2521
3502
5765
7065
5812
3747
7267
8117
5451
8438
8315
6824
8509
1887
8581
4475
9878
5099
8114
4066
1416
4577
5982
4891
2300
8462
2917
9147
2951
576
5170
6841
9052
4571
3687
5167
8071
6724
2220
9043
5926
1165
8985
3811
1792
3418
4850
6975
3222
6216
1842
1277
5406
1565
3330
6472
1446
1786
4687
5876
4177
4893
4569
2312
2704
5483
7951
1412
2655
1850
9869
3220
283
5706
3764
4427
1372
4344
5596
7968
8900
7554
299
2839
313
7534
5275
6208
4430
7438
2214
745
3734
7640
129
4381
1777
2970
5573
2694
9140
5550
6386
9288
113
7962
2006
5484
9971
7307
3518
9359
7044
4153
4735
6236
2774
9105
7919
1209
4564
8581
8807
4560
9122
5451
2816
3736
974
7520
1577
6138
8748
2438
6295
2470
8537
8190
9867
4042
1422
5181
566
8073
6228
9064
5459
1070
664
7820
2639
8508
9441
7489
2683
5269
8017
1889
1525
6668
5994
5079
3246
5726
8223
7436
298
839
7538
2677
6982
6383
3518
7666
3815
2293
3945
2260
913
4533
7043
6504
8917
7877
8015
1902
5415
5041
1689
4913
2981
7391
1924
1099
9164
7710
4321
2492
3748
1177
9822
3566
7307
7790
3015
3604
2431
7718
7998
4646
9007
9725
9384
5128
9155
5236
5565
7228
3401
6696
8309
6299
2947
5862
8728
6783
1792
4295
4505
2772
6511
7581
283
2023
8267
756
5454
9969
2145
7522
9853
1412
3038
1574
4366
7317
3690
7262
3353
5911
1798
2905
2540
3403
6041
3952
6541
6552
4736
7377
2072
9444
1837
1998
3983
8250
650
8813
9
5584
5472
6445
8276
1453
8472
6889
9688
7267
1573
5607
69
7171
9785
9499
2452
7438
921
4073
8373
3900
9405
2520
4828
8429
8178
8863
9197
9699
9154
370
1012
5728
5491
7868
1618
4271
4182
1671
2223
4834
3972
5443
8154
5832
5935
2318
1389
7765
6250
3548
2859
9969
2786
3233
8220
1151
7218
5461
1385
5632
531
151
1938
262
6301
8792
5332
8031
9517
111
1986
6040
4675
1405
2441
4780
9869
692
2697
3977
6307
5544
7636
876
2167
7655
4847
2849
3833
6527
3377
2105
6128
1651
4096
2085
5765
8270
4757
1492
7679
5531
2326
5310
2329
5926
7588
513
2758
7467
1346
8722
8790
3745
8972
4458
9966
1531
5720
6848
8504
6091
2283
8048
3899
1032
8044
3641
5590
3399
6607
2241
7711
630
4653
4742
408
6413
6345
4863
1323
1195
4561
2962
7212
5717
6395
7094
6325
7273
2623
4704
9639
4224
5288
5453
4983
5528
9420
9285
746
5604
8770
4060
1221
8697
5677
8603
349
1606
9349
8127
8556
3479
635
3431
1012
5351
3811
895
9369
6500
3297
6229
642
8862
3685
7356
7970
6561
1700
3733
7957
8292
3940
5182
2188
7851
5075
6652
7785
3110
3966
6996
9547
7270
8682
1431
433
7024
1169
6933
9353
2479
7873
3031
5764
2365
8059
7854
5506
9687
3494
8558
3855
3231
9009
9219
5370
738
213
5367
7897
7774
2807
6407
1509
139
3979
194
2183
1668
530
7872
8448
2593
5733
283
2277
7582
5779
7114
7627
7452
5066
3237
3678
7990
7309
7018
1444
1558
6980
398
8271
3985
1385
2814
6539
2273
596
7573
5145
6599
8647
8222
3269
3748
1320
9760
4029
521
5208
542
513
8928
6189
464
1070
6782
8790
1815
5118
5275
2021
7068
929
5653
5092
1331
4573
4087
6743
4836
806
4259
149
1223
7671
1867
627
8836
2133
9801
1895
244
1260
2544
2930
1740
5410
5100
4855
3336
6654
8857
4244
8394
7865
5681
8316
897
6805
5640
5919
9774
7468
1555
2319
8609
1810
2622
9883
2486
8356
7028
400
8717
6397
7539
1294
7973
3824
3980
1306
5350
2604
9355
5435
9079
2406
1936
5070
1270
6364
8740
28
9279
4492
8051
5050
499
8114
7674
4196
1497
622
45
3946
9274
9608
6238
9584
8894
2487
8008
4858
7029
3387
8085
6649
6495
7785
1151
9989
4853
4677
9094
2278
659
1715
7880
2968
143
9482
5062
8696
7504
3247
134
4998
9876
226
34
2973
2779
3991
6067
3425
2275
8111
7788
3783
453
897
2586
6598
3178
7700
6679
6818
8996
2627
5342
2615
2802
656
8675
1024
3172
5547
6755
7289
5196
9136
5638
9088
2906
3067
3130
3201
9501
8813
430
3712
4178
8972
6553
7193
8431
9340
4684
597
7015
1539
5050
2517
34
8583
5490
4871
8151
9335
3290
9299
7649
1676
611
897
5722
1254
1485
9567
6041
970
498
4368
4508
8719
6387
5007
9864
6352
617
1468
6458
6691
7182
2471
6256
9453
4361
9361
6282
4516
669
8874
1233
5679
278
7416
9838
4171
4690
5168
5235
9003
3555
9623
5898
4189
873
5449
2513
1942
5122
9250
1118
758
9537
3561
13
8290
3180
4743
2840
9134
5796
4481
8543
2210
1039
9451
3922
9559
454
3762
2446
4443
8136
4405
9225
7154
2535
1789
5104
3869
9956
6134
557
8233
5968
3134
2084
4931
4713
9763
6507
5422
242
248
7370
7109
2692
6219
4956
9528
1117
5422
7774
2136
7675
6517
4515
8873
1567
6519
3330
1103
7901
4429
9276
1560
1049
9770
8384
8947
5006
3084
2355
1782
1171
4721
2495
1198
6502
4804
5502
6583
255
8576
5565
2861
9356
3790
1464
4740
8185
1238
7429
6965
8902
4288
8980
7426
2207
1352
5222
6051
2921
6616
1035
8962
6494
3459
4950
5648
8664
5816
8382
7735
1383
4672
4061
606
7056
5532
6043
3643
608
7871
2855
8403
3308
6806
8547
4872
5317
9754
7099
5803
7189
1242
1620
2375
4053
7830
2281
4710
4962
1762
2302
1926
2230
6707
9120
8243
1583
6619
3344
2217
784
1805
6945
6288
8972
8825
5928
6774
537
2266
691
1878
6676
1922
4533
6696
953
5102
6844
6365
7489
6889
8739
9311
5489
4648
8714
3532
6569
1255
8331
6621
7449
8419
2957
86
1538
2365
1548
6062
4797
6475
8062
7668
5840
1997
11
2040
2448
6018
4866
9223
9350
7681
4795
1015
1128
5899
5644
8717
1243
7714
490
6304
4807
559
2686
2281
7064
9861
855
3217
6831
4949
4699
5052
7736
9156
4888
9541
5202
5763
8617
3397
6317
2521
5282
6016
7345
1688
9141
6561
9301
77
5197
4034
7761
950
7705
3074
7600
3785
8026
8436
3696
735
8352
2556
4977
3114
5670
7655
7460
9978
2772
2269
962
7761
133
3970
9569
893
1189
7126
2954
7016
9041
2336
2080
1026
4924
8355
8790
5467
6369
1067
7127
1367
8897
4103
939
579
9245
5872
4167
7896
3936
9540
8835
602
649
9711
1829
3717
7441
7816
6852
8105
8558
7509
4237
2959
9599
6333
3676
3752
7266
5720
7488
3280
4536
3135
4078
887
5798
4419
7541
9240
4951
4607
2783
491
180
4071
5269
6372
9294
5256
9560
2848
13
3914
9039
3502
6225
9156
2664
8785
1923
7511
6914
4420
1385
1490
8312
6720
4327
9214
2686
4353
1085
9825
3964
6266
8717
1360
2064
6959
3482
4327
3261
1907
7503
9790
7747
5834
2228
2850
8554
8580
4896
3767
713
3158
8455
1280
7354
714
2650
7299
9913
1196
2142
8492
2890
512
4935
7249
3266
1544
9135
6361
9763
8977
5110
8279
5366
9996
5156
2385
5682
1307
6046
1914
272
9201
5059
7346
6349
4171
5649
5033
8309
7377
7531
8607
1185
6773
4439
9930
4773
4692
5849
8752
3865
9896
3672
556
2123
4641
8258
8120
1617
4575
7178
9043
9779
9126
5041
9026
3968
7153
89
1914
7795
3800
4340
7561
23
3754
6696
1293
5938
2780
9836
720
381
2936
523
9093
1439
6155
3066
7428
5830
4930
2208
8222
1712
9785
1915
6108
9034
949
5492
6495
3719
5015
1340
4664
4968
1758
6837
327
8303
8583
7292
6424
6467
3489
3214
6991
3043
7939
2169
47
1318
3591
8347
4566
7570
2613
9932
1343
1978
1084
9827
3569
1278
148
538
4918
7360
4174
2726
7403
6643
2528
4639
8948
3965
8051
7642
6660
4244
3121
3750
757
7482
271
5969
9847
9436
1196
9808
6000
4046
405
806
6637
7076
3989
5934
3936
9011
1206
9030
7779
6476
4240
9241
8133
5578
3906
6784
5316
6648
1740
4568
7715
2674
1869
3812
3879
3627
7027
2928
1555
6217
7805
50
5876
8721
685
3707
9745
1501
4961
3431
8670
3755
6380
8112
9105
1718
5279
9218
8446
6713
7506
6151
8186
5988
4124
9507
6849
1475
660
4124
522
4039
6582
1611
5956
7582
2739
6316
4909
5798
4421
7347
4188
823
1375
3919
5098
9661
403
4078
3758
1143
8303
509
9162
8501
7091
1224
1482
3429
4978
1896
4468
5003
5468
131
7099
1735
2897
853
5742
9747
4004
902
9230
493
5530
5102
6963
539
9494
9161
5758
9947
2689
5841
321
2312
3578
6555
1294
2873
1554
1264
2450
6637
4232
6036
1569
5922
2446
2477
2212
1157
4787
3120
1387
3367
438
2072
2751
6788
3705
9000
6740
6913
2851
8479
5076
6807
40
3732
1928
4490
8770
1273
7469
585
1960
641
3398
3810
527
665
1970
6231
3365
9237
901
5483
1958
511
3743
8713
8582
1384
8561
4744
8780
4408
3963
9139
6231
798
9971
4844
4405
9347
1653
6674
2737
773
654
9263
5072
5968
9458
3169
8580
6263
8031
981
4401
9976
8800
3951
9722
9234
1751
3876
1917
729
6709
5100
3937
7979
2450
4616
7129
2645
5936
5215
4750
5904
7454
3496
9730
7369
3083
1391
2514
8652
4918
8715
8180
7009
3718
9323
5739
7028
179
7730
2914
3837
3397
5952
8724
6719
1215
4369
2167
1685
4014
1220
6016
5956
3377
2695
7642
9105
775
9145
6946
6368
8444
4504
8262
5479
7391
8976
1774
4196
2241
7151
6629
3224
3794
4258
5875
8461
1102
2082
849
6373
2982
7089
6535
8926
7332
5702
6128
2232
3032
2689
7905
5852
1975
8724
2792
161
8125
8944
9152
3432
3616
6148
6091
3457
1807
5320
1278
8938
1883
1258
748
2770
5379
8205
9267
581
3212
7989
3195
962
577
6423
6720
6721
6510
3766
5387
2006
5081
1429
107
7189
8696
2654
820
2364
3093
9747
8884
5967
8621
4208
6005
4950
9051
9376
9909
391
1002
244
4522
6063
1065
3277
5642
2570
3686
2029
9670
8473
1449
3359
9631
5907
1384
3108
933
9961
8588
5049
7634
7380
902
9951
8258
4599
7999
7361
7117
1554
8951
1741
9691
8910
8596
4226
450
1208
7631
4011
2379
5684
1400
8349
3277
3405
794
7791
5674
4858
8675
3250
6565
7109
3630
7336
9526
7450
6652
3292
422
9979
6431
830
3581
3587
5635
4728
7066
9955
4947
539
9562
4088
7266
7553
9241
1444
9806
2572
4676
7629
2122
8812
5134
5232
8406
2829
6759
2627
4324
3172
5127
9191
636
9640
5021
3382
6147
2619
5433
7902
898
3759
3152
2360
6276
6887
3619
3396
1922
5714
1974
5111
6353
9970
8586
2479
3315
7593
3752
810
9879
2466
5359
1527
954
5906
88
6563
3155
6251
9176
9652
243
7279
6628
7694
4922
25
5657
3329
6317
6729
7279
1238
1288
8909
8276
4163
6759
6092
7861
9991
6932
7464
2983
8375
5843
7280
5036
3046
6022
9032
98
1894
1276
3218
6652
373
4482
415
3382
9631
24
9901
4422
5773
9391
2654
3352
8711
6353
4352
3999
8306
3818
7273
8936
4199
7584
1493
8608
8223
8991
6549
8128
7522
958
3074
6156
103
4717
5515
9427
6243
2599
9717
9826
1762
3144
1053
6012
1541
7980
1517
8946
8654
1286
2873
2228
7745
6173
9091
7690
311
1674
966
5293
4464
1785
7905
3556
9247
1952
4928
724
1660
9827
9674
3523
7636
6266
3741
5822
8252
8594
5710
2104
1432
4708
245
9484
7048
8572
2441
3271
4113
3123
4494
9839
2765
6070
3874
2708
9516
4055
4979
6225
4625
2228
776
5383
5598
5645
8971
846
6542
5810
2072
6067
4137
465
8986
566
3105
7605
7496
4632
9848
2280
3595
7079
9172
48
9789
3863
9784
4899
7413
7371
6372
9601
3186
7935
7044
5526
6770
6387
4935
7195
4148
7017
398
1275
8883
7037
1448
184
8884
4601
7339
6659
5855
5328
8616
4287
6581
405
1385
4039
7031
2072
4575
6251
22
1305
3522
6563
3993
3413
9385
5952
4336
5999
9653
2254
4931
9564
3343
1289
4214
4382
2165
877
4132
5110
5950
847
3964
8030
1117
2976
4060
8153
2791
5507
3393
5659
2751
6660
2436
9813
371
6046
2032
6376
8423
6522
7755
8746
5775
4374
8874
5220
7176
6501
9368
8645
4612
6821
9535
5363
363
6158
537
8487
6716
4115
6525
4481
6591
7701
5912
2736
5072
5095
6700
5380
8093
4153
3872
5100
5899
828
2728
4053
6487
589
1555
1545
4490
5503
1255
7293
8010
5257
9309
2857
9174
5802
3439
2013
1403
1067
1777
774
3235
5250
7685
1305
1201
9067
3609
8363
451
4228
4353
9402
3029
9714
593
1919
7006
7571
2784
3985
1447
827
6633
9059
8612
6414
3123
304
9652
3231
1981
107
4588
7843
9797
763
3690
400
7836
9917
2930
3235
8971
7412
3979
5419
1287
9129
4093
642
4224
1436
7842
3709
4413
7800
6648
6572
7446
4365
8628
7896
6535
4899
2093
833
9356
8643
5348
9287
7535
2942
3680
7329
6264
9586
9330
3241
9477
4504
4783
405
4121
2722
819
7727
9006
1570
1905
6522
5856
1778
2965
987
4354
8520
8803
6602
694
2569
7202
1569
5763
8415
3096
2730
657
4295
2432
4340
184
1799
1286
7499
1639
5523
3928
6368
5101
9319
9332
9521
8215
5101
682
3655
8277
3211
7660
7326
1338
922
1354
5654
7473
6306
3011
5028
426
9472
7195
3414
5553
6801
5020
3475
2063
2619
7694
5387
6375
7292
7944
1108
7093
6688
9545
542
5932
8837
4945
4776
376
7978
7676
449
2079
1201
5832
4443
4411
2203
6700
2807
6691
6131
2866
2198
2293
6982
4438
4256
3
2048
597
3987
8686
4750
2040
1576
5210
8314
3862
2950
6171
6855
9162
8236
5291
133
4176
32
546
7786
1000
8074
7385
7810
6433
5703
1462
8362
1408
2901
6856
4716
482
4707
1556
7699
3765
86
3888
5111
7925
2161
9199
1957
5746
9103
327
8179
1916
3062
6207
306
3144
113
9949
5396
9885
2020
8172
6289
1412
3737
8536
9075
9815
9383
2730
9009
2682
7406
2507
7273
5361
5922
8622
3704
5386
3486
4383
5655
2567
8919
1198
5064
4586
940
9254
4236
8280
7137
2127
9764
6616
1147
3790
3046
2259
950
4669
7589
2503
3135
1944
2522
3094
5313
8094
2269
8047
3784
2673
7326
9211
2231
2140
8706
8017
7859
9309
6189
7122
2897
4944
5309
6645
1845
1629
6145
7033
3079
472
5076
9214
3632
2168
4128
4736
1557
3285
6688
8968
7115
1902
3897
4896
7920
302
1026
465
3757
1812
6268
9169
5073
8371
2966
6940
2846
1962
6838
2055
2942
4756
1486
2884
9411
9554
3149
3017
5863
9409
3777
6925
1915
6878
8433
4722
7416
7586
4850
5860
3635
1449
609
764
405
229
3642
714
3420
2504
8112
834
4553
8513
9570
7282
2473
1122
3108
6013
4657
9029
8714
8162
6838
4361
4419
7990
7499
6526
6537
5698
7839
2459
4594
8197
5044
2879
1218
1592
2900
1284
4512
3425
7964
6920
6379
108
3164
7571
3740
5031
6734
4704
3480
9716
6577
7670
7035
7332
7954
8644
9096
4479
8402
9823
9418
1272
6119
1031
999
1378
3450
2518
9580
2648
9785
4910
189
3140
8805
9272
1143
5271
1345
2040
1428
2474
2957
9733
2042
796
6333
2692
7790
1547
7137
2932
3987
8789
7162
5633
1423
7463
7543
2540
9366
2042
50
6861
589
6581
5165
6157
1177
9225
9945
3808
201
9831
364
5072
3761
7141
9064
3546
910
4434
341
2464
5307
8447
555
8262
1687
2643
9718
8901
4549
164
4739
5951
5737
1963
4493
2800
4673
2427
1638
1312
8606
2650
5105
2078
8904
2160
5442
7359
6586
7999
622
605
4843
1309
5416
7735
2194
2226
6526
9593
6358
5737
6435
2281
9132
1622
4247
5189
8406
2799
573
2227
9650
4003
7748
4017
204
9499
4816
5343
5610
2427
9001
9843
7690
9423
6784
4074
9638
9662
6766
214
9089
5483
8724
6396
8380
7520
3616
5456
5762
2420
2787
9788
8350
4120
3058
3632
7330
3546
6280
3129
6498
2133
6868
2707
3594
685
9548
9026
2423
4311
4068
2282
1174
1786
6962
8735
4122
830
8681
5361
3377
4642
8886
5458
8036
6106
5151
8159
4768
1427
2791
2093
6869
7634
4874
7561
9619
9951
1873
3935
4757
6156
6032
7653
5414
7243
6401
4380
290
9201
7042
6331
1443
2469
4211
3565
6906
6370
3226
7466
9900
7593
4295
9458
8651
949
5875
9907
4002
8833
4695
7607
5932
1804
4288
8589
3056
5697
247
3540
5058
2257
8144
6155
8955
3557
5196
8896
9830
7835
409
3082
6659
20
5703
4930
6278
6265
8704
7503
5014
6451
6768
9354
6504
7746
6937
2497
3544
6109
9764
3581
8255
6646
9046
9049
2541
6030
5489
3616
4853
6230
639
3833
5548
406
4844
768
9531
8844
7332
582
4980
7669
643
7534
4894
2284
5938
2028
9237
1660
311
7646
7160
5779
7433
994
9537
3876
5916
3402
1999
5959
2542
7134
6723
7881
4005
4741
1424
7147
9188
5586
3045
7440
634
6838
8872
774
9598
9716
2000
5427
3985
7342
1526
8337
8218
5971
1289
62
9183
2283
4573
8339
6059
2793
8893
4900
2584
8800
6020
3309
8226
1825
9309
2307
2697
5248
3414
1883
1822
4763
1252
5681
4657
8686
7634
7516
3237
1991
6928
6898
7087
3219
9689
1149
72
7036
8109
7563
8256
4386
3685
1916
8133
3038
4501
7093
283
7827
2466
6899
2442
739
6233
3247
4780
5298
4504
4761
1065
6072
9595
4354
3280
8406
3549
7496
2734
3650
8936
3430
2700
1915
4419
292
6538
299
346
8739
3109
8843
4131
5796
7828
2241
504
9075
454
7705
8435
5986
7384
5593
8275
2995
9639
9265
3224
8335
8068
9793
3281
6344
8714
8266
7462
5336
350
4186
4588
1763
6776
4587
1236
4164
4782
9690
5292
1918
9907
1210
9501
5551
5067
7319
7055
8702
8954
7427
5095
4831
8465
4855
3345
158
4047
1066
8339
5963
3441
460
6545
7647
6127
523
3859
6624
3402
1370
6770
9810
4021
2997
2175
7648
8016
9073
5863
8866
8105
9050
6366
4917
8304
8653
8557
2693
1501
4589
974
585
3007
8433
2214
1135
5568
9769
1729
5706
189
6624
1021
6121
6499
8987
4990
2443
8359
3128
6806
5137
3032
9107
2257
4987
5274
6492
3317
3031
286
1284
5744
5054
5511
5188
8281
577
946
3406
8335
8951
429
573
742
6015
1011
2389
5298
7413
1886
9191
1609
55
2121
4658
9955
3940
1541
6049
6337
9902
148
6558
4936
8611
4175
534
1932
7264
9559
1868
6278
779
3553
870
261
6535
200
7192
170
4867
8439
9545
85
7061
3717
3228
7942
2053
5617
4416
4859
6043
293
8181
8267
557
707
5641
1145
6862
6781
5499
5068
2115
7472
9822
4140
4355
1614
8614
7112
4967
7907
6105
4087
225
6102
4926
8576
9959
4624
8697
889
6682
7335
4255
222
9742
4340
4637
8523
2747
8488
9263
2840
1265
1
6957
2335
6644
6735
9508
7368
7279
6034
942
8376
2559
1131
4161
7220
7410
9395
3434
6272
9075
4319
5571
567
3899
8966
8748
1679
2441
2990
9671
2405
8382
48
6738
7646
1669
8693
1891
6043
887
773
8157
1742
308
2205
4806
291
7160
6865
3160
4747
9427
2285
9032
17
582
2683
6652
1914
1305
7346
2339
1133
8734
7470
3403
2798
7326
1501
1722
9783
1141
881
7188
5134
409
3649
634
2301
5302
2137
2463
5809
3730
4743
2304
7759
3942
8715
963
671
2974
9798
3677
2582
7492
2473
2007
3155
6205
1496
2847
676
3650
151
8087
1840
8267
3302
767
8660
1746
7006
570
2985
6453
8866
260
8332
3331
8487
6437
7857
1511
7125
2898
6859
7656
6058
1625
4450
537
6651
1047
9276
2576
9245
2867
3439
1179
5586
7049
6917
2883
8249
3968
6554
2780
9495
2957
708
4468
6204
4161
8554
8275
8758
1536
2206
1671
6554
6893
6187
6273
168
6475
4536
1815
2512
5251
8523
6086
6156
9806
915
5602
2768
2013
959
2136
8203
7706
4263
586
6507
5626
388
3504
5294
5313
5550
2182
8746
5804
5932
8980
2183
2581
2085
6694
7197
7602
9196
3003
7849
8791
2771
9176
1344
2031
137
2704
7157
2487
7015
5051
6862
2034
7455
9371
8319
9828
9915
2652
6185
9454
4411
5001
9815
8279
7852
7852
1454
8808
9399
8970
3
2898
7695
9038
93
4196
9729
4125
9488
5816
159
4316
4454
5678
8837
6808
8154
8245
5678
9510
1629
6541
8203
3399
9838
3788
1096
1618
5294
6178
6945
5644
788
4893
6406
5590
4313
7113
8225
2431
1381
4342
4513
2497
4313
7826
6784
9167
4189
3226
3185
365
7109
3312
5938
4271
9160
966
1240
7011
2671
1406
6641
3340
9889
466
9511
6193
1679
2547
3183
3353
610
5195
9346
7152
9073
7143
8486
3503
573
8929
6054
3571
9409
9588
1133
7371
1715
3786
7577
141
741
7514
2743
5987
8284
9530
6616
7575
4068
3576
9344
4781
2206
3719
2458
9641
760
5339
8147
2816
4165
8101
3190
3899
2374
540
6091
4006
5912
4367
8561
4690
2841
3910
1170
3987
1684
933
4500
8795
4194
2712
8671
7969
4053
3576
1187
9192
7450
3956
3090
1219
4248
2511
2603
5473
6561
3428
9026
1722
8961
8158
3355
5846
6074
5287
7017
3561
6894
4762
6532
6627
7958
5570
2743
5386
9900
3836
2317
4906
7908
3695
9881
5803
2961
6475
2022
3015
5278
4545
9649
2437
5315
1863
5685
4151
8345
7324
8876
9679
1998
192
824
3006
6739
7591
2638
1725
242
4938
6580
982
8484
3709
1396
2715
9073
96
8169
845
8845
1574
9110
9763
5860
5666
671
747
5605
8289
7700
7743
8909
5253
457
6218
5652
2788
3632
940
121
8698
9033
6958
5729
5879
1427
6433
4558
2743
1571
7109
4980
3017
7228
4556
2781
5641
7258
6182
7738
7737
975
9824
5335
4389
8303
7517
2189
5976
2961
2292
9177
6911
4592
3567
2227
2485
9459
5673
1047
330
6613
8610
274
1439
7951
8040
7286
8884
9069
2135
9808
7831
3007
7340
5905
6946
6614
5974
9164
8140
5794
6204
6510
3885
6031
4719
645
5694
2812
6924
3993
8894
2522
39
2830
3476
3830
6774
5124
2216
7710
7926
3596
7609
9171
6055
344
6552
7365
5801
1368
4588
2158
4227
7306
1245
1667
2532
181
6132
3115
9951
7647
6659
63
7565
9412
4401
4628
6651
2858
1773
5908
6123
7215
5431
1170
5444
7966
5707
3813
6414
2268
3782
7042
8687
2032
2346
4911
7260
8732
9601
5575
8914
4541
1539
9994
884
2754
5805
6013
7649
896
1357
4311
4882
2178
9876
1536
7292
1105
371
8203
1647
1222
2534
7588
9958
6741
8427
9103
6341
462
4177
2031
4742
4407
3034
2337
1769
4462
4426
2191
91
2963
8151
3630
9691
7153
8604
3721
3513
8700
5569
7909
4518
1028
6847
801
6210
326
4607
67
5173
407
4450
5360
7523
2967
8900
659
672
8355
5545
5948
203
1474
4767
4670
1200
5806
4621
6357
9710
1279
8347
9309
3806
5030
8471
3263
1130
4918
7772
4591
4876
6848
1139
9230
2874
4168
3599
4260
3622
4347
4831
8470
6157
783
1922
487
6637
4483
5451
1732
1154
302
7507
1509
6095
6624
7254
6773
3486
9054
7747
1096
7088
6395
7256
8711
1499
1540
3192
6120
783
794
7620
4352
9904
3478
3863
8121
347
1697
3635
7843
5276
7142
2053
2702
2352
4381
9283
9431
3100
9687
1234
4292
5635
1943
9138
5509
6666
6722
7441
7411
2170
7240
2236
6252
7076
5054
1568
9030
7909
7855
33
9081
7009
8230
3565
6574
6220
4561
9236
5430
612
6282
2187
1292
8455
7920
3432
8283
9427
1170
5701
8152
4435
9110
7978
4769
5913
715
4904
3517
3253
9638
5756
7650
598
3789
9149
3558
9418
7380
7255
1500
8210
317
8137
4888
2983
8253
2386
7119
6510
352
866
2128
4782
5756
8625
9990
4471
3407
3975
6712
1509
9174
5095
5637
2543
8378
566
4677
5194
2510
7394
2788
4585
6097
1312
3433
2604
4573
7010
8636
1003
9088
8991
7632
5255
7994
1676
9231
3198
368
547
2906
8275
3886
948
6952
2915
7148
1918
7243
8994
7945
1454
3113
8384
1249
5
9815
9767
5678
457
5776
3837
6921
8359
7252
1768
7607
5841
4649
1599
7240
452
9308
6449
6732
4804
7094
4691
1211
809
9853
1419
2655
6831
6419
2341
6798
9874
3846
5326
2921
3373
6751
1506
4251
7269
3151
77
4765
7869
6373
9606
801
4852
413
7963
8828
6568
6225
4775
3350
9270
9914
9693
1090
8886
7413
2041
2753
7496
1491
1978
4679
14
529
7970
2345
3025
4278
5057
2765
1850
299
6669
3674
1679
6436
9113
2286
8068
6140
3458
9791
2012
6876
2430
6665
9091
9551
3505
5262
5330
9071
745
1472
9534
7643
7946
4153
7218
8673
5273
4963
6801
2403
8115
2561
442
2945
8443
9697
1729
8800
7045
7807
3548
3447
8035
8611
6948
1725
2547
7670
1900
3432
9894
2194
5762
52
5381
7556
3880
256
1899
4951
7022
5204
3910
6895
5361
2653
1729
6052
8255
2270
2294
6401
566
6393
9137
6737
9729
9065
4377
4690
95
575
1370
2416
8180
8081
1498
3315
9093
6453
4809
1005
6862
6148
2496
7169
2558
2323
9464
2890
583
5497
8684
6065
2099
4853
8377
6584
7929
5637
9610
3122
84
6166
9695
1931
6583
3041
4099
3958
9755
5690
409
4748
6968
9148
5054
1489
9820
882
4315
2821
3815
4765
5936
5209
4766
2514
9975
321
539
5035
8246
6919
3084
3839
5058
4709
6663
2310
791
4296
8788
9447
2208
9173
2443
9800
7818
7905
3881
6777
5360
6866
9673
4543
4323
7529
2885
9983
2753
3363
8126
1948
4103
5555
7094
3148
2350
7465
1064
2629
3941
9779
9672
6832
4839
5994
5797
4182
3271
2561
57
878
3109
1498
2242
1329
3283
3931
8579
8194
883
7807
6332
351
2883
8178
7150
1133
129
8382
4259
5963
7904
7049
7268
3127
498
8222
9735
9777
8158
3284
1075
4470
7047
5014
3024
6990
274
5894
856
4839
95
5121
54
5087
1748
1826
67
8031
4755
6058
1171
3443
1508
5367
3438
3513
7600
724
1253
6179
8208
1000
8578
5255
5865
1524
7076
1617
1740
8066
5186
9071
3384
9890
2153
5449
7520
7246
6132
3625
1298
716
4137
2871
7268
3951
1405
4988
2259
2808
2607
1637
4353
3158
1344
1447
4228
6098
7916
3997
2500
9673
1017
8087
919
269
9921
5525
6937
5904
3327
8520
5677
4326
3399
8394
4604
3703
9982
96
6804
7831
8596
3352
1755
1650
8993
2436
654
7092
4281
5446
3059
826
4695
2573
2151
1806
8618
5611
3545
9038
6559
4805
4146
2555
3222
3007
23
3635
9514
2743
2341
3415
837
2006
8509
3377
2961
9909
5541
1080
3404
4068
1815
6566
6478
1724
7456
4024
1409
5482
1598
5098
3394
6875
914
5326
2502
9184
2767
1936
4097
8333
940
6521
1177
2436
8226
8407
3017
4603
7400
7199
1478
6821
9164
4835
5127
4440
1026
6950
9283
8650
3950
4149
3409
6886
197
4319
208
3237
4847
3545
4201
9716
6962
2898
6156
8167
1878
9270
7861
9734
5607
1020
3063
2524
3752
1545
5091
4455
1687
23
863
2272
1
8137
4730
3292
586
6212
5268
3590
2155
3118
8250
7532
3534
2791
2805
5585
6314
493
947
9938
6264
6439
8998
8149
1263
6016
9988
7988
6572
9936
4168
6377
9457
3347
5185
4157
2767
8335
3915
8654
7431
9924
4152
5205
5511
8202
8191
6312
7988
2708
7732
520
5864
642
6732
2529
4094
1147
7420
7329
8615
3201
909
5811
6456
4379
504
5155
4299
6905
3484
8524
9341
5588
6797
3314
1400
8646
7501
9710
4764
5147
3144
9378
9503
9873
3906
7083
2264
3640
2090
485
9558
8233
9341
6609
7327
1725
7659
6789
5048
7943
8913
9559
1484
6056
6664
9627
834
3836
3082
9918
6344
6728
4537
3322
8449
2999
8754
2615
5750
1023
179
4515
8487
7938
7829
6897
9626
4115
4022
206
4181
9646
879
7020
1034
2590
2464
5528
2673
3371
2491
9231
540
9236
5423
2149
2743
7362
1457
9757
9734
3724
7236
7870
5171
6173
3318
7449
5306
1573
8516
7719
8240
7022
2774
8477
7241
4525
6285
5255
5197
674
7161
2378
1968
9765
2121
4232
399
956
5114
6801
9410
754
6685
6938
5738
4754
7181
489
7396
216
1640
7338
1825
5565
3742
8357
5316
2887
4730
4239
2667
6381
7855
9528
1436
9238
364
6041
2716
2356
5549
3475
7500
7589
2740
6373
8661
9521
4215
5780
2634
9998
6667
3882
5242
2487
5639
5986
4039
9423
2441
5455
721
557
9174
6298
7953
1653
5607
4037
9791
4879
7452
7487
6042
2868
2704
5832
9186
3019
8531
2423
4772
8467
2116
9945
6893
1658
3808
4954
4282
5331
1415
5590
9739
5482
2804
3604
4255
1842
6651
7087
1052
989
3851
2482
1346
5528
8655
7037
1094
4842
6394
4474
2640
1321
2969
5702
9897
6838
5651
3284
7369
7423
9456
782
9961
6818
274
688
1433
5645
5978
7654
3750
4000
1765
3974
6209
7981
3153
1190
8693
1518
5901
6476
5409
4217
2133
7179
8246
4749
9503
7839
3684
9924
6960
3895
3868
3783
1777
1673
9381
1064
7323
2255
1786
7608
3024
8520
1538
8903
256
8024
837
5282
8471
1249
778
7309
8373
9337
9702
4418
9787
577
1137
7466
6552
8858
3325
7347
3223
3890
813
7739
162
2391
8353
657
8143
3160
3780
5905
3146
6927
2199
2806
3894
7893
3903
5979
4715
8231
7326
9481
200
1450
9204
4069
4424
2897
2312
2813
6521
9568
9885
5249
9045
4147
9788
8864
7146
7832
4929
4846
8316
6150
2466
5422
4533
7734
4069
9022
7239
3670
509
9698
9796
9697
1147
5003
7826
7136
5434
5956
4480
5680
8521
8631
7478
9221
3895
985
2634
3305
1093
8546
6377
2518
2989
8368
8111
8505
6983
5171
1842
5531
6301
9109
3428
8357
8584
3380
4292
2062
5529
3316
4931
8627
8507
2512
8999
2880
1617
1162
8096
9434
3536
3981
8868
7986
1636
6692
9164
2096
7875
4019
4832
173
364
9419
1114
8899
5368
1179
517
5407
1823
7310
6784
8533
2340
5215
9874
7678
6725
1504
6896
1448
9413
5305
2100
8011
2921
1121
2531
9725
5426
7145
327
4545
8225
4114
6747
7402
552
1292
4378
1047
5262
9725
7619
1852
411
168
9009
9377
5178
8848
8658
7852
1253
108
302
338
4155
2356
7696
2630
4319
459
4998
9167
5236
2599
60
8378
1512
6981
5786
3677
5764
9171
7095
5693
6267
5851
5188
8269
7393
6835
7477
9592
5023
8558
4372
6336
2815
3190
2903
5736
1753
9829
498
7083
9170
7381
1901
8604
5766
6768
8653
9347
4868
5811
5352
8460
6957
8529
1604
4548
4321
4532
4293
7349
828
8869
6283
8120
5883
2788
4327
4063
1420
2092
3683
2672
5938
6438
9424
6677
9507
332
4359
5435
4980
2717
2922
4018
92
7182
2908
9603
7356
2387
7491
108
8049
294
9573
3159
9445
4829
1579
7758
1789
2888
6284
337
7575
1552
1475
5865
4984
3941
6787
1042
6135
9156
943
6026
2989
4885
8959
6260
2027
5611
1478
6857
3802
9129
4117
7678
7563
7676
6134
8232
1886
5098
7610
7247
8776
5248
8537
5764
9602
4014
1972
6555
4858
5991
286
7310
4512
5225
4799
8319
6810
7343
1386
4757
3773
8734
2772
1227
7202
5906
974
9724
4044
3011
875
8428
2600
885
404
3656
9761
8046
6727
4314
2240
2477
2349
1207
565
661
6793
6587
7503
7262
1131
3326
2014
6199
8856
9438
5881
1948
3206
8761
2886
5590
1430
8019
344
7742
1484
556
6264
8484
4532
7845
7109
6606
4245
6803
5315
3983
7683
8790
6796
2934
6192
1137
6022
2003
849
7918
1387
5252
8747
8450
2381
9084
9242
9625
3775
6279
1610
5388
2970
9926
1960
2120
6950
8421
2432
1268
5552
1747
6830
8348
9845
2587
8433
7418
9039
6272
195
8400
7774
8927
9138
1287
7620
2183
1708
8376
8280
2222
2595
6678
3411
499
8011
2229
7273
5749
4660
1858
1773
3582
7909
4399
3202
183
4610
4001
5508
5320
9281
1575
3375
6617
8110
7869
8483
4960
8312
4115
3688
8098
3353
6502
4181
1257
2966
5085
2525
3503
6798
3766
1284
6781
7015
4285
6818
6453
9763
7943
7341
4495
8862
8604
3553
4747
5625
5930
8711
2306
2608
4152
5441
2741
4357
6372
7254
2249
3284
9371
9383
7132
2932
4531
9750
3904
1946
6040
1573
4275
1786
1788
8328
7388
8169
209
9679
1578
173
6685
5933
7381
6255
8500
2384
7670
1276
5155
8981
1149
1183
7725
7027
3833
8342
1293
1869
7118
7594
9218
8323
6668
9120
6216
5209
9879
4777
6998
34
8030
4997
348
9659
9447
3521
5774
5908
2563
2331
6541
6021
6183
2916
8023
6167
1900
428
1922
8318
8490
5248
2863
3880
2756
5214
6375
5551
9753
2942
1173
7725
9052
4873
6863
654
9694
9262
7492
9898
7238
9839
9036
1030
6462
2026
7811
4092
5532
9331
2980
1437
2605
5906
5113
716
7391
3166
2921
9292
2130
2706
6405
6044
6117
2113
7421
3172
8213
4766
2523
1656
7314
9971
1326
4104
9936
6490
8770
4080
8025
3298
1334
1449
8945
447
6270
1846
7153
984
6692
3463
522
6794
9863
3135
1448
1422
768
2583
7868
1458
9810
8748
7122
8661
2430
5452
5601
7824
2818
4767
9896
967
3036
1752
8014
324
1503
2646
7093
3236
4032
4756
5696
4428
536
4837
2409
1739
7957
1689
9118
4465
1896
5768
2540
5011
7722
6590
9331
2022
6062
2072
9238
6432
1691
5653
4946
5681
575
6991
2026
314
3365
4809
8896
4316
9492
8503
768
1960
220
3500
2464
8109
4281
9903
9542
1007
4944
6133
7549
6983
7574
9348
5252
2045
4247
4140
6532
5842
2337
7161
5692
3020
6185
957
1023
1222
6340
6835
6374
3437
7237
6435
574
9357
2781
511
3452
3892
3354
4292
7481
1978
2114
5680
5646
3898
6305
2710
8968
6023
6361
1244
3761
2691
5618
9922
8078
1112
1272
472
3885
1062
2842
4569
4906
1731
7084
1300
3810
8643
4751
5936
6848
4359
6727
3458
1646
8182
1386
2853
4740
259
9028
4934
6712
9346
3772
9100
8615
589
4594
8911
1461
8780
7760
5198
7049
1437
5713
1729
1228
3475
5806
7201
2963
6382
3546
9528
677
2851
4014
418
3489
7652
9546
5802
9201
8768
6889
7460
9593
4097
1748
5620
6931
751
810
494
4393
4959
6685
4332
4393
1725
4868
8977
2601
7410
7806
4638
4725
2726
3374
1250
7988
7715
2977
1287
4865
9471
5426
6391
2797
1264
1281
6234
9345
662
2306
4934
7016
5265
2479
8511
1202
5356
5736
1798
2670
3514
9919
59
1274
1743
6725
2402
7974
6430
3922
7943
4586
425
1055
8100
4737
3731
8807
857
1965
5796
1162
792
4039
8606
1155
3403
1912
440
1765
7558
3358
1226
3945
2792
6901
1311
1199
3157
6704
8576
1821
199
7796
7322
482
806
6519
3436
547
69
297
817
9178
5634
5225
3671
1218
7285
8542
2340
2550
646
1563
5172
1662
9618
1709
6537
6750
427
9410
2609
6998
8375
1057
9817
9697
3685
3311
5649
9041
8599
9925
8683
8465
428
7329
8272
2718
4940
61
4518
5544
1651
5498
6678
264
1286
5109
3739
7765
6027
1824
2163
7263
8790
8775
7758
4108
4769
8310
5418
773
7869
5260
374
5274
8382
4175
5431
1764
829
8894
6957
9890
6651
5544
2205
6313
6566
964
1464
410
4327
5168
8535
6280
1157
7600
9616
3009
4934
9060
1344
2140
5011
533
6167
6459
8234
1995
449
7867
9804
4577
6624
6251
2811
1274
3403
1514
7069
1124
3652
8979
562
6130
7023
4506
2257
6122
3040
2036
6237
717
2134
4132
4218
1769
2488
9826
6163
7604
9522
3305
1642
542
5772
4417
1942
2946
2729
1235
6106
7907
491
267
9546
9921
6426
1182
9529
6247
431
5605
9350
8611
7094
229
182
6634
8859
3805
4158
301
3839
5086
1969
1814
2355
3895
7220
3392
1695
1081
4974
3652
2701
3377
4278
1084
3362
4443
5225
9524
3903
1427
839
4984
3627
73
2818
4836
8299
9193
9655
8240
3777
8650
6071
5767
7991
4645
5333
1186
3010
3923
7597
8557
2292
7974
2749
9472
8307
5958
3844
2595
4179
3774
8970
78
2800
9860
8108
9026
2046
7558
4651
6651
7744
7153
826
6624
7268
9359
7788
6351
5314
6195
3013
7599
7533
708
2763
1356
7030
8360
2573
5813
757
1643
8638
167
8248
2111
5536
1362
8708
3450
4572
650
9059
6970
3305
5246
5122
9459
1556
9035
4799
3084
4579
8973
9412
2626
9360
1146
9442
947
2217
4205
7811
152
4420
428
8040
5315
9860
8214
4661
7894
2235
8782
410
9041
5606
3764
9262
638
4483
8900
5023
6944
695
8796
6029
5806
7367
5046
1421
6550
7604
9948
2810
5451
2965
6542
3010
4457
1015
6950
7677
1796
7602
3050
5126
3754
6787
3343
4120
3310
3951
2080
1981
1142
773
4619
2247
3881
1696
9435
1652
189
7586
8257
4205
6202
7281
6141
2416
8966
9917
6304
3997
4937
1686
9409
2149
4807
9410
9232
408
5943
3869
9609
7445
9346
5422
2144
6384
4007
3588
2870
143
4070
5243
6349
1373
940
6114
3226
3503
7452
5691
7373
1533
3578
8775
1827
4632
4725
6403
9775
7214
2599
7045
9755
1309
3371
606
1613
6366
6083
4890
2137
1655
6364
3469
5122
3834
4779
3906
1886
9715
2701
7522
5687
5566
6790
3120
1369
9315
2468
681
1597
7613
7944
2093
8758
7469
5433
4202
7117
1954
561
4015
7674
9382
7578
8460
6346
451
7598
8224
1148
9060
2001
2759
3100
8826
7984
49
4700
4928
9737
7632
2041
7948
7029
1823
2274
6604
4331
388
5493
8414
7081
3115
5093
514
4721
7483
9399
6722
6598
6270
7782
8229
5701
9908
3486
2369
6075
9737
4328
3513
1954
8408
8339
3088
1083
705
4205
9725
7728
2263
5002
7924
635
3529
2704
8224
5879
7094
9041
2810
6715
3431
5809
8601
9402
92
9201
8139
4684
1006
2593
362
3630
8036
5204
7442
8201
520
8820
9703
5607
9723
1216
4766
4462
9489
1640
5569
3278
5870
3456
3286
455
6346
437
3659
3457
9873
9865
3892
4918
1302
2501
1938
943
5373
6697
2575
9931
2244
2147
756
162
6264
7264
1238
1533
7771
7353
1483
2182
6478
7275
8292
7934
1216
206
8371
8008
3291
7914
6769
2469
2404
800
7014
8000
4039
8074
858
774
4923
1776
5483
1958
4631
3258
2811
381
4616
2146
3895
821
4634
9618
366
1284
1233
320
2847
1548
4125
827
4592
575
5319
1685
2962
3045
8715
6967
7413
32
7675
4561
7777
5279
5077
9950
334
2569
4046
4195
6222
1034
1521
7416
6203
3056
2253
2717
2332
5987
3519
9431
1875
6533
8965
4207
6312
6229
4237
7867
9258
6172
9012
673
7995
155
7271
288
6241
4891
5942
9390
6092
6314
3452
3179
3307
1393
4576
6843
111
3847
3
9258
272
487
7185
4677
8317
6328
2379
2420
8921
8923
4447
5435
838
4052
6791
6906
9483
6688
4634
6308
3167
5292
1608
3522
4806
1472
4120
3185
6376
9499
5323
3331
970
35
228
5810
2785
9081
5134
8296
7871
6289
5942
6842
7811
3271
9684
2786
197
3159
1479
7535
255
776
5053
8260
921
4228
7815
4163
9909
4574
400
4006
341
6581
8379
5199
9697
5947
2045
8246
9343
343
4208
8012
8746
3665
8117
1991
7660
3845
1293
7097
4612
1037
1873
4825
1567
61
2689
8697
6116
5100
5010
6012
5025
8892
9485
5936
1418
7587
3236
9908
9739
9770
9775
1082
8847
3888
8582
3133
5522
408
3096
272
4473
6592
9836
6812
4788
7087
9134
5583
1233
5170
8588
6711
4530
4465
9920
9332
4642
6767
878
4424
808
2366
8460
3253
2662
2986
4860
226
2273
8449
8580
6399
9527
4821
5068
8442
7267
6457
7564
3427
6671
743
1122
4313
4274
2681
6667
2845
163
8371
680
5523
3280
132
343
244
9878
9864
6675
7962
7170
1681
4818
8119
762
8833
5335
2775
1074
3911
5886
5434
5707
325
2253
7296
7911
4318
2245
7274
7295
2991
5769
470
673
9812
2131
2522
3949
4532
4245
4057
9961
4178
418
3404
318
8056
6674
7273
9055
8088
8459
6605
3750
1285
2216
6090
3227
3014
8771
9932
6549
2766
1308
3924
4653
1048
7490
6884
2054
289
6269
6729
4049
4127
5797
7321
5228
7947
6733
39
3080
687
5940
7004
4330
6952
1043
4604
8722
8929
3427
8868
4049
6885
5746
6518
2255
4470
612
795
2939
9768
7407
2065
6957
990
4330
2976
3021
9419
9103
7786
7837
51
4519
5935
998
3136
5775
9009
2359
6857
2697
4070
4292
2910
4004
592
7284
8592
3780
3345
3496
4324
3315
5771
7640
9558
4659
5890
4723
878
4211
3734
5183
6123
9618
81
5400
8536
6867
7177
9937
6222
8938
2288
8772
731
4326
4958
150
7850
6331
6924
1473
797
6330
5481
2782
5824
9928
5732
9136
6840
5999
8398
7994
1394
1811
72
8438
1767
3452
3807
4829
4224
367
2846
3986
7199
8358
4970
9773
5624
5547
7250
1554
7151
9247
5640
7731
5678
2521
3956
9330
9752
7848
9404
5305
1265
6434
9754
4880
9170
2779
1101
9404
8063
9972
5848
3837
973
3653
802
9519
3456
7929
6828
7180
8525
4783
9381
5080
543
6487
7868
7708
1130
5720
9222
5592
32
1541
6578
5703
5000
5862
5824
322
7278
3377
6445
6034
1709
2826
1850
3856
7985
6287
5696
2013
833
1841
5524
6338
1177
9024
6062
5771
9194
9247
8771
8982
7964
6856
5555
3605
5944
8845
555
9572
1130
711
847
9787
7774
1302
6036
6229
7007
2343
5516
9178
8290
9710
3696
5313
2419
4246
4281
2550
4760
7737
1214
2492
4400
8044
4518
4173
6299
514
4792
8704
1165
2560
4619
2294
4350
3287
114
1455
5413
8469
5930
5498
1035
2502
2559
8803
2419
718
8914
6830
8284
1720
2849
2755
2698
9878
6935
5309
2374
7367
1159
4709
858
4168
9477
3357
322
1125
7979
5582
1712
6233
6293
6921
8889
4533
509
689
2667
662
9007
3554
5967
2387
3984
6902
6138
101
438
6585
9504
9746
4354
9883
7301
2351
4127
9349
573
8614
6521
2650
5134
3067
4291
8591
6491
9481
4747
2312
7582
8105
3635
6996
7280
3946
4739
1333
6782
2246
653
5781
1786
8169
45
4857
929
597
1953
6168
7332
9296
2368
6383
4677
1194
4180
4457
286
7714
2495
7009
6871
79
8214
5922
3314
9987
4422
784
7383
3942
7061
8381
3142
6101
5042
8046
3397
8823
7267
2215
6397
4312
6696
6655
973
2165
6311
5120
6634
652
7387
6208
4671
7588
2012
8848
4755
6892
5687
6968
9076
7953
1802
9548
5300
9375
3361
1537
4027
3682
5301
7459
6029
7981
1534
1655
150
7512
7819
1727
8314
6662
5618
9761
2756
2614
688
4121
4763
5415
2164
101
6389
7168
1977
966
501
20
574
6177
5234
3293
1491
9420
443
5289
7814
1339
482
2100
551
7542
3454
6479
87
2918
8293
1331
5220
7859
8799
6258
3967
1227
683
2595
4849
5806
9995
2835
7797
6363
3732
3044
8744
7255
1124
4385
5720
2507
9573
1253
2417
9354
268
796
8794
5153
449
6071
1151
1473
5551
6934
1735
3684
2737
3906
9108
4735
6625
7333
5561
874
5522
4498
9233
3863
9550
4394
7550
7396
7706
6608
6824
5294
7594
3706
7127
1198
8615
7758
3649
7015
8220
5528
6155
1045
688
4354
7349
2424
5470
7524
2505
2753
4366
5075
3381
4018
1824
581
595
4918
2332
5221
9186
9136
8822
1808
2162
9799
4938
3502
3540
1764
3556
3007
789
236
974
8766
1705
1131
7006
7799
8062
1316
6473
5509
7806
5476
4004
5051
5554
2578
1917
901
5592
9057
3508
9986
8748
5291
7448
1990
2830
3594
6720
8590
4273
4145
5238
8391
7920
3019
272
8654
3856
4345
2134
2239
6291
6281
5585
2527
7310
9963
7439
5264
8882
1674
1556
825
7786
2798
5833
1376
152
5373
2643
477
9020
8787
3283
7811
5401
3474
8438
4787
2208
5633
9605
4909
9419
3493
9604
5708
4836
4935
3391
1299
6053
5473
6149
3432
4625
7495
6369
2633
4337
3098
2035
3482
5061
2638
939
1893
61
4702
4456
4550
9364
5113
9492
162
2467
8730
8837
7295
8669
6345
304
6723
5277
8212
102
5680
1253
8971
9442
418
3136
6423
4201
4541
7884
111
7603
3830
9261
6125
4087
2521
8870
8318
2538
9945
916
5717
1481
2792
351
3800
688
4070
6354
7888
5063
3786
4135
818
9358
8539
1710
9390
2502
5496
8593
1019
1720
8867
7287
2985
9450
8971
6224
9490
8444
8061
2207
1377
560
1327
3089
200
4787
7302
7907
9606
5994
5454
3811
3399
8144
3588
2611
4518
4895
3480
8589
6674
5705
6980
5648
808
1758
1674
1193
3737
3116
3401
7611
8908
4271
6878
4812
878
1487
6169
4368
7092
961
1438
3332
5500
2246
4377
8106
604
1019
4956
1392
8954
4777
8411
9023
6716
7070
7712
7219
3419
6417
7822
2452
6190
9871
843
7329
1721
8761
406
1691
9135
3522
5160
7154
9619
9068
627
1341
6400
5319
2308
5764
1215
7589
4193
4533
3371
1776
576
8189
6953
8443
7208
3482
9037
5132
6875
3912
4350
4693
2355
6555
2468
8225
2195
5060
6432
3696
6285
1576
1523
1812
943
6408
4416
5802
8114
7737
9840
323
4018
5443
1643
1266
2068
4362
4588
2655
17
8541
362
5083
7836
5447
463
913
5889
3308
9499
5801
8457
2904
1996
130
3020
4439
7925
2214
9950
7701
2413
1747
7836
8051
4255
4224
6593
4630
3537
5140
2479
3163
9862
7237
488
7485
9107
8787
4487
7468
4253
8432
956
1528
6228
7913
7594
5969
6185
6106
8025
6706
5315
1587
8372
6734
3684
6879
2030
2876
6295
6487
8493
8523
5742
5538
6736
830
6876
5603
7293
7867
8517
9992
8217
2714
7336
8810
2538
8954
7408
8671
6552
1162
5349
5417
6483
177
1993
4188
7542
7789
8609
2040
8160
9939
9486
2385
9866
3857
6334
6453
313
1601
3306
2082
245
3020
3415
7949
5791
7886
6133
5467
3233
3117
3476
835
8888
6443
841
6313
5905
8771
7004
4025
8879
3521
6539
5180
3253
306
1014
9950
8690
364
480
7411
3974
95
7298
1586
7322
1970
3854
2777
8322
5456
4369
1010
4374
6045
7276
7835
4675
2647
7435
8253
1966
6696
1774
3717
7907
5471
2425
4613
9573
3742
2174
3974
9748
3240
3504
1330
2161
4898
2919
3770
9901
4409
4556
2797
981
2284
8561
5676
6074
321
5646
1251
2922
5664
9478
8397
8411
8670
3916
9855
2882
214
1562
6494
7608
5567
6073
5118
9352
9590
5228
9359
160
3581
1332
9801
8121
381
9910
2771
5447
5892
1026
5238
5088
9106
104
3646
4056
7701
958
3761
6084
1929
4662
6009
3155
1527
2908
9670
5365
9708
4545
2358
8251
1423
3335
5492
138
769
7750
7360
8978
167
2157
5635
9226
9171
7419
5659
6196
4738
8331
1794
8662
9293
6184
9285
7115
3935
6733
1202
3135
7870
7983
7366
6324
7132
3151
1643
5074
1414
4359
1969
3666
4249
6337
127
4148
3997
6274
2173
5753
2693
7145
2428
9586
1848
6510
335
7053
13
1128
5213
255
2276
9709
8855
5999
3409
82
5714
5108
3761
7918
3309
587
3445
5200
7497
6374
8459
8939
7504
5186
6544
9524
3702
1495
3276
7112
7711
7114
8522
4076
7434
8984
661
7028
9325
8737
1092
6960
140
2138
7308
9526
4335
1560
6647
2313
2814
885
7172
4442
7598
6313
7620
9470
3824
4401
3931
221
2689
3928
9252
3526
9912
6554
9605
3199
7385
5358
6790
7418
5791
8229
5202
3931
1257
5864
1212
8170
7163
7580
1223
982
5092
2570
3553
8827
1035
8325
930
4353
2613
9418
7833
2022
735
5404
4587
5907
5565
807
2246
9192
1824
5053
744
8477
609
4967
4135
8277
4809
2710
4720
632
4020
5001
2547
2377
1561
1606
8451
6117
3654
9049
3979
5145
5648
9491
9460
7708
9736
1666
4486
7025
4292
9052
4803
1018
232
7179
1049
4568
336
7760
1114
514
9991
5822
5172
5337
8862
6729
4598
9718
3749
5455
6928
893
6367
366
8959
176
8157
2487
3746
2792
148
3456
6928
4032
6058
1726
59
9837
3336
8361
7494
757
3126
1723
5337
2158
7347
4715
8104
5828
7032
1060
1297
2807
909
2364
6836
3568
4604
219
119
5804
8790
7967
2757
4053
1759
2765
9649
9399
6724
2497
5951
5720
8908
1672
5520
6070
6094
9655
3571
2076
4313
5680
1439
2912
2950
6720
6204
4132
3554
9894
6700
256
6366
9465
8029
1293
5050
1950
7762
9428
1414
5105
4076
1787
7550
5938
9074
4427
9511
8581
1519
2825
3728
6315
9404
1374
2991
379
4310
1770
5432
335
2673
6957
7992
8088
7336
6458
6667
2592
3912
4010
8576
8257
6828
7823
8518
592
1564
2256
1703
9253
1398
6379
3557
9255
4812
7931
1393
334
2004
4524
7411
3812
5391
8237
2946
7999
7327
2170
5090
8340
1044
9366
5696
3750
6650
5048
6123
5049
7140
5551
5484
3115
5304
3123
6497
9442
4732
449
8595
4985
6033
2137
6453
5578
7754
3427
3692
144
4807
3288
6407
3266
7514
2564
1510
4246
203
3961
2982
8466
6896
2433
5828
3037
1144
7261
5162
2319
3467
8399
521
8268
8621
194
3466
7839
3042
46
3994
6543
683
3638
5898
9008
8095
3223
3627
915
7584
4507
9803
2790
7924
4219
5825
5662
6507
7913
4050
9883
5051
7695
1491
9806
45
1835
8714
9058
5544
7707
8030
2022
1149
4405
5431
8218
1872
2572
5891
9278
3226
6658
6769
8124
9997
6114
6290
6369
1153
397
9580
4851
6684
7025
5617
2934
1253
1223
6737
166
6972
9610
6788
2039
6395
5280
5185
3661
7679
4127
5225
5710
3325
4579
7978
2710
6783
9590
8020
5858
9255
3368
4793
7737
8690
4962
5191
8334
187
174
8591
1651
2472
9103
1784
8330
3526
8024
2614
3988
9084
9376
2239
3706
3472
5068
8971
7286
8361
2201
5957
7768
8570
7530
6099
5200
6303
2724
3238
5746
7324
1844
7714
7727
4437
2811
8112
3040
4471
6141
830
3665
9098
9464
8950
7249
4587
1318
2529
3718
268
3327
1774
6523
2970
7643
9958
2493
6436
4824
7833
5506
136
6629
9914
6988
6964
5933
5405
3283
3544
8496
9
6807
540
7625
7585
7400
9766
7952
6210
7592
2000
7369
5855
5947
5421
2991
9411
1674
9390
6050
2900
2867
8508
744
8381
7893
6919
4068
6272
7171
6053
8440
3942
462
5554
234
1164
2229
3047
5695
9350
8832
1315
6069
6543
5026
3263
6263
5785
1522
9731
4850
6125
8429
4650
2171
9570
9944
643
5315
976
237
7892
3572
8608
6065
8749
6914
9425
9924
7691
8810
4042
2772
8480
3847
8164
8684
4291
4512
9862
2433
5309
7853
7151
9467
3390
6924
1508
1264
2124
2898
1417
5199
6641
8018
5736
7841
3969
4849
82
6695
2404
5873
5127
8100
7161
2566
2806
998
881
2129
7753
2750
5194
9059
9265
7471
606
4753
732
2490
4751
6474
687
3115
7332
6688
1464
8878
8496
9076
5258
4113
87
3643
6597
1685
6851
5307
3456
1492
7525
163
8341
1946
4858
8426
2646
3635
8369
5749
5229
5500
9703
8072
8336
5018
8923
6074
8128
9837
1237
4818
6009
3125
6932
9453
7299
2395
8205
186
9801
4965
3312
8862
897
2803
1820
9161
1214
6484
9526
9983
2768
7213
2796
9748
9648
7733
6252
8391
4530
4224
4931
2469
1215
2726
6083
2867
5893
5786
1607
1696
8679
592
2928
7332
479
2657
2454
3376
437
394
3296
7056
3136
8723
3030
2036
3504
4245
8624
936
1041
7811
7285
7837
7901
8215
2095
9495
4927
9935
8333
661
6237
111
2182
5797
2981
781
8601
7407
5551
2102
1196
375
1193
4616
225
9437
9919
8423
7881
3822
2720
4833
8745
2849
754
5997
9745
5307
6805
6113
6522
564
2186
9870
8758
80
7025
1159
9162
489
8495
9853
2201
8482
9205
3924
8319
8044
5966
4386
9142
5544
2374
4430
2710
8520
7405
2816
3825
1211
7929
4460
5954
4551
8068
4088
5138
3193
165
338
7170
2177
9434
4944
4441
555
5719
5167
4247
2401
7603
3918
109
412
1112
9067
3781
1435
6014
7601
3374
5688
4317
2035
6954
8746
5890
3236
5098
3204
3670
9223
3385
463
6899
306
1027
3047
2685
6576
4166
9082
6872
3026
1649
9913
1231
4947
7379
1429
233
3530
152
1559
6748
2856
6049
6693
3893
9406
5598
9026
3868
7467
8534
9290
7914
3681
93
9172
2272
2561
5946
7614
1194
4874
8441
7726
2280
9843
7620
5815
1271
1642
9877
3262
3770
2988
8465
5002
4525
9290
7016
2409
4302
2504
8981
3471
7679
606
6792
6603
4099
7445
853
9557
7851
3247
8160
5150
6714
7276
4833
3960
372
7985
4193
8043
2517
9379
1629
9841
7281
2544
607
5266
3857
4340
5084
1028
4761
2599
6707
7115
3920
3849
4173
9021
1259
2683
782
9881
5941
9998
6415
3654
2840
7604
3011
1477
9646
5047
9934
3158
1209
1864
9966
8378
8473
7638
4268
7918
8388
8997
4466
3020
116
7469
1415
9402
3656
9458
6832
2512
8284
8274
9231
5050
5350
7581
7381
7341
3393
8030
4634
7684
5076
1102
2854
5321
1269
6092
5037
6301
6106
5765
4694
3041
2751
7575
4449
1037
477
4024
9092
4610
9982
4563
9383
812
8295
7081
2150
6535
7193
6307
2855
6997
7252
7335
2104
6085
9849
5918
5997
2887
8667
3490
9988
7141
9100
9685
9887
3536
7906
8170
4933
1302
1639
6250
8415
3451
8160
2632
8641
6015
5691
9021
2513
6097
5277
6044
1637
3883
1645
7122
6792
3891
487
4047
5572
4845
3125
4890
8738
6662
9268
988
7613
625
5671
2708
351
6943
9894
7538
6894
7713
6983
5676
3405
6628
9787
4958
8697
2845
5606
3108
8226
158
6992
4305
8000
7576
4911
9724
3725
6289
9688
5419
9922
3607
9663
5239
9656
8219
1324
4604
2254
5777
9090
1890
2230
2494
3829
1716
3015
9471
6753
601
2527
3682
7973
7944
4750
9519
8102
6099
2099
3470
9856
3858
5222
8154
8867
8088
1681
3122
3212
6691
4154
7808
6153
9966
7757
5209
1054
8320
6562
9414
7554
9598
3241
3177
4313
2176
1348
784
2076
1362
5111
4449
5170
3806
784
1001
9682
4428
9091
6107
1751
430
11
1502
2530
6106
7587
688
6031
2817
7370
3344
8989
8081
1232
1452
1276
1627
2190
6453
6879
3546
3515
7768
9180
5858
7768
6554
6842
1251
8053
594
8733
7449
2269
1158
4567
2801
3731
7380
7354
6564
4184
8375
9607
4724
1945
1633
6560
3187
3037
4119
2024
1640
9897
5763
7619
2359
5709
2502
1003
261
3459
6441
4834
3842
5664
5117
5318
4504
6169
7553
5610
910
859
4424
1293
6773
6669
9710
7630
1136
8568
3852
8896
7531
6049
6976
5622
2776
5114
2211
2724
9428
20
1495
9990
2948
7485
5038
3397
5778
3911
4151
6064
7604
6534
3617
3465
1706
6310
1830
293
3895
6187
9472
6402
1875
2768
1308
383
3464
3309
9210
3211
367
6784
4136
2472
2511
1779
9094
8781
3768
8115
5187
5530
2149
8453
9477
8582
8914
8681
1635
9921
7882
1312
5951
1467
5479
1289
9329
692
2827
3904
194
193
1428
851
3987
8866
9818
5996
4969
7585
7592
2872
3971
4736
6740
1155
4151
9683
7751
3431
1783
7858
1357
2448
1784
1656
3418
9256
9455
2790
5816
13
7829
5328
7908
1994
1600
313
2782
3293
6392
7611
7922
3530
4742
3175
6236
5944
7658
1977
4814
6170
8778
2561
24
5260
3464
7243
1785
4766
37
3864
853
7334
9788
128
9099
1001
8855
188
7815
5845
9708
2473
8861
6420
1578
77
2252
8510
9436
4784
1807
2306
9156
9839
6833
2780
6828
8709
1910
5288
4509
8515
2056
3233
8501
9056
3135
2455
2125
947
3348
254
7915
7104
632
5013
5393
2373
1206
8290
7423
7693
9783
588
8867
3242
6694
6145
1701
8810
1382
2845
6917
4432
7523
885
9443
4731
9205
4301
1320
7736
5443
4453
1202
2760
1884
9705
8567
4974
4325
8950
9723
7943
1646
2947
9245
959
9461
975
2264
6187
7585
2094
1972
8648
3333
3990
8698
4483
6277
4050
4584
9861
3392
5625
9971
6682
4470
4654
5367
9259
7218
5637
3893
4209
2792
2597
1855
4553
8484
3171
5745
7457
2251
3169
3536
3474
4436
9270
5150
378
366
997
4202
961
4840
7292
1296
9642
9215
2344
157
5409
6106
5930
9835
9036
4507
3415
1499
8609
5617
6320
2033
3627
977
6449
9436
4184
8856
3471
173
9447
2828
265
8257
7856
9620
6987
6361
8434
266
1726
5581
3879
9297
6171
7243
8652
2578
8281
5989
6112
4913
8140
3002
7962
5016
1035
5764
7480
4776
4828
4174
3211
2420
8569
2100
5936
6071
6437
1154
7740
1013
2348
6523
9080
2667
1168
2319
6279
7791
8998
6633
9293
1974
6622
910
2933
7417
5890
4235
8746
5780
6089
2125
698
208
8069
2801
3934
2819
6244
341
2827
1675
3399
3322
3415
1870
5539
733
6413
5880
4614
2664
6325
8485
4113
4680
9163
815
2777
9872
1027
4759
8356
6414
6466
5313
4667
2134
4074
2700
3331
1107
505
8223
9275
8364
4077
6258
6089
5462
6403
9657
5685
2402
7338
7276
368
4770
8609
4990
1615
703
7992
1153
5776
6716
3073
8506
3976
1735
6527
2096
6962
9581
3907
486
4789
2013
5520
8319
5136
2323
8902
4685
9742
4867
1150
5114
5600
7257
8518
7291
1311
108
5037
9595
2474
4660
840
9090
3062
360
4389
2533
5846
6612
9385
9879
8816
1586
701
2475
6172
8679
3589
1958
412
7070
5881
8258
557
2434
5595
7332
6116
2186
5216
7434
5405
8704
7358
9362
1718
7741
9953
6191
6882
9234
6240
1126
8433
98
6839
1531
7850
3913
9331
7832
1145
1570
2802
8203
2508
1665
53
4013
8289
4419
7505
4601
638
7930
8072
589
7581
9193
3769
9550
9799
6578
3167
6130
6954
3930
713
2721
9877
1345
4902
2543
1202
3817
1023
8443
6760
2533
9319
1100
730
4757
1636
3535
6176
2843
5850
3412
567
2965
7083
6769
1169
6312
1229
1660
5939
8757
3368
7946
9440
3416
4827
9731
823
8724
2624
3182
8772
4509
7133
649
8769
3250
4781
1480
5763
942
664
2351
9415
8655
2033
3919
3033
7938
8536
6134
5486
3745
41
7756
5282
7966
8013
1383
1200
7966
6225
5941
3970
4276
3694
9009
110
897
9160
7139
5080
8860
6354
1723
5993
3948
8544
6347
7955
1330
5313
636
6414
9466
1800
4693
3604
351
6655
112
335
9205
3098
8255
6548
8173
1349
3992
4924
1590
6951
3413
3195
735
9088
7022
761
1264
9397
6649
9924
6165
6751
1204
9100
753
382
5886
4104
2530
3066
3467
2356
6694
8080
3720
4889
4502
5141
6938
8288
5412
1601
2711
5004
8630
2761
9437
7798
2334
1471
2114
6416
2869
7391
865
1757
6513
996
7025
8892
4453
9468
8606
2159
8195
7300
296
3653
4322
3260
3360
5581
7199
8820
575
3701
2480
8631
5764
378
3141
8356
8538
4783
7892
1457
9658
237
2179
9475
9532
6835
6972
3675
8297
5436
1048
9419
2034
8696
1155
8676
596
6232
2326
7217
1286
9777
1419
1327
5407
8090
6946
7594
8712
3227
2727
3040
6892
6194
8678
2031
970
6366
6729
1856
7586
5969
6087
7824
8065
1211
1168
9287
3411
7816
9253
1094
6318
5885
4989
760
8055
9962
3999
1292
3166
9320
1441
3503
9418
7933
6061
310
4005
7356
1358
8191
7951
8692
5897
2076
7500
5259
5739
2102
7984
6367
3543
6459
3398
6419
1153
1944
1275
5079
182
4746
9252
4866
3962
2820
1455
2663
7970
8264
9703
351
8939
8111
3733
1848
2990
700
676
2359
6313
9150
6010
9491
9221
1136
1517
5708
1554
4935
2300
9526
9450
202
3240
2394
7580
4674
1066
198
5882
7784
2620
7515
5386
9497
4792
7310
7705
1731
1711
1065
7468
688
7675
1004
2424
4964
7133
5959
3896
4637
5330
4294
8249
3929
9944
3938
152
4176
1944
1246
245
4877
9205
1870
7749
6400
9746
9715
8390
8380
7768
7525
8675
2634
6427
3840
7563
6830
8983
9179
6829
5156
7938
9749
6682
8588
341
8152
9161
6864
9051
7085
7258
3218
1880
6240
2794
7056
8599
119
6685
65
6277
7828
6244
8239
4878
1987
3900
9211
1729
3874
2462
5806
1736
6885
3729
3614
8155
4975
683
2890
4507
2732
4131
7481
659
6532
5305
3691
6859
8343
8406
8229
3292
8059
2883
7283
4655
1793
1525
1752
2291
8394
9679
201
5084
5365
3666
3727
2219
1493
6404
8586
5590
8602
7376
9949
9599
2148
4878
1382
1172
7331
3739
6553
6299
8381
8371
8254
6947
3988
3823
839
2250
4308
927
800
586
9252
1742
5622
7432
7702
4409
1355
3286
5220
5638
9494
663
7362
865
7922
8704
7131
1957
4005
1473
3289
8651
3343
8032
6327
5327
9769
1920
8635
9275
1676
8058
1391
1400
5859
9608
4796
2159
1132
8114
5531
7147
2214
2689
8444
4912
5021
5220
3772
9036
1617
933
3910
5251
1280
4194
6603
5157
5277
1291
4168
1895
6014
6248
4294
7184
6898
3627
8974
2329
7366
4434
3244
1597
5554
5906
3302
6255
4736
9670
8071
8777
4917
2971
4593
6616
1735
5472
6217
5375
9047
9221
8725
9256
9561
6380
908
9978
4790
478
9919
7116
8726
1764
1262
7973
9093
6855
2394
6871
4303
2864
4697
1339
3663
8896
3873
1126
3304
5750
8980
5908
3126
5644
1238
9321
4125
5974
6882
2853
1192
7406
7341
112
930
6351
7926
6988
1249
1261
7542
448
1765
564
2104
9944
6424
7505
4177
8601
5626
8316
9263
5311
8704
3847
4909
6250
5791
9646
2896
6884
153
4597
1309
3567
7703
6940
7044
268
6945
2040
1935
7149
152
4653
7658
4460
5219
3267
7714
792
7532
156
2645
2911
315
5632
4400
6436
5411
691
8217
9917
833
3750
2548
7524
8326
8482
672
8895
9156
5647
4683
8045
193
5998
7778
6755
631
4187
2319
3937
1295
4271
4923
6827
8073
1874
8387
6285
2851
4852
1889
5641
7451
7711
8327
5048
7038
2883
7037
564
7460
1024
1806
5778
8468
9747
4434
2857
3933
1032
9465
523
4213
7718
8927
6161
8299
8695
6282
5178
4372
4979
9459
2292
1679
5531
6092
2908
1059
5062
7942
8294
9616
760
3867
3703
323
2194
785
3810
8656
9875
9121
383
254
1271
3974
4289
2366
9711
6881
6296
2954
8521
9889
9143
7085
2844
7612
9364
5371
7802
1796
6071
2463
294
8854
2716
2168
3636
5442
43
547
1664
2278
6599
9242
8633
2823
3914
4036
7821
9511
1797
3301
4464
1345
91
5464
6215
154
495
316
617
2051
2365
6033
8787
6199
280
4345
6242
7986
1232
5058
197
4860
2044
6557
3879
6573
507
7321
5650
5189
9182
4138
5378
6814
2815
7548
8788
6881
1227
3380
2878
6493
6010
7269
2345
8591
9684
6958
9709
3244
8425
3313
1497
6860
3397
782
2624
334
818
4300
2171
7512
4924
6163
2622
3015
3291
3310
9135
1828
8150
8785
6879
6684
5256
6076
3642
1835
5570
3904
452
759
1301
755
6084
9895
6496
9054
5248
5294
1513
9101
9778
6283
5621
5927
3915
7089
9387
5181
785
8670
1190
9279
5627
544
4836
3217
3156
3263
4895
4571
7397
6802
3187
436
1029
8316
4594
8209
8694
4214
531
9819
345
4325
1970
124
5538
9840
6306
4969
2166
9875
2040
4806
6156
8296
3276
3338
1385
3274
8202
9882
5689
2843
8269
5737
560
4107
6594
5499
8469
3888
4150
5874
894
9310
6026
7625
5930
2575
9824
3767
1902
4276
4516
8058
8237
2071
9653
6118
3946
8498
2317
1638
4866
8609
154
8244
8510
7685
5339
1878
3940
8331
9447
7960
2773
5177
9956
4576
271
3042
1609
828
234
5928
8922
4947
7590
7887
8599
5782
2719
6084
7883
6198
9434
1955
9429
998
7522
1905
1041
527
4813
4165
7376
6900
3864
6020
3037
7114
9062
3633
8445
4899
850
7542
1152
4777
7362
9972
1563
2851
4340
9147
8194
9542
7596
2817
9560
5731
5885
7102
5369
7563
6410
1101
4839
9145
1753
9482
933
7695
5936
2265
1991
1112
3269
3937
1538
4896
5398
8548
8642
5068
8432
7849
5940
7149
1429
2211
5300
4908
2030
2892
3861
7415
2040
6739
2139
9779
7226
3294
7238
8570
5358
9595
6370
5694
2839
9441
1321
7987
1239
4631
6545
479
1486
1844
7780
1737
3929
6679
8248
7074
2886
3815
4663
1956
7460
4766
4593
8366
8396
6635
4793
8318
502
372
6807
164
3069
4568
3815
5173
2142
100
8964
354
8137
4091
1703
9831
5727
2967
7877
923
2933
2124
9234
6101
7726
2068
5754
9565
9712
6467
3451
3903
2025
4276
2396
692
6427
9646
6739
8960
6270
3012
4372
5420
7394
6372
3440
4962
6322
5189
6338
6882
6978
7695
8787
2831
7527
5935
5709
5601
4187
4810
3645
3082
3589
1675
616
4378
6076
7809
3677
2859
8433
5468
8128
8230
7976
8375
9067
8593
2866
1364
8866
351
3231
9452
6374
4208
4904
2508
8045
4986
1312
8968
1363
5584
5916
7253
8874
6679
8230
3493
3089
3642
3822
9075
8135
9519
3508
2664
4366
3342
9735
1082
2368
8127
1346
6967
8551
7886
8119
4458
5335
4072
2554
7418
9195
5876
766
1336
8178
6742
8344
7987
5214
1735
5505
2255
1617
4455
8480
797
743
1534
4211
5270
2241
1382
6962
4427
5428
776
752
9108
3889
4924
6147
9918
3899
1040
1642
6480
3797
388
8560
8173
8943
9573
5541
3291
7453
6157
4502
6863
8340
5325
3583
6702
8207
19
4498
8844
1116
1919
4493
5563
6843
5017
9764
5531
3332
1397
9349
3664
8474
9963
6213
3258
8298
1965
8444
2032
940
7832
664
3277
5301
7498
5560
5930
1852
7451
8174
2614
8241
6164
2539
9241
2912
178
6740
7659
155
3744
8618
8205
7660
5582
1675
7489
5871
576
799
3675
6640
6991
9332
1527
1832
6033
7224
4312
120
3227
5685
884
3153
7189
2385
5889
8170
9344
7168
2716
8263
9329
4758
755
5369
9881
6571
6035
7413
7737
7765
1927
7076
2869
6042
9487
3136
4325
3611
3562
1561
6026
2201
2744
1299
9695
2530
4029
1221
2433
4954
3646
5446
4172
4554
8604
6108
9144
8094
4257
1275
103
999
6673
2813
3213
3462
6890
7382
1867
5590
7025
1015
6732
9889
3658
2882
4673
5924
6967
8580
9740
972
8199
1959
769
4877
2667
6932
8168
756
965
1024
4094
8844
4942
2308
805
8942
3387
1797
296
7584
8623
9119
6645
9147
8641
4420
6504
102
3988
3091
6290
3884
7904
5436
2545
2892
4134
7061
4540
7204
811
7629
2699
5919
6402
1515
6821
515
8841
3751
5559
5282
2940
8098
2333
2346
2686
217
1186
4568
6974
4286
758
6986
9729
1046
8027
7046
6215
3207
3201
2750
2055
1607
3838
1342
60
2176
9194
2792
2377
5737
6731
1922
5958
8979
3720
7149
6151
8725
8537
6724
9
8187
8053
3538
2484
5482
4980
2877
922
2941
2556
3228
3026
3886
3658
3749
2215
9530
6759
308
5507
6091
5146
927
6511
2135
4331
7703
680
8625
8769
3667
3917
8507
9991
7860
3016
3998
4804
7617
3857
6920
2066
3467
9350
3111
2226
9649
1304
8199
1708
208
5302
1798
8100
5101
2666
5578
8536
1126
9867
634
8016
7661
2951
802
644
511
9870
8074
3730
6427
6577
3964
7519
2714
3695
2674
194
898
9965
4901
8152
6139
6650
8859
265
15
332
3340
9688
5458
1882
2887
3191
3466
5915
4245
721
6738
1366
5397
80
4252
1620
5797
6932
4125
3192
9109
3046
1119
7234
9318
7442
132
872
8383
9676
3892
2195
7037
3245
220
3072
3539
7823
3692
2120
747
5301
8869
8150
9007
3183
325
2919
2349
4852
6921
835
4289
9927
3720
2681
9791
4758
1785
2996
4002
9046
7277
4036
7749
3514
8553
3227
6571
588
8308
1091
5984
8403
4049
6791
4758
8758
7778
2266
689
2607
9492
9204
2572
4745
5167
5677
9293
1657
8826
4006
9328
5287
5050
4351
8946
3876
7729
9385
458
9521
6877
8960
1638
1915
7880
3675
2855
550
3382
3230
1053
2692
9198
5663
2924
7697
3576
3757
1991
9527
966
4621
4540
2123
7463
3215
2544
4660
5048
6388
1310
3366
9812
3864
9413
5385
6185
6306
4611
4278
7731
8329
5260
2064
1709
472
1223
2079
6085
4631
256
213
7018
7780
5937
3883
4279
2573
1741
6553
8252
1759
3697
7737
7559
1373
6400
9128
5756
4148
2532
7420
2
7757
8430
8229
2375
1907
38
1377
3723
1747
6415
4693
2631
1934
6128
980
725
3762
1214
7376
7021
7305
8409
648
3395
6566
478
3821
7800
7024
5978
4837
7249
1580
4073
8919
2729
5285
4336
9712
1078
4626
9242
4414
8136
1767
6470
8799
5798
9881
7488
6847
3749
3431
1525
3284
9943
4435
8309
4925
5380
7416
6149
4541
2317
4894
2794
9846
5943
8467
6446
3702
5038
9149
9233
4310
4975
7368
2787
7818
7462
3459
4542
5829
2869
7676
8802
9077
4030
3451
7224
4864
3968
3069
9941
7440
3045
8638
2641
1068
4796
8610
3418
3771
9068
7473
5391
6743
211
9273
1556
1071
3090
8174
1404
756
4412
8909
6498
3026
3377
1715
9934
1189
1533
7376
9719
2580
5478
9505
2591
9124
5577
6520
5342
267
6555
7355
1915
2395
4800
2441
4711
2737
9834
5712
2437
3424
7994
295
6653
8701
703
259
5106
5183
334
2570
7034
2239
3052
4171
1940
7968
5845
7438
2418
3136
9716
5330
4368
6322
4992
621
3274
1516
4890
3383
6686
8983
4804
8422
6186
3806
656
2728
5602
5852
5541
2367
6640
3385
9270
1019
3407
692
8256
8048
3506
4148
9093
1146
4379
9200
9966
519
1512
3853
4359
5241
6489
7307
1480
1874
7904
8676
1126
7808
4159
9444
8330
7757
349
2315
9781
5567
2649
6408
9187
1509
5766
9213
2873
4071
2048
4359
6631
6025
2318
7936
2450
9838
2138
3798
2131
2757
4007
6245
3090
5196
644
396
5447
9042
1374
5612
127
6677
2509
7773
5482
5789
5595
6979
4406
4423
321
8725
2258
5539
1881
6348
116
7508
4370
5998
5341
6926
4910
8054
9807
5395
9762
44
9917
6455
2125
1625
703
5038
2835
754
2224
5230
9988
2477
6496
5379
2975
6759
9673
5955
3120
3243
4761
3458
5108
6397
9250
3101
6742
2711
7769
1878
6531
2625
3852
956
2269
1225
2096
1333
1422
1395
1003
5679
4973
7360
7779
2394
7568
8576
2971
6902
5962
6799
5138
1809
3357
4261
8423
7114
1077
3098
6117
4053
1878
6377
2530
7044
979
4697
4177
7744
4273
6106
657
5632
804
3722
4121
3475
1881
7276
8170
4220
4948
7887
5601
9526
165
7682
9476
6186
9913
2845
9702
3236
9476
5901
3640
8994
928
6821
6673
4471
2432
720
9965
1636
8503
1373
5269
5112
2664
3549
9297
6982
5152
8833
1782
7244
4702
9141
5260
6852
8750
5889
2225
953
6199
2064
3773
3062
2322
4543
98
9687
1270
7369
1342
8032
3125
9701
1770
6189
6710
4289
1294
403
4059
1767
6395
4244
8606
2671
1019
3131
272
831
7911
3243
4120
1134
1593
1935
7829
2638
4264
828
7158
7099
8575
8677
4137
4963
4807
8751
573
6141
2367
3300
8305
5575
6964
8852
5051
4606
1998
6506
5901
9164
3123
86
214
461
7924
8475
5202
3341
3959
300
470
1618
5148
8594
8440
6655
6067
4966
3428
7356
7095
5064
3942
939
7337
5248
7953
4365
7837
6011
1730
4902
9311
6714
6422
2443
5992
3621
5572
6554
9996
5128
7493
6513
4962
8192
4368
3129
7472
7266
6287
2588
1892
9289
719
1369
916
8440
2149
3668
6087
1958
7223
2449
1405
1620
6602
4187
992
8740
9039
7211
9469
7745
1819
6448
3245
9442
3738
2495
4764
613
4793
8667
5189
1777
9841
4149
3259
240
8193
4137
2007
2746
3322
1129
75
5913
6460
5046
2152
6579
1856
220
843
5365
5000
7744
3718
9094
2544
2098
5658
4347
9793
1745
695
145
1117
3177
5207
3347
5102
7967
5214
5833
6571
7707
7052
2409
9020
51
727
3196
9448
5424
1201
3687
2076
1821
7650
7440
8757
6229
6041
2833
4035
4241
8248
1309
2450
6219
7212
8237
3266
2020
5518
5145
1826
9825
5595
4189
8381
2582
5449
734
5570
809
4047
9212
6674
3174
7659
3629
5443
9747
9309
1362
2264
6870
4902
3304
4436
7158
5531
4230
308
771
3916
7882
1688
2518
4103
3383
7537
3725
7185
7609
1483
6981
4861
9029
7977
1448
1876
6796
6001
6623
894
9942
1230
4519
3858
887
9016
4574
8272
9147
1370
9654
7385
3411
9351
4376
4100
4403
3590
3603
6527
5201
7208
2168
6500
3569
6507
8525
184
4649
5742
1567
3538
2882
9534
6439
6684
4400
3328
6100
2101
7262
6209
6601
1353
6194
7314
4670
7564
7885
6987
9702
3898
1993
3532
7122
3957
862
6687
5129
9269
2809
778
4630
4197
4542
642
9144
5423
9652
7199
794
1784
4992
714
7704
5872
6043
5492
6066
5369
1154
5273
7917
9941
6919
5987
1771
987
8613
2818
3913
6827
5038
9914
998
903
5305
6446
2614
1426
1430
6305
2510
880
9547
9314
8762
2687
3771
5806
4927
8889
7909
6367
4306
6588
8733
9947
4972
2083
7959
3738
9191
3540
6496
5577
2597
2268
1159
4140
3932
409
684
2610
7764
3496
9022
5972
8368
3069
6726
8706
5495
8724
1267
4860
5458
3558
3153
4923
4555
4963
7454
8425
9883
6674
1216
6469
6505
5117
7834
4023
8104
1357
646
9964
9313
7575
6257
2339
2635
3317
7760
3247
8739
3364
9038
6813
8386
3240
860
8204
1227
1753
4165
3952
3864
9386
9455
4635
6600
3090
6695
3427
7171
1388
3670
2463
4250
1542
150
7462
190
5682
369
9678
3805
9226
488
6185
8849
4572
1219
3231
3412
8125
5072
5045
8902
3183
3274
2522
6030
4178
8361
7741
4485
1921
286
8425
7885
189
1320
8777
4869
6927
3369
3724
6876
509
8634
6313
9201
4365
4473
1995
3423
4710
3221
8482
1229
4068
5420
5287
932
6437
700
963
8496
5825
4884
1785
5588
8342
3675
2857
4438
9310
3066
8094
3244
8159
9046
2450
1362
3082
748
4377
8690
2739
6028
2790
4591
7169
8666
4398
4995
1089
5347
8678
4967
9940
6273
7785
3253
8037
3304
3274
5396
3801
6619
8895
5552
3150
5177
8851
5188
9041
1951
798
6193
8549
3364
9421
359
5209
2883
9253
328
9047
1154
6084
5272
3253
4682
6571
5569
3185
1960
8001
4654
6879
4392
9459
3247
4151
3306
9906
9159
1893
1961
6281
3177
488
692
130
5022
8724
9012
9626
3005
4350
5614
5133
9689
6654
7416
4144
2184
4834
6741
2276
3244
7300
3510
8909
2861
7605
3793
4939
5047
9524
48
9897
6248
7942
7876
7299
5193
2281
1084
1605
5327
573
5665
5869
4128
2961
8446
2765
798
4114
6643
3114
7383
9913
2728
541
1488
3912
5419
8321
7685
7224
5165
4283
2971
5520
1446
3657
733
7273
7710
6818
9742
3915
4060
3639
2054
2568
7200
2625
7219
8390
799
5994
1879
44
8152
6891
9687
4338
1439
4511
4689
6644
1718
968
7496
8084
1695
6957
6691
5187
2250
601
7532
1169
7865
3287
6344
7936
5810
5197
1255
3016
6658
7461
4391
3172
4308
1769
2416
7222
5139
4776
8775
3906
8097
6811
6198
2460
3251
8105
6070
6698
5532
8615
3271
9062
5262
9249
3426
1518
88
78
7611
2754
1342
8350
2491
1695
3914
5715
1666
4901
668
3500
7426
8900
9059
9312
825
4972
6776
5977
7974
6246
4800
2401
9979
5065
2388
7859
40
1463
6449
830
4231
8477
2625
5613
7792
2330
8429
6310
6642
4552
7058
474
838
1073
7702
9256
9633
5726
3991
5447
2394
905
6797
445
462
7505
2286
8713
8290
6152
8080
6754
2704
1004
3989
7869
3333
7913
203
9516
6635
4804
1459
2380
3630
9853
9128
2746
5353
4370
6356
4930
16
7513
4533
8939
1044
3680
6213
6356
8909
9899
4466
6764
8135
2634
6321
4474
4038
2950
335
5815
4656
807
3244
8797
1949
3993
4104
6196
2774
8874
8351
8791
5403
6073
2369
5790
7724
8839
8271
1120
7110
1962
1532
3444
4382
229
9580
3055
3130
7067
3929
4807
3456
954
6880
578
8868
6933
2666
4721
7928
3570
4798
5581
7819
1112
6305
3548
4112
4251
8028
5119
285
485
7744
2107
553
7615
1619
4418
3685
7714
8419
2969
1772
2603
2468
2307
3447
7356
2481
6360
5927
1307
2640
2842
279
7439
1983
3356
2876
7994
5237
5682
264
3258
8205
1521
5102
8928
147
4421
8972
5207
9053
4774
225
9487
6297
6169
5542
7557
4483
9221
4050
4506
6782
2252
2527
7084
6984
5090
4267
4566
9568
8684
8541
6449
7370
5676
7186
3673
8560
7023
1859
9548
7678
6964
4038
7074
9278
8241
7818
1884
9516
3734
8415
2220
603
5512
4178
2276
1729
6038
3676
8475
29
3362
3382
3227
6473
2237
5506
272
8585
5833
5458
6131
1661
6505
7864
9182
2633
6617
5937
1464
6523
4380
8033
1628
8043
8214
3460
6391
9146
3945
7530
6033
2284
9898
4586
6312
3243
1574
7497
2661
8681
87
7826
1139
7036
959
9454
9120
3252
4133
5063
354
4894
1798
5058
5867
9771
1445
3548
6782
4400
5559
9461
8442
3428
5626
9364
6692
6091
100
212
7217
5905
490
8484
9643
2997
9365
382
3401
2746
9819
6685
2665
3791
5457
1228
7597
6871
4825
1788
2186
7880
662
6568
8568
5076
8028
8144
7288
8829
2984
8280
1611
3700
4808
9832
999
9555
3588
8740
1987
2298
3938
953
2757
2986
9290
2582
4115
2980
942
8359
1425
4911
3739
3718
1482
9183
8518
8934
1073
2668
9110
4752
2479
7598
3501
8112
8336
5415
9887
6790
2639
4195
1709
5521
8328
1465
9103
4940
6391
45
4072
3982
9662
4713
8116
5361
259
9150
8803
3227
194
9856
9979
1733
5139
4068
874
7755
2884
5293
2942
1451
71
9502
4971
312
2554
2164
558
3723
3850
7954
1312
7869
5716
9681
1008
8200
9441
6851
410
318
342
7631
8032
7769
3891
848
995
3324
2857
3528
1993
1120
5259
8499
3050
7251
3223
305
1979
9478
9099
8524
2282
6083
9017
3858
8911
9062
7051
1221
4756
2510
2927
405
3785
7352
9153
5068
6080
4180
9894
5832
9837
643
6347
5542
3814
3327
7486
6273
9052
2089
9608
4127
7318
7789
4095
6032
8511
8479
422
9563
6531
9983
6901
2631
1431
961
721
1992
7458
2796
1573
5811
9981
2347
9249
8332
4041
611
7217
6653
3461
4045
5878
3313
6870
6147
146
7595
3504
784
4197
8883
8343
5933
1497
5984
4518
2282
5538
1195
9664
1486
4298
9585
9680
1253
4385
5642
5732
1056
6980
3935
164
3703
5212
6927
7210
7039
8556
4290
9404
9547
9405
3516
2443
6033
1364
2064
1837
442
3647
3429
1172
5316
8225
8767
7434
1952
8655
7912
6517
5330
9342
1293
9173
4295
7396
3866
381
7761
3497
6488
8597
9479
2111
4767
5213
1825
5313
7619
4073
1599
1555
9432
813
1882
55
3106
7951
2899
9934
2736
4186
808
9943
3593
6488
1346
2427
3787
7203
8547
4459
8243
4309
4815
4403
7732
7392
7680
3619
2361
1743
7448
5443
3856
5834
9900
8214
209
9521
4576
242
6969
4647
7119
7886
4389
5691
9041
4456
3623
2385
2440
2809
2603
2452
314
9023
1869
6457
1333
8298
3841
5073
4629
7969
4528
6466
5744
1879
9136
4968
2857
6559
7621
5433
8395
3118
8261
6238
6560
1654
6659
2641
8578
2840
2311
4548
2983
4219
5972
848
4056
8540
3858
5921
6272
3567
2918
7749
4599
5847
7542
2884
4177
3305
6970
8632
5220
3847
6637
439
3118
8312
3235
5548
9367
3482
2824
852
5173
3150
5515
9964
1841
1848
6594
4581
7275
8087
2092
613
8644
9924
2740
6193
2099
7358
337
2392
8426
7555
6798
4609
8571
5675
6459
7833
1339
6152
9116
3343
6965
3568
8019
3090
7016
7251
2110
8009
551
9216
5708
5752
2530
6893
2804
3634
4137
7494
4431
6929
3943
5548
7725
3421
8511
2392
5384
2320
5183
6268
2081
8327
8603
6722
3495
540
7333
4609
3173
7755
2241
913
725
5969
5895
4290
3518
3411
837
3596
4433
2367
6601
2969
4258
5497
7791
5187
6523
3072
3911
5730
655
45
4159
7400
2276
7520
6833
7870
266
5055
2109
8066
8877
4283
1357
3546
9950
2975
6682
1428
2797
4558
6526
6043
5253
2594
5828
7446
8908
7303
4402
8257
9733
8601
1137
6713
6616
6367
3311
611
6695
6260
6390
8569
3287
9027
6325
3867
940
573
8973
8343
8519
8683
5203
4523
866
1209
4343
4132
1625
7957
6685
1234
7074
4414
5804
8647
9542
6552
5944
8755
5143
6360
6008
1889
3745
5019
7438
1258
4720
5397
600
1924
821
6878
9673
8640
2790
6928
3105
2321
8331
1912
1587
8856
5023
8180
5075
3322
6663
9080
9849
5465
8902
9273
9445
3018
3864
516
4151
9618
5237
1568
9966
7809
1539
7322
5171
3562
4009
4067
6603
6837
7921
6441
7932
9480
829
8116
8990
2152
3252
350
2043
1381
2509
8638
1112
8692
715
2321
2423
4292
6296
6464
7135
2630
1796
7559
2342
2306
2108
2511
1699
5603
4759
74
3102
5959
8110
235
8079
6417
4679
2265
610
6918
3980
6225
8623
83
2413
9261
488
1980
4099
200
5969
2626
2360
6602
9540
8289
3750
5952
9750
2612
8573
5565
5171
3363
4178
8748
2053
8756
774
6649
2433
9098
6534
5910
7549
4998
5544
5157
3610
8828
3783
9961
7811
1460
2484
6597
192
5730
8797
3731
7031
4231
1
3391
2916
3551
980
8338
8200
3001
124
5823
2285
968
2207
68
4114
927
8958
252
5646
8858
9877
2093
916
775
2635
9162
506
3363
4869
9309
4321
8820
6834
2760
437
6367
704
797
213
80
9124
9711
7268
2053
2091
3263
2071
2909
3600
3446
1917
102
6700
8716
6676
4421
7454
9913
9133
412
4568
509
2193
209
5282
5958
4015
1097
6469
1583
4096
1698
6383
5290
4709
777
9011
9624
138
7458
3992
3384
5232
6408
1834
5149
9025
4835
8457
5841
2637
5116
5470
3915
8393
6643
7931
8979
2736
2215
3509
5926
907
1920
7091
9778
7900
2827
1004
1846
6079
5462
9587
6747
6255
5095
2311
7169
7340
8242
9602
4090
2192
973
2402
4887
171
9965
1390
7244
5919
5227
6862
5085
587
7769
5703
1800
9315
8169
9724
2717
9221
301
3084
8686
6845
4203
100
5312
5555
9681
1558
7108
7115
9316
9727
7053
3144
5983
8650
5568
8402
3514
8262
3304
4855
3785
1275
541
5405
980
7746
6968
4069
9457
1477
9204
4684
4506
5044
9242
7088
8592
68
804
4392
2769
8402
145
8501
5599
6916
8697
6721
3643
9303
8836
9646
567
4936
9952
756
3020
8725
6323
3045
4924
1670
8936
7640
4009
9926
6840
1730
3556
3786
8004
3097
7365
1456
9250
7835
7264
9359
3634
9973
443
9635
2902
4410
9432
7991
4577
4293
568
7846
5590
9411
9597
8618
9754
9551
9515
1006
5021
4134
3979
6317
9791
581
4335
9639
3396
1942
7010
7691
5053
1501
6651
355
2484
8598
613
3486
2877
6772
7294
1376
8136
121
8952
1411
5244
2622
5316
9319
9822
323
5788
8030
8712
7549
8361
7613
3185
661
9094
4819
9211
7174
886
1084
4127
118
9977
7127
138
6055
6035
8158
9954
1117
1682
6774
2131
122
1871
2400
6304
154
5008
4743
670
9691
3539
6690
6104
6361
7230
116
4433
1065
190
2496
8669
3776
339
776
9955
3162
1977
3446
1887
6613
9588
2326
5508
9852
1005
5518
9546
2842
6256
4958
2676
7217
6080
451
9641
8874
4746
397
7139
2648
1972
1012
1895
7687
8957
9889
1175
5288
9119
2657
6310
6036
7028
1888
3500
4116
6229
7592
3738
493
2171
2979
1378
8546
7887
773
2069
1456
7727
2648
5173
8940
7950
9998
2227
6999
3148
9956
968
435
5246
1619
9691
6546
7291
4979
2951
3699
5415
7892
367
5287
7024
4666
9982
8778
701
526
3783
2633
5458
5952
7694
6198
7842
5859
5673
7896
6977
9856
4967
3072
5482
4233
3827
6520
5890
7163
1252
6019
7371
1292
8110
6494
6541
3702
6340
3889
8249
8344
6766
2927
3222
4899
3690
441
9883
3952
2752
9662
4716
2046
8811
6610
2521
7363
2916
4834
83
5337
8290
3384
8904
7079
3545
3632
5949
1438
2422
4279
7755
6899
592
8349
4718
1937
3505
439
8523
4082
7366
811
4360
3823
9238
5201
2611
3450
8257
3012
6066
5008
6701
223
2025
4240
2835
3602
5884
3307
1949
6383
7512
9308
2123
5643
4690
6960
6180
7006
6269
896
6588
765
889
932
599
1090
1743
6150
6971
5083
1862
7561
2086
1408
9640
7841
3316
4870
5747
440
2479
4916
1990
2119
4206
1389
575
31
304
3943
6162
6534
8601
8343
570
6106
6731
2649
5279
2550
5728
3471
8927
1493
2112
6161
5546
5463
126
1228
7732
8211
4326
3623
9377
9601
2269
5801
2715
1268
1464
6542
5464
2079
7067
1420
6385
2546
4323
5757
9393
9012
1585
3407
4391
4240
3200
1933
8575
743
1795
4871
3509
425
4916
2954
5328
718
7885
7719
5126
2170
4270
8791
5486
6874
5752
6931
6982
8923
6310
4550
1573
8807
7692
8934
8166
8572
9143
5363
6000
4982
196
1289
9396
9578
5459
4306
4736
3579
6945
1380
3116
7569
870
119
6182
9550
2062
6564
4769
8336
7240
9703
4763
120
8091
1861
3019
8619
9828
8217
8192
2192
3199
7997
1083
3936
7429
7027
397
8005
6321
7781
4168
270
4080
4679
2698
2292
2553
2157
8926
4540
9789
3304
621
9079
7219
3657
8434
6891
3937
4731
4083
9847
5729
7870
3322
6650
4479
8737
5031
3123
7465
9413
5824
2485
9930
4486
7680
1846
4206
6780
6601
1970
1655
1024
2690
1349
3728
3228
6713
5322
2914
1890
7800
3044
2628
5268
1701
5199
4350
8526
7831
2288
532
5579
9122
4905
2228
3435
78
1316
8988
1782
1443
633
4050
8204
9430
5342
8126
4069
4114
5807
6834
8548
4868
627
6495
1260
7518
3073
468
2268
4675
7221
9684
159
1845
6985
8935
6524
7737
7907
3544
9641
7419
4559
6850
2172
1862
5280
6922
3804
1707
1710
4693
2709
1658
7726
7235
6875
1026
7852
2983
223
7352
9713
5447
9162
8584
5855
8491
1931
140
4811
5583
1288
7124
6079
8205
3125
7963
1832
9731
8821
2979
607
4561
4980
1179
5977
3945
9769
5144
996
483
1683
6212
9876
4042
9171
7811
3210
4778
2934
3885
4199
3118
5362
6060
1568
5920
396
9430
688
7393
6840
8732
9785
7073
8215
2363
4773
6803
1084
2372
3927
3907
9814
6065
8444
4776
523
1420
3065
3579
1245
9084
8288
3578
8718
6747
9108
7290
2477
2743
1754
5102
7305
6367
2517
4423
9891
9438
3115
9269
7865
343
6110
3503
4381
2944
8960
9768
2777
2032
59
6747
5848
3403
344
233
9639
1379
8719
7808
1581
4567
6659
5811
7596
7214
1755
2133
6786
792
881
360
6682
323
8870
36
7650
2790
7021
8047
3641
169
7461
5424
5651
4633
487
3044
2465
3494
8536
4510
3764
4697
5425
4665
4793
3570
8465
9705
8398
3059
1650
5093
6152
7815
71
9870
695
9116
3794
1618
5199
824
6912
7818
7021
1783
4884
4743
4721
2491
5772
7095
9153
8448
450
8547
7186
8881
7493
2614
9274
7634
3086
919
576
7570
4409
8238
8138
7424
8560
5540
7576
9916
8213
8904
8251
8978
4390
3443
1602
5981
8388
5894
3744
7524
1009
8652
1044
6217
2579
7176
7944
6439
550
2220
8140
4828
6137
3508
4455
6102
4460
8423
3031
6821
6094
4913
9471
6143
8350
6789
6235
6083
7908
650
1727
6501
6512
6056
1435
5435
6587
4306
4898
3798
7432
691
3457
3088
9814
520
599
8213
3730
2420
3193
3088
5892
8195
1137
8456
3123
7419
8217
2221
7832
9904
4304
6292
8867
9420
8622
5896
5456
2585
2540
1934
1068
8698
9562
3828
3104
6741
6765
2305
2923
1824
4203
3586
4686
3264
3442
7748
9023
2930
9798
7307
159
1314
8091
2658
5051
1616
1971
369
7689
8094
3182
6333
8295
4881
2501
2467
9217
754
9908
6754
3190
9876
4902
4415
4067
8371
4071
7017
5693
5765
3122
7871
9233
1138
3870
3898
3001
3428
2045
7807
4862
4368
1379
324
1889
8000
5751
2636
4373
9318
249
6396
2248
9424
8299
6385
5167
9565
4909
875
9582
3263
8896
5420
4081
2677
2693
2616
3532
9463
3865
2064
7894
9652
7477
2772
596
2535
5073
1733
4141
349
7050
7151
9247
723
4294
2981
1255
4269
7083
4295
7559
2285
8474
1897
44
3275
6953
329
1690
3944
2286
3935
3451
4748
3778
6659
2552
7526
305
1920
323
1888
9456
4554
1265
9713
1650
6950
5786
1677
8247
7432
4218
1028
9004
4515
1350
3428
7360
9901
2663
5785
378
6992
5299
9768
7743
6726
9539
9657
9228
265
3063
9759
2547
3069
6814
2393
1682
6064
9269
4067
502
765
375
1030
4095
7947
5970
2895
517
4505
4500
8638
2995
6509
7228
9168
9939
218
132
5167
9098
4384
5250
6899
8820
7019
3465
4051
8449
3928
5540
1054
2429
2405
4332
2569
7081
6774
6056
7425
3737
7630
7061
4462
8720
6382
2871
7670
5587
3064
6534
3639
1217
1457
5378
945
582
4316
1263
7346
6767
4560
7827
6270
2201
7988
8750
2015
2034
5832
4705
1661
3677
1660
1652
7535
9516
33
1733
4605
4060
6811
6010
4517
470
3156
8492
5672
4599
621
6733
7387
4156
6757
7858
1811
651
5866
9073
1938
8624
7139
5075
4656
6714
878
1841
3271
7640
5670
3817
6074
3594
2339
6802
9110
1062
1338
545
2178
5922
9437
4802
8009
7381
2649
3974
6285
4255
8710
8726
578
8752
569
3507
7789
9885
9889
7561
4158
807
3742
1445
2860
6804
2872
4343
5385
6645
7602
7503
4310
9571
4521
9424
1971
3207
8511
8118
4767
8142
5407
6327
9556
4346
6589
1201
4141
4582
9771
3226
5978
3523
9598
5527
2394
6358
4917
9181
8131
7680
4246
2942
2206
2197
134
8886
9990
2513
7134
2162
445
5410
8260
4925
7823
8340
1612
9645
1654
4987
6204
4859
4440
4750
5346
8961
3729
3633
7495
6953
4538
3603
1769
6212
7762
7840
1923
7259
1093
4914
2893
8486
442
5791
6315
8309
7302
8518
9480
2477
8483
153
3559
493
7477
6547
4232
6321
2059
9704
1849
3032
7066
4726
1478
1014
1288
607
9770
4570
145
5522
695
5352
9578
453
882
1360
6823
8462
1730
5573
6861
4698
5787
3100
7998
6465
2268
4263
8223
11
4811
1212
8735
199
3781
9505
7094
8847
1030
3742
8590
5404
4612
6545
239
6522
4604
980
5752
4296
1458
1870
4602
2239
3618
3986
3366
7144
7867
3433
780
3379
7244
7750
9503
7706
8526
9906
6761
5214
1084
909
6658
3317
5017
340
8906
4247
5974
1172
3215
1807
8729
5678
6582
9480
3287
1120
6735
1865
6494
218
8495
6368
8081
1849
2506
6507
9540
4470
