4 98 9584
3775
7230
7571
3052
4921
358
6156
3911
1541
5659
2082
6954
8281
8801
5578
7518
5163
4107
257
2649
3612
5888
8110
8625
6318
4518
5370
7407
7230
8636
2535
6700
7435
5908
2929
9937
5790
2028
2873
1340
2150
5778
2914
5412
8824
8765
8366
1447
1096
6841
937
5170
6778
6531
7953
9344
7719
2815
6027
1485
3439
2277
8314
3607
6770
4585
3925
8590
2901
5836
2600
1135
5765
6872
520
9882
4095
3426
235
5345
816
2250
6225
6210
6955
7293
6614
9125
1305
2269
5523
1106
4296
989
8798
2670
5216
5453
59
62
1
92
44
81
36
18
49
18
56
51
29
38
21
78
39
50
14
85
64
94
2
95
71
41
3
97
71
36
44
26
38
53
55
51
32
90
35
92
14
30
54
87
22
89
15
60
53
71
37
18
73
68
32
2
87
16
30
7
59
3
6
61
12
55
59
45
57
10
12
70
35
32
23
20
44
49
90
84
50
57
6
80
77
59
57
51
89
6
3
27
62
14
11
34
53
94
32
78
69
61
92
98
83
62
76
72
36
63
40
1
97
63
30
52
17
51
95
63
23
90
92
47
48
30
2
23
84
77
83
3
70
58
20
90
74
63
84
15
6
93
72
9
67
47
77
8
84
97
55
61
66
81
98
47
27
4
32
79
8
27
40
92
50
96
1
18
40
45
80
16
27
54
81
70
20
75
39
47
44
12
44
47
61
8
70
53
34
78
40
63
41
90
73
53
22
12
69
82
98
72
34
25
17
94
22
57
4
76
3
57
6
82
89
91
6
87
57
64
7
13
78
26
40
48
97
30
68
11
39
79
17
54
94
63
82
71
51
34
49
53
22
13
15
3
97
45
79
46
65
52
10
25
71
49
52
72
68
28
38
18
40
36
42
15
87
37
84
85
1
33
96
90
52
12
66
90
1
96
81
47
84
97
45
72
19
74
82
90
57
83
97
27
19
19
76
11
82
19
10
24
88
90
86
23
11
26
12
56
72
89
10
89
16
49
96
15
31
7
37
93
38
6
25
59
50
16
57
25
48
35
11
15
94
44
51
46
64
65
46
75
48
5
53
47
66
4
50
78
24
20
15
77
44
58
9
10
97
25
52
70
74
21
41
91
4
92
10
7
30
87
33
16
25
23
86
54
30
11
88
90
97
92
85
94
64
29
23
44
39
55
87
46
67
9
5
62
84
58
75
44
53
19
35
45
16
46
37
3
6
88
74
8
52
68
36
85
4
4
58
73
21
16
30
39
41
53
92
49
35
50
23
46
5
34
19
28
83
51
92
11
17
80
15
31
72
94
47
1
92
8
97
76
2
85
9
77
61
93
39
49
85
93
15
55
10
31
3
96
30
45
16
3
76
55
62
89
42
52
30
23
26
19
12
73
39
98
32
49
4
10
70
15
23
73
18
21
73
91
25
47
15
1
12
92
65
57
39
59
49
55
80
41
55
72
26
47
97
3
61
19
2
39
73
55
35
12
58
96
98
22
48
37
7
87
87
35
70
66
42
33
57
93
42
32
65
36
68
35
61
77
59
31
64
16
55
66
87
62
16
26
22
95
42
67
73
78
5
36
53
70
46
10
48
48
21
73
10
82
65
7
72
53
62
48
12
73
62
46
54
44
25
35
67
91
93
41
16
17
87
84
46
22
67
58
20
58
47
53
47
61
42
22
34
13
90
50
90
97
80
78
95
52
45
34
13
72
39
58
25
49
29
71
74
16
33
54
2
96
89
56
57
42
10
61
3
1
19
74
67
5
16
29
79
45
74
82
87
13
47
19
10
63
35
18
17
12
79
49
55
35
76
1
28
42
68
8
35
22
91
54
66
24
81
56
73
84
23
46
47
21
90
5
18
77
26
31
39
71
66
41
93
68
75
94
26
75
82
74
86
74
85
52
19
14
87
54
51
66
17
34
45
22
93
2
23
89
32
8
4
73
33
85
21
85
43
64
38
75
57
11
30
87
59
24
62
5
87
28
93
72
16
33
27
58
22
98
17
23
59
75
50
24
10
3
32
27
32
97
69
55
38
24
26
62
54
35
12
25
77
47
21
86
52
26
80
75
14
15
37
27
71
82
9
15
56
69
61
84
20
76
59
21
90
88
60
45
46
26
32
35
27
38
29
40
69
36
83
19
1
44
64
43
66
83
71
77
66
94
20
41
71
84
87
75
42
66
19
83
90
46
85
75
60
48
45
46
41
61
69
25
85
88
62
37
35
5
39
32
59
52
48
54
34
34
47
56
22
58
6
14
76
32
3
65
70
69
83
64
39
19
11
69
93
13
23
97
40
93
13
10
57
44
32
96
59
20
69
8
69
77
37
31
88
62
20
4
38
24
12
20
58
98
24
30
30
70
82
26
68
86
67
73
63
4
17
26
81
81
12
95
20
26
39
26
88
77
12
74
30
53
25
76
8
55
79
53
52
59
2
66
29
22
63
94
81
73
4
32
63
1
22
93
95
51
95
69
47
70
98
80
52
90
64
16
41
70
5
28
45
87
93
21
79
55
66
49
80
81
57
26
94
37
58
97
43
83
76
28
28
11
58
46
92
48
96
89
16
33
86
70
13
16
40
7
56
82
11
20
36
80
2
68
67
57
69
89
19
88
6
97
88
17
62
4
24
14
73
66
46
17
10
74
49
76
36
56
56
68
84
9
56
14
23
26
93
19
39
91
56
36
35
83
7
55
75
35
95
86
48
63
88
10
34
81
69
98
39
9
88
34
94
39
73
13
14
96
86
50
36
96
89
30
52
1
13
13
60
27
24
66
69
1
7
77
57
67
24
50
35
29
16
34
74
39
14
87
74
23
77
50
50
12
25
96
15
42
6
15
29
32
24
97
55
55
18
76
31
87
52
74
22
98
22
71
93
62
83
41
26
13
64
20
24
31
3
27
28
97
79
35
8
35
97
17
39
83
74
91
86
45
90
42
98
37
30
83
29
3
22
86
21
3
95
65
59
10
95
21
67
34
96
33
59
83
66
2
58
76
49
5
44
20
96
87
35
6
36
94
30
88
18
74
67
24
69
70
45
48
22
7
33
44
11
85
97
58
10
33
4
30
16
79
20
69
40
58
73
26
1
66
89
26
10
13
42
86
80
31
38
67
70
11
50
41
2
91
38
79
90
13
73
79
32
44
37
1
13
52
90
43
23
10
8
60
71
62
93
98
36
68
63
66
79
16
98
87
59
20
2
16
64
63
83
7
37
12
88
15
50
84
83
37
78
47
93
97
71
6
69
4
46
93
65
51
97
7
14
45
37
91
72
39
46
95
27
10
1
83
97
40
96
70
21
4
4
93
14
18
44
63
77
23
1
96
64
97
87
85
71
24
62
84
45
13
17
93
95
63
66
82
9
33
9
38
18
94
56
97
90
68
54
53
53
20
46
27
71
94
95
71
78
76
22
44
60
94
48
9
8
30
38
31
18
73
65
17
70
40
88
28
55
60
7
89
29
25
10
24
29
97
93
44
60
24
32
94
52
4
54
1
62
44
87
33
55
37
98
84
27
19
80
1
44
95
24
26
38
30
84
14
83
75
14
45
66
94
14
9
87
73
27
90
34
5
46
63
36
81
33
82
16
40
70
38
51
81
69
73
25
29
27
33
56
14
26
36
67
16
35
69
19
86
4
57
44
47
33
1
24
80
22
49
63
12
87
64
17
73
78
60
11
93
75
9
36
30
78
26
1
18
96
52
20
87
49
16
81
29
4
97
77
60
53
40
7
68
80
15
41
38
30
78
47
2
3
85
44
32
34
88
25
70
65
50
66
6
83
34
79
4
9
72
65
18
87
38
94
80
63
50
22
10
50
30
13
91
11
41
43
64
17
25
79
47
68
74
7
84
93
91
48
1
64
52
17
93
76
4
87
60
63
14
46
55
18
74
12
95
64
65
46
7
59
56
6
70
73
81
58
9
87
86
44
55
73
48
22
82
30
23
32
45
86
61
44
66
5
2
22
78
23
56
97
87
77
32
23
30
28
18
58
31
35
88
63
19
20
59
5
44
43
3
40
93
14
33
11
82
88
84
17
90
63
55
41
64
16
43
94
86
39
57
62
12
85
81
21
19
91
46
6
52
8
48
77
96
69
57
87
37
73
72
35
11
86
96
66
24
29
58
16
68
57
12
50
23
38
89
48
14
62
81
70
5
13
28
73
62
92
77
96
35
67
43
90
98
67
32
44
17
17
43
43
47
5
28
41
66
8
53
7
80
31
50
31
79
93
90
95
70
13
64
69
9
31
32
63
52
85
33
19
11
77
78
25
63
87
37
2
29
91
16
77
7
16
23
32
56
14
2
89
16
42
41
48
55
38
50
89
48
26
23
61
7
15
61
10
75
61
83
96
42
4
90
38
22
94
75
97
7
88
33
27
91
83
16
6
44
96
72
49
95
48
80
18
39
2
91
68
10
25
53
4
39
96
69
54
37
21
64
55
81
51
13
10
20
65
57
79
29
93
82
67
96
24
85
12
97
51
19
72
50
62
34
86
84
9
57
90
59
45
79
66
53
44
26
89
39
49
18
80
82
18
18
72
96
13
35
43
87
69
15
38
73
80
91
62
52
35
92
20
68
41
50
70
74
35
14
37
52
14
86
17
32
7
20
86
62
76
1
98
91
88
33
21
93
27
92
73
33
20
59
54
17
69
59
93
25
41
50
66
43
69
76
61
87
85
33
89
61
88
37
82
14
7
16
3
48
52
7
91
62
2
71
48
21
80
56
59
73
59
70
71
86
21
19
22
79
87
7
66
24
36
97
70
50
1
56
70
85
26
64
9
16
16
92
16
80
93
27
49
18
21
67
72
73
8
45
61
11
97
47
3
46
96
19
59
73
18
29
33
79
39
53
43
68
81
53
12
24
47
22
93
92
77
66
14
57
76
68
40
96
49
20
24
18
23
53
76
52
86
68
64
82
33
29
92
84
44
52
1
22
57
84
57
21
45
49
24
95
46
15
38
25
10
65
29
38
56
53
45
26
76
94
1
9
93
19
79
78
58
29
72
28
44
10
5
33
79
89
34
69
87
89
80
60
42
88
81
50
89
96
61
14
10
84
4
58
27
35
68
54
93
39
63
12
6
32
52
9
47
96
42
30
8
64
46
64
53
60
86
39
57
13
26
91
21
28
2
50
7
80
86
4
62
35
21
45
63
41
46
59
1
9
64
25
70
81
69
50
70
95
49
97
18
25
53
83
34
30
93
48
9
2
49
50
82
73
80
14
65
59
20
63
58
22
66
94
55
43
34
72
94
39
68
33
15
46
83
84
63
79
19
17
39
64
51
30
29
92
73
65
65
88
36
97
50
68
33
44
54
20
46
64
77
38
75
11
38
85
42
13
77
49
74
33
75
62
49
81
52
60
98
10
48
40
35
27
55
65
93
71
63
92
19
2
40
5
14
7
64
38
15
30
2
77
93
87
66
72
60
29
8
27
18
16
3
71
94
76
93
85
34
53
30
23
69
28
98
44
11
46
27
36
97
25
61
98
18
25
29
50
55
78
69
10
62
88
10
39
20
84
55
67
29
77
74
67
16
85
52
73
34
74
11
36
49
69
27
24
73
55
72
93
5
68
49
9
92
34
5
96
97
90
94
80
3
84
20
5
97
79
93
12
77
62
28
44
55
24
28
91
87
76
82
6
51
43
37
52
55
61
96
10
75
32
60
72
71
91
7
13
56
45
73
34
90
98
3
94
91
84
52
71
91
32
78
12
2
22
10
43
21
46
54
59
76
91
84
52
53
5
67
59
79
62
29
44
35
69
9
87
78
89
3
94
67
88
40
69
31
94
72
54
46
21
61
35
95
43
78
90
47
5
97
9
9
60
39
10
81
85
89
88
70
43
47
95
47
75
68
82
14
62
10
88
48
59
39
30
27
7
61
34
61
37
92
53
31
39
95
94
70
22
67
4
19
77
93
28
64
31
69
60
42
97
51
61
18
28
90
58
52
17
70
61
33
27
75
94
54
46
26
14
53
35
52
39
82
20
28
11
72
57
41
68
4
55
28
88
66
98
44
48
52
78
23
54
98
45
50
96
86
40
78
71
40
31
44
16
42
19
24
69
20
58
7
27
11
33
21
69
66
27
12
24
2
67
30
50
32
3
83
71
64
80
7
96
64
71
54
27
49
28
71
92
13
56
46
45
14
62
48
82
49
27
58
87
5
33
50
8
88
54
10
58
98
62
81
71
64
58
31
47
80
74
51
11
47
10
76
17
96
75
48
62
48
85
30
41
23
70
1
44
53
38
22
20
23
34
61
42
75
42
18
66
48
34
83
35
49
27
44
8
18
85
39
92
82
50
55
65
70
81
4
45
8
89
56
63
64
39
49
41
62
2
33
33
94
35
68
77
47
62
1
19
38
3
4
43
14
61
29
78
59
9
5
8
76
91
17
92
78
3
91
95
81
94
34
57
40
31
20
35
32
27
78
82
44
29
77
70
55
71
3
15
61
45
70
35
23
5
8
44
56
16
95
62
66
40
39
17
18
69
30
52
5
76
26
59
36
29
50
17
31
34
95
28
50
69
23
77
26
49
20
55
53
55
60
92
6
9
23
44
59
18
25
91
68
76
84
58
34
73
70
77
53
61
6
41
30
28
24
39
84
97
82
82
31
36
65
65
30
48
57
30
24
10
79
60
96
35
58
64
16
71
23
72
78
43
57
33
37
52
59
72
26
70
46
56
17
84
44
32
16
70
48
68
3
62
11
42
15
1
10
96
45
90
37
3
84
65
43
26
38
39
90
97
71
12
18
29
77
13
14
8
91
56
81
57
51
87
57
19
75
81
52
48
15
72
68
10
90
46
66
98
43
43
26
73
91
19
43
60
68
50
11
56
49
71
69
26
6
98
25
86
39
83
94
31
64
64
7
27
17
8
24
12
10
84
77
83
38
98
44
61
60
19
6
5
39
56
41
88
2
22
41
65
45
33
49
88
13
81
41
54
49
19
87
23
58
36
10
90
70
12
56
35
61
19
23
43
5
39
4
3
42
43
75
49
59
25
45
31
55
84
54
57
64
19
67
39
55
78
38
82
55
98
82
89
68
11
97
31
54
65
5
84
96
32
79
41
57
58
36
72
90
50
40
78
82
55
17
42
12
52
11
6
91
44
2
10
8
17
57
72
34
68
33
94
87
54
53
39
45
52
75
15
72
63
64
80
21
42
31
3
57
3
97
98
8
90
70
46
97
25
33
67
76
68
35
24
78
18
6
3
70
28
36
34
77
67
35
18
73
6
98
69
74
68
71
41
62
65
53
54
17
51
15
61
64
92
56
4
94
30
46
1
67
82
95
62
4
80
75
3
15
62
25
81
4
72
89
74
42
61
1
24
16
5
34
35
59
28
49
56
39
63
84
37
41
94
60
70
53
62
69
60
55
86
34
97
65
21
75
82
44
6
14
53
17
68
83
37
32
75
56
42
46
35
98
64
17
4
98
1
27
28
28
45
75
21
7
14
98
93
3
52
20
66
80
28
5
86
28
20
13
39
54
31
21
42
83
45
16
66
27
26
69
34
31
29
72
5
22
70
31
70
96
79
45
66
4
26
65
80
55
46
72
55
9
22
24
16
77
84
90
50
36
19
33
25
61
61
36
90
96
84
69
71
10
86
98
68
45
82
74
87
89
98
46
61
20
79
59
7
73
32
59
33
20
93
15
70
49
77
77
8
94
65
18
17
59
89
67
89
11
8
88
42
36
75
84
69
21
23
90
66
88
22
85
70
86
79
21
73
12
88
21
28
22
18
17
50
28
2
53
4
66
76
53
60
17
53
70
37
90
96
39
16
91
89
51
38
60
18
4
81
47
82
73
32
60
49
51
73
84
57
26
72
83
69
74
20
97
86
93
20
38
18
12
44
56
87
85
37
87
29
80
54
57
93
21
16
73
74
40
63
71
17
58
43
93
93
35
95
9
2
57
58
58
82
62
5
73
87
50
89
71
16
10
82
55
31
3
52
4
9
54
61
89
64
51
41
69
38
62
29
90
51
73
78
90
98
81
51
14
14
63
64
8
87
23
37
77
43
10
32
43
7
16
13
62
19
41
40
18
53
2
65
52
3
73
63
16
59
30
74
20
21
77
74
40
81
70
47
65
67
68
80
72
27
74
54
94
90
50
35
16
93
30
27
18
79
31
46
67
67
67
53
92
43
92
58
29
43
93
63
84
59
61
19
66
41
75
55
88
82
28
50
33
42
39
44
39
89
86
83
71
22
81
72
12
95
33
43
34
28
66
64
15
13
19
86
8
52
32
73
44
53
29
33
72
59
30
74
51
1
50
94
89
41
25
70
44
59
86
3
45
24
5
20
94
42
12
33
23
25
67
8
28
18
45
96
29
39
61
84
30
70
42
31
29
7
28
73
16
24
22
22
40
1
28
55
24
48
39
83
86
3
12
29
67
44
80
66
47
75
36
46
1
47
68
62
98
89
2
82
66
84
63
89
8
97
85
90
86
4
35
29
66
48
75
3
15
35
10
72
8
17
83
93
89
78
71
24
55
20
74
54
20
89
90
15
92
81
43
91
38
11
28
64
19
52
63
79
5
18
33
21
33
77
84
80
15
29
24
10
67
61
17
40
45
37
33
97
96
88
3
43
28
94
28
26
55
97
86
4
34
84
70
95
64
23
83
20
18
55
46
24
54
60
80
18
79
28
13
41
68
6
59
1
30
68
36
92
41
19
38
33
17
46
96
66
87
42
77
6
13
93
85
78
13
63
24
71
23
24
2
56
61
29
76
48
51
11
92
51
38
47
3
62
83
10
61
16
3
15
49
10
60
39
53
93
6
84
92
67
58
87
45
89
1
34
67
40
30
6
53
46
37
13
96
41
1
65
50
11
61
26
54
51
15
82
32
47
67
26
59
7
77
18
13
32
7
36
33
88
4
29
5
97
40
84
60
65
73
65
17
50
66
27
41
96
5
87
86
65
44
36
60
53
36
18
46
80
61
78
47
83
46
72
11
93
8
59
79
60
74
83
11
45
81
91
61
38
51
69
39
88
43
19
21
67
34
10
20
85
98
92
17
35
50
71
41
18
9
14
23
21
64
26
22
25
91
84
30
83
20
8
35
40
97
58
25
91
33
29
36
30
83
23
81
76
35
26
42
48
14
94
95
82
61
26
5
30
6
58
23
96
76
55
48
87
87
11
88
45
87
28
35
42
72
1
49
66
58
82
43
37
25
83
82
55
82
53
27
86
31
97
10
75
18
35
66
2
49
64
21
56
55
43
12
26
62
21
79
42
62
90
57
68
26
97
32
15
43
29
94
80
94
65
11
17
68
50
10
9
86
76
42
48
72
9
30
10
17
13
23
21
2
64
32
27
3
93
64
51
22
81
81
81
36
21
75
86
79
29
56
66
47
32
50
97
81
4
72
88
91
90
77
4
87
14
60
81
84
75
78
80
45
56
49
9
30
25
69
3
58
7
97
13
34
24
53
61
10
42
49
81
42
97
31
67
38
98
54
52
39
94
41
22
10
30
4
44
68
67
25
75
47
10
42
48
72
49
13
19
79
10
71
22
15
6
46
45
49
70
11
73
76
87
65
96
60
92
21
48
93
7
93
3
82
89
29
93
3
23
21
84
1
73
3
67
20
2
75
6
59
35
37
77
19
69
65
19
98
94
9
69
54
76
5
32
24
92
47
79
77
32
40
55
57
36
50
60
87
22
14
10
15
40
16
61
52
11
79
69
94
42
46
62
62
51
6
18
97
80
73
76
80
74
29
83
67
27
49
89
95
9
57
54
43
96
88
37
20
52
10
14
64
12
91
67
79
73
27
9
87
52
79
35
21
98
67
3
43
28
47
54
4
49
91
38
51
22
80
43
29
36
36
33
90
90
33
58
73
48
51
33
24
28
29
97
90
52
57
29
65
44
1
82
29
86
44
27
76
84
53
11
69
38
71
41
41
68
9
58
52
41
88
14
44
25
69
69
74
90
73
3
54
69
79
66
59
96
13
55
9
40
65
27
24
52
46
24
98
69
65
20
35
20
83
39
43
34
27
76
59
47
21
50
79
89
35
8
84
8
83
94
53
12
78
81
4
6
26
74
86
44
60
24
56
42
34
65
46
57
14
53
66
8
6
48
41
16
52
54
10
26
45
28
28
31
92
4
13
65
2
36
14
44
92
59
60
5
2
26
27
28
58
68
15
73
74
79
19
51
20
19
44
33
86
4
53
93
54
87
71
4
67
87
51
58
29
6
98
34
13
39
68
11
20
5
77
60
79
49
74
97
72
27
28
48
97
87
14
12
34
23
16
11
56
19
29
25
77
32
56
5
82
19
67
96
39
76
87
43
16
81
84
46
98
65
81
53
19
56
43
25
40
17
83
22
75
56
48
52
34
5
56
31
46
47
13
44
94
20
19
33
14
7
82
63
34
90
78
18
34
98
75
96
61
42
63
17
42
92
47
68
34
42
42
8
60
45
2
84
86
28
26
97
14
5
35
94
81
95
58
23
30
46
31
27
67
75
49
39
69
26
22
34
28
97
27
32
43
71
98
79
83
31
64
81
86
49
85
54
87
42
71
24
34
19
93
30
16
54
40
66
6
55
66
57
77
16
93
50
23
44
94
48
21
87
76
17
3
71
44
88
15
45
28
81
16
66
74
71
70
20
33
28
65
6
87
8
44
44
89
15
87
29
61
16
19
27
64
47
4
30
89
20
68
64
65
75
30
63
40
28
27
44
18
57
23
54
91
30
36
91
42
19
15
65
96
28
52
64
24
44
70
61
86
80
62
96
88
30
12
33
22
8
85
90
73
52
87
69
56
50
65
71
46
74
80
88
10
28
14
24
16
2
22
40
35
62
27
85
89
36
22
15
33
47
72
38
47
63
51
49
94
68
5
90
67
64
17
25
50
50
77
87
41
30
8
71
42
89
48
27
42
59
6
4
77
84
26
57
8
17
62
35
81
6
45
46
98
67
77
66
6
62
3
41
84
36
40
91
66
92
2
73
51
50
19
2
4
33
63
67
6
4
13
81
12
49
23
21
25
7
78
14
19
50
93
46
76
82
63
72
50
1
95
40
75
12
19
66
23
55
3
38
60
93
60
44
94
41
98
42
31
92
2
18
9
6
98
87
18
60
28
79
56
92
4
94
78
37
57
68
18
2
57
54
46
88
96
95
15
70
55
85
48
37
33
20
57
58
93
38
53
79
82
9
98
84
18
75
88
8
50
80
74
43
57
87
52
49
4
58
58
65
82
23
61
54
24
47
98
89
62
28
34
15
43
23
27
68
69
64
11
75
14
36
22
63
62
11
30
2
27
65
84
88
44
86
74
73
80
12
75
1
76
96
76
39
29
44
2
22
80
84
24
41
6
15
63
8
49
83
91
85
52
89
31
31
93
64
40
67
30
62
23
26
18
10
72
5
38
1
8
63
9
42
58
60
9
72
72
42
70
16
41
55
85
55
97
83
98
66
90
84
58
69
72
89
43
62
11
78
78
9
52
10
48
88
95
51
42
28
49
10
64
11
8
42
16
15
80
14
97
86
85
82
24
63
72
76
5
25
28
5
61
81
58
89
50
20
29
31
52
22
56
35
87
96
21
9
68
60
90
39
6
24
38
55
38
20
21
50
41
35
96
46
17
1
21
89
94
30
35
93
45
20
50
39
80
44
36
26
47
22
71
8
98
27
63
81
56
16
64
30
1
1
11
28
89
2
21
53
79
1
39
63
48
60
74
10
98
8
21
62
97
41
36
57
91
2
52
37
93
4
71
30
80
69
78
30
19
38
39
88
97
88
95
44
66
72
22
63
82
25
83
16
24
21
27
30
4
14
46
1
11
95
59
12
77
17
38
88
75
51
3
15
83
39
89
51
16
56
30
96
31
76
40
35
77
64
8
1
23
70
59
79
87
13
5
13
68
70
54
68
65
10
91
68
86
57
71
41
38
10
76
56
6
29
25
42
26
84
10
61
44
17
85
70
52
21
60
60
92
59
91
46
48
46
72
75
39
76
14
66
93
23
57
32
68
5
74
43
23
20
7
30
68
97
24
89
87
54
12
20
25
8
88
60
73
94
55
8
16
49
26
71
46
69
90
36
67
35
38
93
74
13
67
76
17
92
20
92
65
58
85
83
4
40
53
19
87
2
59
15
90
93
85
91
88
72
62
2
26
66
63
57
34
90
25
97
8
12
34
88
84
26
62
1
24
46
8
36
55
5
88
93
84
26
4
87
17
29
49
52
46
73
6
69
36
79
54
19
60
48
55
6
19
77
62
55
21
58
72
62
94
48
32
97
73
22
8
87
86
36
76
74
88
42
14
92
28
34
58
75
64
39
63
18
58
55
74
4
13
6
4
73
88
33
90
43
24
12
88
47
76
80
34
55
73
68
25
26
11
68
29
95
9
78
34
3
76
75
86
89
96
83
40
6
40
3
21
8
19
59
45
21
17
69
21
66
85
66
91
37
93
71
46
64
87
46
98
52
85
18
37
2
58
95
92
19
2
15
3
16
86
3
79
30
30
11
28
19
63
6
66
78
89
50
31
8
80
47
82
29
24
32
6
78
61
23
91
7
28
19
11
1
71
7
50
93
69
32
84
51
96
17
9
97
61
21
71
39
39
5
20
95
64
52
67
24
56
57
45
46
39
57
24
78
41
78
88
18
56
73
4
32
3
92
13
61
2
5
75
71
22
60
89
83
79
11
67
91
92
15
6
61
87
26
22
82
36
3
53
80
57
3
49
95
64
44
54
53
56
69
98
63
96
46
46
88
38
19
7
67
63
30
72
9
98
53
37
29
85
71
94
80
49
32
53
87
6
45
49
38
30
95
71
69
81
60
7
51
23
84
21
6
1
34
59
82
47
52
46
98
26
39
70
74
21
71
86
46
23
27
33
53
89
77
51
71
22
53
77
14
27
56
27
22
48
33
6
12
71
61
9
62
44
32
11
33
22
22
42
92
65
20
76
14
45
17
98
80
54
83
34
7
36
56
13
70
72
24
58
94
70
80
77
91
59
5
63
78
28
18
28
5
15
11
81
93
14
41
11
97
32
35
72
97
41
80
14
14
3
98
71
65
84
35
11
73
57
8
97
76
91
39
89
36
10
98
26
9
26
92
17
37
68
88
15
98
59
2
42
60
81
73
50
14
75
29
48
36
47
74
36
87
48
10
75
84
12
69
85
73
73
23
17
80
2
93
28
3
13
49
88
46
43
63
71
17
27
12
39
72
67
57
32
22
29
25
44
93
33
18
92
58
77
71
28
98
32
92
55
53
90
66
46
52
5
62
59
20
54
79
4
22
90
6
74
37
24
89
3
24
43
21
78
26
93
66
9
1
43
2
91
75
90
58
71
13
25
86
81
90
87
63
96
80
78
67
88
10
96
82
28
97
92
85
7
71
80
87
50
27
56
89
19
80
73
40
93
82
70
44
15
23
66
98
96
19
55
14
36
51
79
19
82
95
43
55
84
22
34
78
70
98
73
7
73
21
47
10
55
42
2
57
52
42
74
61
32
35
91
96
58
21
49
71
53
74
53
4
11
33
13
43
31
92
73
69
70
29
45
8
62
13
78
95
86
44
71
91
27
51
79
14
38
98
48
7
40
1
22
87
60
59
52
78
80
73
49
75
79
97
15
47
43
23
69
29
31
69
16
7
41
65
93
24
81
68
18
35
23
4
50
23
30
81
12
11
37
88
78
70
65
82
36
27
25
93
60
86
23
86
95
24
55
95
86
60
36
56
38
83
63
58
26
58
73
52
8
27
21
88
54
76
41
97
49
46
69
8
16
56
34
66
18
82
56
9
74
11
26
54
23
17
57
6
6
21
45
42
8
49
15
69
57
33
63
76
58
78
5
45
69
23
77
56
3
75
88
43
66
48
77
60
40
37
40
65
22
44
41
39
91
18
25
33
52
33
87
3
91
68
37
26
36
86
48
63
2
9
25
36
12
66
41
40
45
62
31
13
80
23
92
90
59
23
7
86
69
41
70
6
10
73
55
22
47
18
37
83
17
11
2
10
14
82
32
30
8
89
91
60
16
73
44
27
90
33
21
30
68
54
39
43
58
93
66
81
53
67
86
45
12
43
53
28
37
78
80
41
85
93
61
22
17
46
25
96
63
78
15
28
58
38
68
85
2
62
93
2
35
34
1
88
6
50
56
7
5
60
32
90
45
27
70
27
26
24
32
83
49
77
73
2
87
15
15
51
6
62
85
82
44
4
93
41
9
15
52
5
1
12
36
89
28
75
44
44
93
22
1
57
52
33
40
48
14
16
51
52
47
44
27
90
95
17
77
38
76
75
47
49
78
40
13
5
25
51
42
85
12
35
11
22
74
66
81
32
72
56
81
61
5
81
31
75
77
62
62
84
91
92
84
84
77
77
68
22
94
77
64
3
85
4
97
1
34
41
60
79
31
82
11
26
71
38
51
94
64
70
10
41
7
79
31
66
1
74
95
74
2
26
87
71
26
36
40
54
30
38
9
57
17
87
74
44
93
61
1
9
14
89
28
53
97
56
3
19
25
31
80
96
81
47
13
29
6
67
62
96
67
23
75
5
19
35
27
11
83
62
31
1
57
79
13
35
16
3
92
60
9
67
7
73
39
80
22
6
83
68
29
17
61
95
51
35
4
61
8
23
64
7
41
39
36
53
72
54
21
34
19
56
38
52
6
35
70
92
46
83
23
98
51
59
33
16
92
17
16
75
64
1
4
28
69
46
20
19
67
46
18
7
4
49
19
87
5
80
4
43
27
65
41
35
7
80
24
6
19
10
60
43
92
46
13
60
61
29
20
51
60
85
27
11
23
38
18
54
65
40
30
18
57
54
1
82
75
50
28
66
63
87
60
79
38
90
94
52
10
31
91
18
16
16
82
2
72
23
14
4
84
89
39
51
21
56
37
97
10
17
86
26
34
64
58
54
15
76
55
11
23
58
80
16
31
45
90
56
22
87
42
68
16
74
80
32
54
47
78
43
69
65
47
25
46
62
85
51
95
58
31
8
87
13
75
31
96
24
8
76
44
74
24
26
56
36
18
36
57
40
48
55
83
10
1
20
54
34
23
56
59
50
14
94
33
11
23
26
70
59
86
98
49
88
11
46
92
45
26
57
57
79
1
44
13
88
35
12
1
37
74
97
89
8
66
54
91
51
20
3
76
39
13
68
94
82
97
11
38
2
24
49
12
1
75
98
53
90
8
96
30
5
64
93
53
4
29
59
66
96
86
92
15
44
54
40
25
7
55
8
48
41
91
92
27
84
51
85
47
29
38
96
32
95
17
47
59
18
3
24
98
11
38
63
77
21
67
25
56
28
55
62
46
36
69
65
34
14
76
54
44
53
90
91
5
38
44
82
18
23
21
40
80
14
58
65
38
9
82
47
96
15
61
69
20
95
95
63
52
19
42
28
87
63
69
30
62
84
39
26
35
72
53
74
35
27
2
5
1
95
16
89
90
55
94
18
61
97
1
60
33
18
49
46
52
94
80
42
83
69
91
18
52
34
61
23
85
57
44
61
64
73
63
41
76
25
53
30
94
95
88
90
95
35
16
21
24
42
89
34
96
89
78
85
41
66
39
73
86
62
82
82
7
35
96
30
96
39
57
91
3
97
37
54
43
44
51
36
27
85
77
17
13
32
51
24
64
27
92
84
78
48
23
45
97
51
2
66
57
61
56
86
54
78
69
86
26
98
18
54
12
14
96
27
69
20
96
71
49
17
95
65
26
94
17
24
51
50
26
79
93
88
92
48
50
95
63
7
92
60
88
76
42
77
75
32
50
20
20
74
3
30
74
57
88
8
40
50
16
14
80
50
72
2
63
69
83
3
72
96
81
41
77
85
75
31
47
48
46
28
28
94
4
49
66
72
29
48
52
5
38
85
65
17
76
77
37
53
1
48
42
52
26
74
82
22
40
25
48
43
46
19
7
54
11
13
59
17
3
75
44
98
22
28
71
14
84
77
41
52
73
50
45
70
72
71
91
25
70
70
77
76
66
22
9
35
45
37
80
10
62
70
36
23
3
67
17
22
69
12
33
83
45
29
23
86
51
49
56
4
53
73
17
69
63
41
97
94
29
88
70
17
49
16
24
98
60
30
44
46
77
79
95
79
61
7
20
37
71
77
41
9
43
81
5
73
60
20
47
81
56
22
71
67
72
65
97
37
75
90
68
1
72
47
66
39
30
57
63
96
11
22
90
47
28
27
97
4
90
8
26
15
84
60
86
37
50
90
39
90
10
43
17
78
92
55
1
89
58
37
21
85
73
80
45
66
73
39
79
68
34
25
87
44
90
1
2
79
4
93
75
83
19
6
20
54
58
2
74
7
5
21
94
44
27
4
70
83
88
83
70
89
6
42
15
32
71
66
90
57
96
42
75
57
95
26
9
46
80
82
25
53
92
24
78
3
16
67
51
13
33
72
93
61
6
58
48
90
74
40
33
84
91
61
38
90
54
88
16
62
13
78
5
75
10
44
33
14
37
29
54
49
77
74
22
85
54
5
88
39
9
32
57
46
37
11
58
78
66
59
68
22
59
16
71
13
80
73
38
3
67
65
51
40
63
24
29
68
28
47
76
78
84
3
29
71
51
40
25
50
8
12
92
1
44
71
42
33
71
88
23
26
84
20
22
93
94
72
90
59
91
50
73
71
3
83
21
60
33
14
79
41
92
44
98
6
43
68
22
29
61
7
35
75
5
45
93
45
28
1
68
3
75
64
60
15
2
13
4
22
18
40
44
78
9
18
68
92
13
36
21
13
35
79
1
38
93
33
89
63
60
10
69
21
69
2
38
95
38
3
3
79
20
81
78
93
86
42
10
54
81
94
43
12
63
29
89
66
48
48
98
84
46
98
38
96
76
4
76
77
5
81
34
37
10
93
13
7
70
12
87
67
14
22
5
67
1
17
43
4
65
96
3
44
68
13
80
35
22
54
33
20
53
45
33
38
24
75
78
11
8
68
49
49
48
74
63
22
1
35
27
78
44
11
91
49
31
26
90
32
36
33
4
27
92
19
69
9
96
17
77
80
32
60
32
65
33
68
30
31
41
49
23
34
58
65
68
64
71
17
3
64
12
64
29
24
41
36
80
91
9
82
82
11
24
35
10
29
53
15
24
36
52
44
13
25
5
56
86
15
16
80
15
89
53
58
51
16
71
75
93
30
23
78
14
59
98
20
79
2
39
9
86
80
27
85
1
75
14
61
85
39
50
41
23
43
26
23
10
92
51
84
20
13
58
90
28
42
9
42
17
93
70
61
39
62
22
67
43
75
15
23
48
10
68
3
22
47
49
12
5
55
15
53
97
49
71
84
37
2
45
52
24
58
35
22
70
69
45
88
55
34
73
64
27
48
93
10
60
22
14
73
52
52
63
67
38
4
57
49
93
62
36
75
20
44
56
78
49
41
11
79
5
82
82
81
16
45
71
91
26
81
52
64
4
10
52
17
19
74
62
86
84
34
97
93
27
8
35
20
24
13
2
19
2
77
44
81
20
56
14
17
7
6
42
79
40
86
54
36
8
56
55
19
88
36
78
16
50
64
42
4
31
88
8
50
82
78
70
94
65
84
6
90
48
18
96
16
92
35
87
56
34
12
42
84
45
41
15
41
33
82
12
63
63
19
15
82
43
10
61
80
7
93
44
5
13
26
48
21
86
47
22
46
50
30
40
64
21
51
59
9
68
92
72
32
59
12
52
32
30
69
30
89
95
46
60
97
60
60
24
59
21
6
2
53
16
44
47
80
2
25
41
64
89
6
44
40
40
61
5
3
84
25
2
67
15
40
23
28
30
59
81
68
35
15
79
76
39
63
85
97
25
12
83
93
17
4
53
38
91
16
21
51
11
9
4
18
6
10
6
2
4
25
75
72
73
70
15
46
6
75
91
76
83
10
78
53
96
60
23
27
70
39
18
1
5
90
10
27
15
23
13
19
4
40
19
54
23
7
65
56
60
97
9
37
18
64
3
54
65
53
24
73
53
1
10
57
44
28
89
65
16
36
25
17
20
45
70
39
11
50
86
49
36
3
25
62
89
41
89
28
14
72
69
26
80
91
12
50
52
68
83
6
39
56
35
39
76
4
7
75
12
84
39
83
43
3
47
95
12
19
30
45
56
71
24
66
18
49
61
20
76
42
50
94
93
9
32
8
52
13
15
92
84
36
88
18
8
82
75
41
58
62
42
35
15
55
45
16
33
76
83
42
72
28
56
60
49
26
36
11
76
79
58
44
31
31
18
34
33
64
87
44
88
32
76
1
18
46
68
22
86
8
46
47
60
66
21
51
45
74
28
13
55
19
94
66
70
90
37
54
35
10
21
12
8
22
56
75
1
41
42
19
13
77
21
46
47
50
11
84
8
41
7
27
77
39
10
27
32
8
98
84
28
43
77
51
25
71
43
95
2
22
83
58
37
6
95
61
45
44
60
11
23
17
70
72
46
84
33
66
85
48
66
93
87
82
74
65
73
42
91
49
81
41
55
97
96
30
53
25
82
52
79
93
39
13
43
59
39
24
65
59
10
34
54
84
60
82
49
87
1
40
71
24
95
86
86
4
87
35
76
7
85
69
43
69
90
30
81
37
78
51
7
96
5
9
20
15
37
44
78
58
54
81
59
30
43
34
39
94
23
40
27
5
6
36
33
78
51
16
77
55
16
22
35
23
5
11
44
45
37
45
70
81
43
75
49
87
92
14
6
87
91
29
88
55
12
78
73
90
25
83
95
31
79
13
78
86
26
4
43
61
67
73
92
55
90
69
54
18
98
82
23
67
96
68
55
15
9
16
68
28
82
7
84
92
44
90
72
67
83
19
18
64
95
54
70
56
69
22
46
45
86
9
39
17
23
28
47
5
8
35
8
33
56
74
52
88
81
78
83
18
90
72
79
88
71
4
30
7
95
12
45
41
90
12
2
74
58
76
31
19
97
70
3
48
28
15
13
85
62
74
96
79
47
58
8
75
6
9
72
43
31
25
52
79
77
35
45
25
21
24
71
38
20
94
93
7
15
66
23
19
1
14
33
75
79
32
43
46
70
45
54
66
63
28
96
26
51
63
7
5
67
12
93
57
12
2
44
31
21
12
65
25
82
51
63
38
76
6
85
98
63
91
86
86
52
49
29
69
78
6
81
83
18
64
38
58
57
43
22
50
4
48
44
66
61
36
39
32
84
97
69
52
72
42
59
7
2
29
64
59
58
51
49
36
87
37
85
82
95
2
83
34
22
14
87
59
3
50
66
16
80
69
84
62
9
30
5
83
42
94
23
60
34
77
68
26
91
31
40
14
35
1
18
39
92
97
55
52
4
48
93
47
28
42
61
67
86
68
62
38
37
42
61
75
54
17
73
26
90
49
52
49
45
98
53
58
48
20
8
46
15
20
73
20
15
2
5
74
21
53
20
2
83
49
68
72
70
9
26
76
17
9
11
55
30
18
61
59
45
19
81
43
10
51
35
3
94
46
80
96
12
22
19
73
91
1
84
52
91
74
46
85
28
29
61
75
98
67
1
27
28
31
55
18
30
22
80
47
15
23
96
41
54
31
28
24
86
66
9
12
29
42
86
59
30
77
22
37
32
61
86
6
51
90
67
69
23
70
60
15
85
38
46
71
9
42
14
87
98
21
90
14
5
56
15
69
3
18
64
97
59
48
35
63
98
86
33
2
5
13
62
15
80
25
98
55
23
30
62
73
18
41
17
39
64
66
10
32
15
76
29
26
23
17
30
41
40
96
36
33
8
19
25
30
9
17
34
1
11
63
75
20
21
5
14
92
27
3
59
88
47
75
3
67
26
6
10
40
92
80
19
94
60
26
75
54
1
45
75
30
29
13
4
52
46
31
73
29
80
47
37
62
6
65
84
62
96
18
94
7
32
3
51
30
39
44
74
38
87
64
72
90
43
59
35
66
13
98
66
86
52
28
59
73
8
87
61
35
92
89
1
33
18
91
6
11
5
59
41
41
73
6
80
67
71
49
34
85
2
11
76
37
43
44
82
28
37
19
96
65
86
61
71
29
50
97
95
65
46
40
66
42
26
84
64
97
35
51
39
40
78
48
90
30
6
75
52
77
93
71
89
5
79
46
51
60
60
79
82
13
13
59
80
84
62
77
24
30
53
29
10
23
14
26
91
22
28
95
63
19
13
66
85
85
57
66
90
27
9
24
5
89
92
16
62
35
77
19
40
90
35
29
89
53
84
41
47
55
85
78
44
54
53
77
86
47
41
44
17
5
1
41
28
68
53
36
66
50
40
39
93
72
19
90
4
17
75
60
5
28
79
57
11
7
69
82
10
44
23
33
5
80
75
28
74
64
40
70
93
32
66
87
96
79
75
28
36
34
50
77
87
17
6
90
74
35
9
92
22
80
5
41
21
59
39
54
28
14
37
40
85
47
86
76
23
83
92
3
38
76
40
33
98
15
88
46
2
59
22
60
51
81
33
83
72
48
39
23
49
44
95
62
60
5
70
5
28
42
42
40
9
12
90
60
5
9
71
84
88
76
42
33
72
38
30
96
33
85
1
7
11
66
45
8
35
77
46
89
34
78
32
27
59
1
44
59
78
72
15
7
47
6
62
88
64
80
5
77
6
4
90
25
88
3
57
85
51
72
18
37
43
15
68
18
60
49
10
5
61
69
61
57
22
62
42
43
86
74
79
84
94
87
1
30
75
48
19
84
17
71
45
30
45
12
85
88
35
33
24
34
56
97
3
62
31
81
6
1
34
58
93
1
63
57
92
15
20
70
28
4
45
89
32
85
35
23
86
22
93
82
29
43
50
69
49
13
53
60
9
73
2
82
4
31
30
14
58
32
53
71
45
78
16
18
46
15
23
9
73
29
96
4
89
56
38
36
31
12
83
16
32
11
34
76
14
85
24
80
25
37
22
4
79
77
50
18
84
14
31
15
81
7
10
55
59
60
31
85
18
58
53
90
20
65
54
25
33
46
16
59
27
77
14
54
29
13
33
73
90
38
61
35
60
5
97
5
46
22
40
25
50
57
14
42
26
68
89
48
62
38
86
42
65
88
20
77
39
42
7
63
55
75
16
50
20
73
67
26
42
63
94
55
76
97
8
52
56
86
5
72
14
35
66
50
67
2
93
10
45
92
39
58
32
91
86
48
18
28
7
94
28
17
32
69
55
4
6
91
92
77
36
4
52
5
43
88
67
78
64
34
82
39
1
70
20
46
88
56
1
41
6
22
17
24
23
66
79
95
33
95
88
22
12
23
66
19
26
30
5
81
34
91
84
56
27
80
76
78
41
69
17
65
3
34
28
74
68
34
19
14
63
13
23
85
18
58
93
72
28
3
71
37
3
34
85
1
44
43
87
90
85
14
97
40
11
58
37
14
20
6
92
71
98
45
9
45
58
24
92
87
14
94
27
87
44
58
67
89
30
79
16
76
61
83
52
34
67
49
20
89
39
30
73
64
56
97
37
41
77
3
33
88
30
32
49
77
17
3
16
73
36
94
96
81
58
29
76
84
34
91
30
58
49
25
66
15
43
61
76
28
47
68
76
91
46
45
50
29
16
86
71
10
51
69
6
4
72
89
74
90
15
96
86
94
17
58
77
14
42
71
87
46
80
76
8
8
69
16
45
6
17
44
54
69
93
44
62
95
43
17
52
79
50
60
61
43
98
68
5
91
45
30
74
85
34
81
50
6
89
71
1
67
62
39
14
4
62
91
60
6
19
90
45
30
52
12
18
96
20
9
90
2
23
92
64
42
54
68
55
23
63
55
86
43
36
13
70
62
13
85
88
56
81
70
45
51
44
37
47
11
27
87
25
21
5
72
45
41
60
73
57
43
11
1
55
88
45
97
37
4
96
53
62
74
27
55
37
74
29
67
94
96
7
4
28
94
34
74
59
29
32
96
78
60
38
14
75
25
