9 85 99
3852
5283
6340
3257
4821
9906
5916
3937
9339
7839
7743
5875
8197
3475
3206
7575
2514
2860
5685
6325
725
3082
5444
9420
2380
2862
3178
1870
9397
4468
291
6088
8286
2226
229
5975
3335
8434
7952
4834
5813
2302
8408
5335
2876
6389
996
9973
5514
87
2606
8426
3624
1760
5498
6955
3296
8096
6765
3636
3335
2034
6832
445
3170
8972
1170
7547
5073
9315
4375
2901
8193
8944
3271
1730
291
7911
2161
1670
9663
2629
2483
8894
2311
38
38
23
8
65
37
29
36
38
25
35
39
56
12
44
12
51
50
2
35
4
28
6
71
62
30
63
52
66
46
23
75
20
43
63
69
42
7
57
74
71
3
70
43
79
39
49
31
68
70
54
19
52
39
21
4
21
76
33
46
71
53
63
52
16
42
21
1
42
79
56
5
18
33
68
38
31
72
15
69
55
83
41
75
13
50
10
21
40
54
62
26
69
37
73
19
7
15
37
