6 971 9922
2724
4693
8477
524
2654
8722
7765
1231
9357
541
4175
9935
1572
8978
7650
8990
6034
3420
2271
7021
2532
2833
2861
939
5293
6029
2779
7802
7759
8842
3885
36
9902
4375
3568
1444
6650
1566
1727
547
7729
6393
6418
1635
863
835
4335
7159
8390
6682
9807
2215
2907
7196
5508
8994
5975
2142
2842
8037
6100
1816
3779
5762
7933
9224
5746
4366
6483
2322
8048
5674
6969
124
9929
1578
3750
4425
4487
4858
6782
575
760
5190
8985
8918
8158
4962
3498
7441
1739
3322
2548
5273
3655
3318
5419
2702
5775
7925
5833
1904
4960
732
46
1852
7036
6644
7614
6293
9522
8173
9659
6990
6942
7768
6733
6883
4576
8993
8752
7610
370
5269
9340
5996
8730
1408
1874
8955
5010
1559
2828
2536
9212
3033
2130
3019
7799
5705
2820
7980
7212
2120
5997
2284
9862
1171
9438
6181
5565
3541
7486
891
5941
6172
5905
3610
8335
6624
278
1513
5464
9405
6697
2221
2628
2862
9802
610
6835
9126
9946
9716
3253
5338
1793
6958
9732
6561
2720
6905
5260
5593
5915
3989
8951
5989
9459
1154
9580
5752
5622
5830
9594
7564
3974
7558
5897
7416
5576
4224
4065
8593
2327
7434
7247
9792
9902
93
8800
2546
419
4869
7457
4612
620
3784
2489
5275
6068
7145
9267
2516
2464
9814
6859
8909
3272
5728
1613
5635
5269
2746
3621
4742
5450
8361
9195
2153
732
7343
613
2623
8076
8295
929
5662
5765
5591
5813
8627
6358
9754
3353
1374
9386
3495
8069
2316
3977
6542
9442
631
9169
8485
6820
2889
328
9225
2208
3054
9965
2286
7248
28
6539
6227
2608
9779
6317
2352
2440
4208
7656
1917
7867
3753
8516
5723
3347
9027
5674
6113
5269
9594
697
7414
8355
9689
5458
6256
5025
5165
36
8767
1946
5282
4909
4906
3979
3860
3933
2742
3122
7785
4440
734
5563
9440
5873
8027
2322
5536
2447
8046
1574
586
3703
8548
8285
7681
9035
8653
3284
7318
3144
2786
5529
3965
2421
6387
9459
6291
4980
9479
9531
4537
9530
1717
9955
1398
515
8997
9017
8139
4256
6430
3961
6267
9910
913
3948
2603
4842
9012
1182
3159
9572
5145
7743
202
4022
2549
9788
4221
8061
4493
3579
4723
5208
4691
3416
5298
9085
7554
8212
3800
809
4398
1841
8545
5428
7782
9258
6616
8617
4572
1563
8130
1774
6680
7974
8226
6014
2407
8218
3944
4533
8963
9901
4580
6942
6457
1657
3906
6225
9551
8491
7677
2989
9796
3215
8497
9905
7393
9947
5468
1175
7211
4043
4918
5306
3608
483
3173
6462
5219
2489
2822
8215
5446
4331
5493
7382
9549
4038
392
3492
6097
4793
4213
7796
8841
8963
7033
1574
7955
1628
2138
8683
5847
9665
842
5220
7043
7645
5719
9328
1991
1882
1854
2038
1471
641
1686
3621
1060
4219
2887
9320
6670
6150
6291
7303
2297
5894
2338
2175
826
7337
9225
7358
5435
1938
2462
9381
3793
5439
8190
6051
2808
1959
263
4855
3006
2462
6305
4004
8971
9859
6534
3072
241
7919
5960
6693
7163
8986
772
5315
7946
1435
2190
7675
5137
6218
7352
6812
2013
7475
3967
7205
8481
2538
7655
1260
8666
767
8385
3018
2514
7908
779
8501
3717
7612
7216
238
8007
6797
5160
8072
3491
3003
7054
1776
2954
2513
3546
118
2695
1202
9655
7368
9181
1322
392
2071
1334
4543
4763
6242
6360
7667
3175
7175
8312
8484
1003
1079
4934
5072
2403
9326
5889
8783
194
8883
771
6043
6864
2170
8120
2008
6944
4341
9361
9036
4150
1876
5277
7147
1959
8001
7353
4653
5618
5680
8763
2825
2580
4433
8277
6570
6468
8049
6625
1327
6167
8281
655
4430
6738
7157
7752
5769
483
8021
2841
7088
9831
8046
7113
6295
245
4666
9822
8959
5800
7944
167
7581
8130
1138
522
3712
575
8789
8099
1424
8165
9916
2056
3589
866
156
1605
4630
408
1550
7801
6734
7926
7644
5413
6452
5368
9132
4002
3796
8709
5932
4216
7595
7007
4083
4703
4083
9115
1891
3041
1171
6340
8712
458
7160
3985
9311
6914
9080
5676
2113
3361
5975
1438
1300
6747
7252
7865
9854
9133
6277
6441
2260
8276
4193
4021
8827
1442
2551
2011
6952
8399
8843
761
5197
8714
2431
2044
4573
3657
6633
6668
2648
7146
2968
7325
4588
7965
9676
3024
2992
286
1222
3797
7248
7736
3193
4221
2762
6392
4748
5086
261
7345
4933
5488
9481
8802
8147
6361
885
4114
5461
9025
5474
6423
7791
4450
5023
6791
2439
746
404
4419
4100
2945
8719
3704
4491
692
8709
9736
9846
8127
5567
7855
8714
4372
4877
4357
3065
5126
5657
8809
8950
1986
5926
4240
6560
7153
5682
1046
3409
5579
4526
8209
9236
8592
7753
4248
1481
4116
6502
4098
7070
7081
4944
3725
5989
1594
108
2051
9385
8902
4940
5018
1586
9517
2042
2804
6432
5147
1863
8344
705
773
7480
8076
494
3016
4147
1192
365
5359
4614
7625
7109
9607
9432
9600
5028
4660
9585
4120
9468
3554
7564
3374
8
6646
8659
4600
4140
3107
2117
3048
7605
6469
5894
3969
7428
6673
5691
9804
8491
2333
3526
8944
5902
3525
1098
4384
1001
5952
638
5434
2637
4909
4448
194
4014
5223
3681
3217
2006
6627
6595
4829
7092
891
6955
5239
3026
2724
6539
2964
6775
633
5663
3734
9863
8812
2009
3635
2373
5138
4527
6318
6097
3000
3463
6924
7067
8812
5084
424
5729
607
8763
8524
4882
3223
7414
7445
5937
5302
1847
125
8329
9258
5747
824
7824
3030
4787
5193
8316
873
5799
8877
1620
635
2397
7270
6685
6441
6765
8725
3958
9207
8323
6641
219
5015
6877
1466
7523
6026
9381
7340
3375
3953
4934
7698
7352
1581
8998
4956
5833
412
766
136
942
426
864
926
829
26
399
183
734
375
689
969
390
34
108
352
559
25
127
462
513
947
123
731
448
50
208
569
191
161
828
741
882
376
621
665
320
319
832
581
933
923
277
203
720
390
66
758
256
102
99
359
520
744
479
125
283
261
301
139
532
864
40
897
954
247
665
107
544
901
298
868
841
369
545
285
709
673
925
911
441
565
625
922
523
327
50
216
422
566
273
154
707
762
342
191
724
363
812
217
825
848
359
851
321
540
104
111
283
667
890
565
227
211
780
771
47
213
360
400
393
532
422
625
188
295
411
574
495
591
248
267
793
778
358
106
466
656
948
463
539
248
677
692
738
152
780
887
431
422
600
578
696
39
82
119
753
895
71
378
923
376
392
816
768
645
440
904
445
910
437
158
329
940
200
468
151
15
407
706
675
507
337
766
614
381
739
106
443
517
417
936
916
44
751
747
673
925
693
666
117
95
46
496
66
167
881
157
108
434
813
44
631
81
930
439
902
446
372
632
774
132
788
73
942
952
93
687
930
388
800
200
766
667
122
901
545
330
430
384
391
433
67
574
688
246
373
931
635
118
328
57
669
721
92
142
424
134
864
478
863
70
71
965
90
253
366
586
874
444
42
390
32
742
159
460
966
572
946
293
509
766
798
269
943
275
803
505
856
156
329
24
920
324
792
8
335
835
950
179
483
793
556
399
818
885
952
810
361
504
309
553
861
604
571
40
490
942
349
125
312
850
471
49
602
720
761
186
656
112
213
679
64
952
521
753
469
682
614
546
678
231
749
405
108
401
144
609
17
561
957
70
531
369
818
127
184
504
126
717
402
115
709
353
101
613
347
207
850
395
778
413
486
908
142
385
581
442
630
119
198
287
432
725
741
99
315
341
192
338
347
116
894
239
657
172
292
760
274
356
652
671
280
320
272
425
31
438
761
585
157
716
278
612
520
301
501
356
163
388
231
692
688
55
480
946
558
925
894
762
352
883
14
636
275
561
514
445
642
611
574
463
138
143
113
720
94
816
877
938
554
906
877
703
438
245
942
443
25
78
140
784
932
707
17
959
831
528
799
883
7
447
358
787
855
192
348
129
707
225
910
431
10
123
450
209
299
62
296
295
428
174
391
855
67
691
185
25
13
382
364
326
634
616
575
287
355
869
545
267
460
895
803
789
519
646
542
646
717
30
482
766
564
758
328
308
742
548
177
421
686
350
395
62
886
894
13
820
160
869
812
124
168
447
888
349
157
35
806
406
952
791
301
402
860
130
63
513
242
916
688
951
792
937
568
792
795
614
155
756
426
699
329
55
452
621
891
97
857
248
61
665
952
324
722
732
570
965
86
130
651
725
411
912
893
818
835
878
504
887
461
160
232
264
602
432
500
809
61
306
229
848
964
781
825
879
329
30
118
899
770
905
864
130
327
515
336
834
725
362
815
624
720
137
794
141
521
3
771
76
205
797
231
29
423
54
683
650
762
289
333
25
900
2
685
12
701
695
204
783
126
16
755
311
206
226
435
736
656
744
590
742
200
540
298
839
732
154
626
251
348
192
811
111
677
97
172
143
125
23
131
764
417
70
859
662
519
953
27
421
534
262
240
600
854
235
463
287
32
824
155
206
838
480
528
134
327
611
573
618
145
792
825
646
450
317
410
598
913
188
347
482
648
497
521
500
969
328
688
390
426
902
593
938
219
312
622
80
536
887
123
45
490
13
938
528
619
270
61
476
360
379
650
723
322
943
904
274
150
774
655
364
515
738
743
324
341
926
705
488
181
279
21
241
492
114
647
468
323
384
557
547
818
603
694
140
14
338
14
567
742
329
175
639
343
797
846
282
155
454
333
911
632
215
615
565
953
45
49
388
177
254
611
748
706
865
348
264
907
832
809
127
642
368
621
502
892
935
347
638
447
432
868
136
103
495
440
558
363
712
500
285
326
547
43
171
727
339
719
846
465
866
694
368
857
188
595
1
674
206
306
831
282
932
885
618
250
646
78
441
156
802
536
570
880
83
9
775
881
612
379
151
10
904
748
268
138
621
82
517
494
889
57
388
530
456
928
433
947
178
521
851
246
116
122
913
604
520
599
896
442
770
209
563
668
468
223
288
737
43
423
549
402
836
16
784
959
939
497
504
553
113
294
113
407
971
727
683
597
473
81
238
318
654
886
407
687
234
862
953
839
632
772
221
281
797
966
391
512
853
441
382
31
379
643
360
89
25
257
198
899
936
524
725
331
271
494
959
125
543
78
560
698
782
873
943
327
202
67
371
509
218
151
793
896
410
823
837
211
213
674
118
65
938
830
153
287
666
541
15
878
328
515
759
941
429
889
228
385
417
291
710
732
182
465
16
704
605
286
169
42
459
677
167
259
713
558
702
230
495
795
33
367
308
563
805
64
462
335
262
267
922
629
81
649
502
324
554
450
883
443
901
571
420
180
5
844
771
588
275
137
29
464
141
98
326
793
595
316
285
580
517
722
151
287
16
462
857
841
566
825
837
768
86
357
139
392
948
155
101
639
521
169
905
819
37
489
966
804
507
99
447
843
41
688
456
321
270
461
389
360
586
200
696
699
37
141
730
107
112
800
731
535
727
937
750
649
797
84
193
741
414
23
788
655
364
725
502
399
459
294
23
783
544
959
169
378
774
878
17
683
217
753
914
53
717
304
289
683
591
464
644
16
859
750
398
121
134
834
274
167
867
244
498
270
932
836
820
43
550
113
951
928
838
287
857
45
557
640
655
265
631
431
354
839
662
642
702
707
205
538
833
156
301
200
829
799
249
374
261
169
819
13
330
523
899
390
113
693
236
110
370
644
183
716
170
755
70
191
58
636
858
845
747
18
131
652
905
214
225
939
797
678
810
756
723
833
179
362
2
701
328
77
124
300
529
312
406
760
354
635
351
353
194
80
622
962
637
133
664
23
960
778
605
749
847
225
596
698
369
12
141
571
818
826
576
704
795
958
366
131
214
7
797
723
100
164
153
366
447
470
419
31
45
105
908
701
11
411
418
806
308
391
504
381
877
458
828
828
725
410
410
196
809
308
113
83
40
342
627
687
89
849
325
341
672
720
349
124
599
527
815
356
422
413
501
103
799
223
237
317
580
588
758
702
652
840
136
734
766
768
889
189
893
107
893
767
757
198
359
353
296
486
393
166
817
820
653
902
551
754
402
103
694
705
211
204
359
153
594
216
57
660
636
913
802
134
52
157
789
633
617
193
673
345
230
701
68
683
936
683
546
15
628
315
789
79
302
603
337
72
938
562
59
50
906
637
269
744
63
785
358
55
706
119
626
285
913
590
91
7
151
641
504
595
824
15
607
821
482
572
387
318
255
346
793
812
200
929
224
795
530
19
778
789
136
796
945
628
287
71
659
515
777
62
361
737
580
36
765
563
247
251
255
895
804
256
127
198
202
695
655
567
582
641
232
863
487
126
149
53
396
324
687
784
933
545
75
451
876
958
27
813
895
61
945
662
202
447
692
498
83
695
891
716
345
138
525
89
645
443
213
145
715
833
649
143
463
521
653
26
8
413
314
513
485
677
254
795
888
556
452
301
615
84
764
928
214
40
597
383
633
496
924
813
495
12
591
563
475
444
327
580
7
490
415
404
216
566
126
864
258
863
215
845
800
523
126
67
470
45
242
460
133
667
243
839
222
330
621
415
712
261
342
633
915
939
42
12
14
80
933
201
636
778
688
582
842
244
577
479
391
595
156
323
10
56
621
244
361
847
294
26
165
720
74
498
50
85
501
379
149
952
793
458
569
828
909
837
392
664
959
522
341
923
628
669
185
611
422
917
622
360
473
365
424
395
628
240
700
317
63
117
897
645
57
19
746
886
707
373
109
675
365
402
944
945
246
797
910
609
597
44
558
259
418
111
177
190
792
474
263
432
550
5
176
157
49
668
233
824
654
1
413
909
81
321
438
631
270
84
772
736
730
4
261
970
14
326
138
760
415
731
110
574
845
454
930
734
700
547
605
527
454
530
963
315
765
152
423
470
368
860
745
894
70
251
644
165
659
929
535
537
671
236
834
53
633
729
909
790
795
711
709
696
695
951
639
869
797
439
351
306
628
337
825
438
187
409
177
442
623
98
466
847
224
419
391
710
305
549
917
220
901
860
421
970
695
793
498
271
608
879
82
464
161
904
111
698
771
333
757
594
92
293
224
330
748
586
471
210
772
296
615
371
945
674
214
233
785
772
544
549
449
174
62
113
493
719
47
151
643
927
290
671
502
538
778
222
762
580
548
55
813
535
542
347
840
383
377
873
36
203
523
329
138
399
506
156
763
964
236
644
678
564
959
803
638
897
35
616
856
770
384
294
717
434
256
340
519
31
35
302
248
269
350
857
194
461
182
91
186
942
718
758
456
228
750
392
678
161
356
90
857
737
2
862
900
735
260
936
492
219
366
110
506
432
201
571
336
767
571
17
325
57
817
92
606
751
122
213
852
217
446
352
359
795
335
798
487
637
555
165
464
635
371
395
658
199
241
393
200
515
13
762
700
817
10
722
825
474
683
266
411
313
726
732
797
604
302
862
431
748
286
664
912
765
769
444
758
537
452
548
627
642
484
385
553
433
35
391
938
437
347
775
274
760
491
580
741
178
631
682
843
746
205
57
627
399
546
91
87
644
234
417
529
72
380
271
889
227
217
214
370
398
93
395
522
306
744
698
419
394
499
67
574
411
560
240
318
782
471
664
265
108
517
930
817
467
238
671
659
406
632
380
852
18
940
530
731
669
361
594
300
29
902
858
135
329
232
122
557
833
408
861
164
225
14
464
77
791
251
817
833
770
961
375
604
476
42
893
473
505
776
658
920
28
98
815
611
257
31
310
312
703
117
897
86
834
352
359
430
678
40
204
157
662
813
52
847
807
327
54
525
447
18
699
963
771
546
781
699
692
747
785
524
959
160
638
790
156
881
664
962
66
111
947
506
823
54
735
14
765
111
701
849
934
345
87
154
680
895
252
240
324
172
562
847
881
692
441
907
727
518
786
771
372
583
749
545
272
581
491
383
608
580
19
531
766
19
47
762
755
167
554
941
438
893
944
53
965
652
501
814
1
384
815
667
732
327
98
450
165
513
854
860
88
564
445
902
348
218
26
645
396
66
56
731
338
888
225
723
140
203
677
564
480
844
869
428
885
51
534
632
633
650
630
856
20
434
730
108
310
673
338
622
655
287
829
506
232
111
58
229
884
493
941
583
68
453
873
271
246
335
175
620
479
75
350
17
789
237
313
275
643
446
231
340
170
662
500
315
248
574
137
28
703
470
706
761
419
943
738
60
321
475
813
493
20
438
911
184
80
798
461
915
597
218
466
460
305
152
260
493
106
925
952
321
829
163
353
631
750
717
511
118
718
296
735
320
667
343
106
857
336
785
362
24
394
758
323
276
305
858
967
165
701
115
551
850
166
959
951
725
10
901
100
24
780
249
530
898
56
64
797
719
963
825
419
97
731
848
78
834
631
838
143
872
971
441
175
789
565
766
107
802
580
748
876
169
192
695
915
835
188
210
189
127
233
46
930
808
89
741
277
871
369
944
212
690
207
31
898
65
688
51
861
760
445
499
675
223
844
643
692
598
354
66
896
520
954
445
923
719
181
334
443
663
339
842
737
242
494
256
519
585
70
395
77
745
221
470
853
475
288
558
39
113
567
242
852
604
170
818
645
584
744
88
818
524
735
705
746
778
951
733
937
206
922
408
587
956
11
404
814
513
349
950
844
149
741
770
589
745
383
423
658
46
371
428
296
8
543
646
408
217
372
515
619
905
838
651
633
627
808
293
837
96
77
832
716
236
101
81
616
59
431
882
218
93
261
200
168
696
603
744
874
862
69
202
911
967
487
24
961
485
37
659
368
323
776
711
111
812
133
639
90
38
403
109
16
952
625
583
134
611
392
435
258
326
477
54
496
121
356
221
807
578
739
941
330
507
839
347
281
877
210
566
205
172
557
387
960
318
855
340
576
124
500
201
240
647
447
959
708
672
331
721
487
762
875
740
699
575
365
718
336
495
461
961
204
613
407
210
730
770
63
755
731
205
240
98
727
829
854
481
843
147
755
210
577
81
500
106
922
622
230
412
736
460
473
514
73
485
23
162
879
442
202
740
151
148
193
363
257
288
77
593
489
900
807
921
944
50
951
381
629
723
489
921
812
605
848
369
216
654
842
7
143
848
603
761
370
142
148
534
941
755
182
180
948
160
22
919
761
829
862
368
775
725
752
229
240
585
950
63
56
144
490
89
446
459
245
462
83
119
264
361
655
235
681
789
655
61
7
925
360
537
390
443
905
417
434
353
769
165
481
306
311
465
572
83
615
70
66
486
891
71
633
382
822
373
888
538
966
225
104
928
855
217
556
72
112
383
569
538
364
717
426
908
633
381
501
799
464
246
495
847
179
581
451
20
84
151
491
44
434
612
674
491
347
856
911
619
546
971
848
44
940
424
76
960
625
491
205
652
812
801
120
937
305
644
645
848
563
682
443
591
433
541
596
485
472
90
243
469
353
929
803
595
586
872
238
860
86
223
277
231
906
582
663
17
614
200
286
271
533
728
640
213
504
781
70
193
105
403
143
432
898
336
516
772
445
331
85
511
870
444
682
189
43
894
485
149
455
424
541
762
305
631
145
574
250
219
398
917
157
927
773
969
862
338
853
741
264
173
565
548
685
449
909
205
80
237
160
249
845
268
481
491
244
771
842
99
112
144
106
691
527
845
662
245
19
923
20
625
965
898
820
850
416
57
787
5
775
227
801
238
45
487
440
177
762
711
407
870
656
105
542
683
609
180
548
835
396
681
24
866
178
306
276
581
397
323
375
81
933
670
394
545
415
143
178
833
264
844
113
860
143
528
579
914
838
270
907
841
917
682
811
8
375
727
503
622
584
665
830
35
94
806
370
623
553
465
152
126
792
351
932
855
536
707
606
692
832
734
581
220
319
787
121
354
889
913
889
911
236
184
469
51
706
193
814
779
253
505
356
343
23
555
484
898
752
608
243
155
955
885
27
155
704
674
559
132
459
238
865
125
878
337
440
946
117
373
246
43
154
136
325
793
663
717
44
725
915
169
496
669
505
660
797
46
407
383
42
682
366
16
59
836
307
154
163
885
889
313
321
873
162
915
126
53
554
66
561
956
577
778
389
773
809
622
246
515
607
328
648
624
215
956
120
497
542
301
408
857
295
131
405
221
764
674
24
969
118
281
188
278
59
858
864
282
203
828
857
626
891
45
317
274
34
261
309
479
594
831
206
867
812
260
780
208
536
825
15
747
510
3
939
919
813
560
913
223
42
963
848
892
199
930
795
197
676
774
127
93
79
328
536
68
120
811
15
181
786
202
376
889
770
666
700
82
840
859
429
156
569
72
272
866
780
715
110
889
808
119
149
712
343
543
886
189
853
97
722
467
551
312
765
160
289
13
21
588
223
725
418
374
442
665
614
530
788
308
199
831
964
187
555
357
421
915
797
871
51
16
105
336
835
400
732
608
2
221
687
636
798
959
458
802
686
242
675
43
143
645
844
806
115
553
99
747
822
323
869
168
807
638
534
546
345
682
41
381
953
104
906
434
121
360
948
6
893
250
134
556
180
514
938
287
550
845
844
477
267
725
564
710
774
56
444
691
460
439
378
524
222
519
467
562
872
720
895
926
572
64
384
630
606
65
683
531
758
425
33
185
7
179
572
346
51
745
451
900
427
210
736
435
430
798
408
36
719
758
356
540
916
507
345
967
91
792
870
339
800
153
841
735
311
191
15
248
895
240
420
535
474
781
689
771
278
502
893
131
595
816
581
455
793
735
660
361
485
114
358
170
320
148
131
930
429
403
888
324
933
27
798
622
196
523
164
377
813
912
956
109
576
50
376
859
425
686
284
290
282
870
383
138
670
596
384
788
466
347
714
950
510
112
307
801
895
828
50
913
790
156
834
220
285
404
392
128
344
104
375
881
777
613
430
441
176
501
97
513
591
609
967
252
694
916
593
639
793
527
503
396
608
737
23
808
591
210
493
401
854
114
920
502
487
246
693
693
281
424
685
652
517
336
840
767
339
868
57
319
362
575
356
417
33
908
761
86
301
631
126
162
657
945
944
630
726
736
157
54
854
31
757
571
781
574
866
373
535
649
597
52
583
774
538
625
540
644
513
366
429
971
414
634
462
928
131
634
244
409
573
940
610
202
120
885
374
47
492
566
748
118
596
712
912
831
922
334
564
70
472
362
487
663
886
202
474
120
723
222
825
422
607
949
634
693
123
191
818
106
215
507
128
924
360
780
538
692
80
113
474
718
226
169
660
146
282
405
221
698
16
606
627
65
878
254
683
727
287
778
329
369
165
555
638
320
345
374
843
237
928
793
652
84
840
434
26
349
724
853
699
827
127
970
290
587
773
738
949
403
949
359
876
309
820
567
244
538
669
66
625
845
389
891
964
735
672
385
47
640
671
749
790
208
890
460
513
130
448
500
3
258
685
428
294
380
668
861
936
319
734
412
544
647
392
402
716
321
881
630
933
38
479
407
688
936
29
502
122
477
449
71
124
671
14
796
427
354
381
179
474
519
530
293
807
879
652
654
184
180
422
765
184
884
628
1
562
439
235
666
710
121
720
652
740
169
946
82
942
585
825
704
116
21
690
410
307
925
618
775
319
390
32
421
637
390
485
506
69
656
916
34
880
215
176
706
537
343
283
34
423
963
601
828
884
691
278
786
29
90
710
489
406
629
559
360
209
438
579
171
946
482
61
72
470
396
929
422
291
476
680
67
592
74
456
614
667
792
462
615
88
119
738
237
288
322
924
553
15
194
142
316
477
103
287
688
839
931
707
708
2
831
203
188
239
368
69
292
762
91
793
806
843
866
43
468
821
135
346
11
533
963
112
763
159
653
866
628
319
440
911
581
374
160
89
145
63
966
58
613
106
586
704
813
41
429
321
577
594
785
468
153
460
794
815
639
578
611
614
166
743
370
76
909
49
157
375
880
426
165
960
24
877
369
691
52
460
90
19
7
613
283
564
425
237
939
95
74
477
280
157
929
943
694
640
168
300
119
536
823
690
285
215
928
813
2
273
243
915
444
549
418
179
323
17
340
117
936
803
404
46
678
537
795
934
485
228
941
951
451
159
782
727
579
819
962
598
658
152
790
107
99
522
411
758
798
526
25
164
216
266
873
396
869
778
3
705
250
101
194
69
750
73
337
162
137
384
917
941
184
360
409
832
732
238
304
834
786
794
625
933
156
91
40
142
521
529
355
56
660
127
205
334
191
866
393
9
931
634
822
560
405
888
85
201
922
595
356
676
843
641
383
213
191
773
244
419
293
48
498
677
423
241
652
212
560
701
350
944
522
266
207
404
814
42
432
928
795
565
235
736
628
282
437
278
854
907
358
574
751
189
467
347
277
723
899
748
81
160
214
495
394
696
222
349
145
923
563
717
87
810
198
323
105
252
415
63
170
116
501
126
63
573
70
574
639
851
620
244
780
408
267
550
125
843
675
99
8
654
550
605
196
341
381
443
953
491
428
765
619
117
403
619
507
700
962
415
767
883
64
260
502
441
233
409
465
171
453
58
968
235
90
504
418
858
747
943
529
736
14
127
67
220
223
323
440
724
466
412
636
375
658
34
968
490
134
652
789
751
750
368
656
895
636
593
360
591
902
911
888
455
279
306
4
384
196
822
671
416
350
54
305
358
295
810
618
146
670
119
710
623
527
811
792
745
434
430
575
330
325
138
143
821
140
466
216
182
3
420
457
344
456
602
212
309
811
202
761
91
405
917
218
47
178
455
410
949
841
555
698
529
285
640
513
398
935
592
623
614
114
398
228
48
23
881
122
58
536
295
439
952
104
40
345
925
373
95
475
468
122
525
459
573
342
878
73
575
816
845
702
913
954
816
380
105
363
894
316
822
333
277
300
586
639
867
90
204
260
551
384
73
831
815
864
196
866
718
108
664
614
958
213
856
188
343
396
602
769
270
469
163
653
45
320
439
197
33
77
821
236
547
198
953
104
596
69
752
854
183
329
614
41
910
131
353
387
236
598
101
166
284
758
925
155
832
206
28
864
661
385
303
250
590
906
24
793
877
733
525
792
50
471
487
86
85
640
525
463
971
451
426
188
722
211
265
327
655
561
686
645
945
268
100
78
753
640
123
868
240
24
476
658
189
835
888
121
739
864
846
522
693
611
291
620
30
829
37
22
750
144
456
79
678
653
375
498
598
272
138
740
763
741
428
412
104
415
402
823
201
461
24
268
163
664
21
613
189
883
401
245
226
635
54
710
690
909
787
57
388
300
940
212
270
108
869
308
618
940
234
398
515
855
163
260
28
65
347
312
505
504
128
152
744
765
628
200
172
86
168
596
269
643
203
669
703
375
96
746
91
191
760
557
632
5
292
332
497
601
457
416
535
523
299
98
135
626
198
853
575
645
15
582
87
546
411
926
564
955
362
609
383
400
429
186
117
421
883
414
946
297
355
338
461
181
499
244
837
91
889
822
565
336
520
515
420
855
334
583
654
482
505
55
592
767
258
937
787
119
206
725
721
971
570
640
564
651
641
188
23
706
203
569
935
157
619
747
948
232
119
110
930
354
406
522
82
479
519
72
84
884
360
135
499
219
153
370
255
79
225
904
225
567
381
444
181
91
623
215
801
804
479
802
26
160
720
89
896
175
725
481
494
303
127
140
357
693
700
455
115
58
363
329
4
732
878
832
904
396
448
655
399
549
946
714
834
84
731
900
871
356
255
963
410
523
747
952
228
51
461
514
918
667
813
190
614
751
275
718
490
763
395
482
584
953
140
907
551
624
282
314
252
787
288
198
408
86
226
386
72
723
18
592
263
251
265
75
675
744
5
126
824
29
858
581
167
605
301
761
175
810
682
902
308
261
613
296
897
433
836
569
140
919
595
14
410
457
563
69
925
81
10
784
916
53
298
294
833
630
268
125
707
425
720
452
847
793
593
325
461
606
31
624
819
388
332
449
583
396
824
275
420
925
652
291
888
856
235
433
397
50
122
463
197
571
633
612
904
593
38
818
54
527
25
541
421
123
721
650
28
231
370
355
956
148
510
747
465
170
429
399
306
60
726
673
839
187
315
151
276
94
218
204
700
307
760
880
518
102
246
241
72
946
2
389
444
405
619
464
613
823
262
177
215
167
548
113
144
35
303
907
537
870
247
765
435
662
226
232
366
589
864
759
532
3
819
860
91
235
345
561
557
348
830
602
407
688
474
164
660
616
90
689
223
720
475
753
114
713
580
724
357
709
299
835
434
108
829
910
4
780
819
669
739
458
582
877
250
349
140
268
687
92
794
297
194
653
459
772
917
458
389
934
811
449
967
208
735
944
806
486
729
649
912
762
328
155
904
257
835
463
421
81
700
969
283
535
268
450
340
247
31
668
88
156
5
560
252
597
49
586
920
329
139
239
380
472
970
294
776
733
568
738
729
429
509
534
127
472
124
771
664
437
754
288
500
743
740
98
158
749
480
441
346
141
313
376
687
218
923
509
347
25
14
901
846
308
280
235
359
73
371
102
119
105
643
82
518
169
529
744
574
42
436
13
922
111
383
102
358
514
416
592
452
393
757
238
475
561
923
231
121
957
702
421
435
330
346
578
254
151
2
904
970
572
612
138
244
26
897
925
36
458
309
541
475
740
853
865
542
642
914
378
826
544
85
794
102
122
825
369
254
53
513
416
925
694
528
248
66
48
680
579
734
775
645
104
187
410
425
90
689
920
673
744
633
499
78
556
359
790
476
692
202
267
843
75
188
374
891
97
63
64
901
603
106
12
734
770
174
671
70
906
631
544
773
769
456
201
202
59
11
247
819
355
518
73
333
458
519
635
169
106
169
185
45
902
636
430
577
236
784
658
924
878
41
366
337
414
475
460
744
280
293
158
612
444
948
365
957
128
709
859
546
659
174
112
531
828
694
630
900
607
288
214
511
138
847
712
722
448
188
890
815
606
182
197
409
46
485
488
3
402
213
2
141
676
413
826
389
488
679
286
500
320
792
359
17
123
871
801
166
851
337
352
629
269
675
176
792
928
192
138
476
598
610
728
62
671
943
444
349
29
97
161
488
603
124
99
72
201
592
617
739
418
856
558
85
483
306
197
410
891
22
336
685
564
469
728
800
268
357
350
349
902
866
718
535
675
52
927
767
116
599
708
550
529
738
536
667
46
951
587
377
881
684
801
399
582
641
166
429
423
202
546
26
921
51
861
180
168
841
934
822
549
886
597
318
724
145
728
585
614
168
553
731
105
693
677
526
419
67
914
140
639
34
678
341
453
22
648
301
612
253
905
943
440
22
235
253
136
871
586
798
829
456
767
558
705
648
468
723
250
747
323
287
901
885
325
819
278
776
29
424
806
825
884
694
321
470
436
777
661
932
650
57
867
350
188
552
540
478
121
719
455
766
735
404
437
410
42
2
395
61
406
451
753
72
927
326
910
469
917
824
90
412
601
34
101
487
34
123
686
168
752
110
817
914
845
714
104
861
446
673
652
75
133
630
193
900
941
642
273
500
375
367
178
427
860
175
793
715
220
680
722
666
699
242
527
291
66
444
250
146
132
369
830
442
344
147
915
687
547
711
621
612
243
749
818
331
735
678
511
118
347
721
257
548
432
215
558
947
143
654
600
627
453
45
644
39
303
633
542
777
782
64
195
495
935
263
526
449
605
80
518
267
234
597
206
431
222
560
184
833
406
42
154
559
603
638
783
628
314
399
771
114
816
118
97
22
47
831
235
63
383
253
499
321
170
72
198
634
692
878
104
570
771
37
578
137
362
585
129
947
735
839
489
949
769
501
113
425
490
201
623
574
375
12
250
102
255
633
678
357
627
424
391
869
320
74
190
866
416
750
1
352
216
641
659
651
2
788
455
117
858
679
357
192
418
547
666
584
657
820
881
558
776
545
946
57
333
175
342
192
489
30
692
607
124
131
658
728
482
797
811
27
853
63
162
218
852
433
723
236
790
306
82
922
917
889
241
239
928
867
687
74
681
219
691
685
159
177
5
585
600
832
912
722
68
556
586
179
771
431
724
174
267
352
279
305
211
89
772
911
68
405
691
414
782
627
848
892
14
181
325
881
278
629
671
719
580
550
467
899
228
13
789
683
941
267
78
260
145
349
927
333
134
558
675
443
771
636
347
380
22
877
346
442
130
768
475
55
451
804
256
545
682
901
423
779
169
823
727
659
142
125
296
817
597
344
173
754
236
867
224
513
292
63
168
679
843
732
295
619
197
711
891
279
963
101
107
873
628
4
724
353
455
23
440
933
678
86
515
643
531
463
125
793
390
105
391
326
457
94
375
618
951
644
505
154
571
38
115
228
721
261
317
347
569
528
944
59
80
273
25
483
888
491
712
71
478
949
72
306
499
933
241
786
491
441
377
321
81
546
398
180
516
387
53
263
631
180
376
877
275
365
514
832
308
721
271
387
553
722
485
71
884
635
847
779
940
618
424
535
401
272
240
598
195
496
887
860
915
452
454
826
543
564
572
452
520
562
140
70
231
847
657
622
229
355
459
902
227
370
62
516
925
694
578
845
620
434
639
573
653
382
241
675
498
756
239
98
299
674
471
843
624
801
971
458
690
170
633
842
384
319
900
74
782
931
367
328
963
722
836
432
443
456
507
796
334
845
572
941
770
721
256
927
838
830
282
969
868
925
314
316
246
172
585
182
626
50
391
907
65
347
835
404
105
699
906
372
403
461
28
553
684
619
760
229
217
953
309
538
216
541
797
624
644
378
622
270
663
56
96
506
458
352
191
509
90
513
387
372
574
767
936
516
148
401
37
486
836
289
856
850
309
959
584
209
158
48
903
355
141
963
848
890
815
550
621
447
141
597
322
635
220
32
265
935
397
875
146
127
937
530
779
715
902
540
828
346
407
174
499
427
209
513
703
759
819
731
561
35
326
573
741
255
162
800
269
199
70
67
770
743
630
61
404
83
863
48
475
464
594
884
963
407
481
564
881
74
607
532
80
481
225
622
300
711
203
636
481
818
920
697
262
90
660
469
11
552
215
826
932
472
896
449
866
683
899
267
231
397
938
102
713
75
745
467
764
272
720
875
336
668
586
222
303
198
412
456
199
825
230
654
432
63
461
36
360
765
435
76
539
240
663
815
194
347
894
630
301
33
170
455
111
744
332
478
18
903
4
957
941
138
69
480
332
338
450
773
381
584
286
21
257
154
723
62
671
365
52
737
218
961
120
791
875
81
336
255
871
231
659
174
58
368
165
71
725
344
232
214
724
462
453
859
47
920
302
484
100
275
767
16
389
575
937
93
357
51
505
535
761
564
223
252
253
467
600
768
960
228
782
158
288
212
246
794
380
41
147
163
224
664
704
918
542
427
330
171
279
290
533
158
522
171
579
840
644
848
607
563
584
148
217
319
264
524
12
301
208
778
641
451
653
162
744
451
880
662
539
118
605
532
132
397
375
202
129
429
815
286
808
753
413
365
624
114
824
480
250
57
820
880
299
262
466
563
377
388
157
497
432
40
465
422
960
466
777
482
441
147
317
902
33
118
74
904
969
723
11
934
515
657
126
522
391
280
477
791
679
37
228
111
917
135
418
942
910
6
293
322
182
709
230
956
554
101
730
335
715
18
642
898
870
580
227
200
347
565
44
189
553
613
223
518
66
290
894
703
735
691
190
548
757
920
625
411
8
103
199
182
603
465
54
693
384
344
866
559
679
956
46
763
376
373
698
874
938
772
717
596
100
146
211
609
363
249
42
220
950
710
257
154
187
105
768
734
25
949
264
839
141
879
397
911
309
684
819
920
746
332
490
621
708
745
595
573
768
520
243
296
935
462
311
719
126
918
829
754
740
930
106
691
282
834
418
613
659
876
347
611
897
892
905
385
58
521
414
69
740
405
361
288
466
828
739
467
334
91
575
544
100
56
572
4
890
335
958
103
257
474
831
439
668
216
890
605
811
878
212
227
267
937
704
755
594
523
910
628
92
608
377
694
516
780
220
46
639
489
545
768
922
905
860
488
793
299
461
740
363
395
808
706
55
439
526
815
694
409
88
236
136
23
560
34
876
647
855
484
621
101
625
536
794
737
78
968
662
71
35
454
888
435
16
455
806
450
188
885
300
169
152
274
620
104
598
231
912
847
449
453
744
534
617
532
684
238
862
434
902
101
349
166
568
863
10
372
838
862
189
397
192
597
488
517
414
168
481
831
393
37
220
672
947
429
280
939
652
301
833
50
84
805
223
262
382
296
245
857
725
798
308
963
840
686
969
182
64
532
798
5
729
613
738
3
890
134
809
169
938
898
186
444
492
869
655
551
236
774
222
742
105
70
805
78
255
744
131
310
800
739
884
506
410
918
705
244
853
552
171
138
525
499
892
226
619
556
305
385
950
540
48
64
422
508
701
705
190
112
632
729
36
117
683
669
396
727
755
406
585
560
124
455
132
236
108
368
261
390
844
156
217
348
295
688
477
875
502
187
494
717
834
284
693
70
652
653
373
698
611
333
658
342
590
799
373
908
65
175
606
232
275
858
755
269
506
532
698
684
26
169
606
182
712
616
846
92
778
934
73
872
80
440
506
687
595
609
580
578
553
630
18
899
694
194
233
638
341
943
706
356
362
714
530
348
37
269
400
222
90
58
250
776
791
510
634
219
615
877
384
354
172
946
871
847
780
968
268
710
398
915
217
146
878
777
583
565
634
611
643
82
826
27
709
442
411
446
31
110
556
33
397
825
141
563
936
897
367
424
120
905
941
802
308
572
627
237
16
312
914
571
551
173
500
849
641
320
437
460
260
653
139
783
675
868
434
674
150
481
535
376
70
322
506
778
97
606
370
854
476
364
395
798
539
40
291
4
246
609
758
609
246
92
244
334
134
528
695
487
87
475
9
375
121
9
570
697
806
964
789
115
427
539
548
5
437
94
632
525
886
840
3
162
471
155
631
966
392
197
88
872
340
527
608
254
339
461
328
28
350
17
408
556
931
382
784
463
661
523
540
860
608
387
786
641
272
338
288
332
138
509
638
737
307
21
795
375
442
189
472
480
846
771
185
464
290
909
861
597
581
237
175
671
337
945
525
430
57
195
556
285
69
160
340
626
148
289
4
587
902
543
45
352
774
831
68
308
569
476
486
607
97
87
342
967
742
866
470
879
216
204
843
451
705
170
926
56
98
588
490
760
231
27
873
727
862
560
671
913
250
554
837
455
196
561
561
35
527
60
806
907
610
136
479
27
84
767
509
889
877
487
493
964
434
160
548
843
253
289
575
141
907
204
835
487
901
137
563
934
959
677
68
893
409
869
629
955
370
650
585
79
794
790
782
271
347
925
550
296
16
157
502
364
472
19
472
431
172
599
28
967
635
338
563
251
646
76
307
535
104
939
307
285
451
777
98
419
40
7
533
966
22
365
591
312
269
347
662
777
824
175
631
277
222
134
759
678
690
655
16
58
655
769
796
920
906
161
364
632
237
349
760
24
327
597
357
900
569
248
898
585
31
780
242
196
335
965
776
48
581
234
256
534
774
137
545
63
482
382
540
662
631
652
963
614
774
932
141
518
642
177
461
343
267
523
552
933
226
128
257
627
723
567
827
658
673
512
141
900
745
781
777
465
414
889
591
856
248
495
103
663
680
775
42
50
400
892
150
438
743
537
641
425
785
142
54
546
127
394
437
194
718
842
774
908
881
591
106
879
774
10
876
50
301
545
437
658
405
794
820
454
94
702
711
522
457
845
925
854
831
930
74
426
446
461
85
632
826
70
227
883
388
544
676
681
143
126
374
967
334
359
250
120
717
12
319
685
30
302
88
160
705
292
719
628
15
366
717
580
470
151
253
915
587
688
281
229
747
200
261
87
486
818
465
965
901
427
706
137
690
266
148
214
426
495
299
50
380
556
253
930
540
493
27
826
691
850
169
74
515
26
280
453
7
325
303
770
669
336
204
711
199
797
478
762
956
677
856
541
511
342
792
289
684
488
832
105
546
567
52
856
251
430
669
393
457
490
19
155
396
948
576
105
32
905
556
636
294
225
743
746
638
183
848
251
355
227
1
467
901
858
481
751
799
113
826
417
411
882
151
381
163
9
5
485
638
410
479
934
923
271
230
720
946
705
101
36
642
316
331
874
824
686
211
523
950
14
487
280
136
421
553
69
364
400
606
514
766
382
602
285
888
966
437
142
227
890
123
328
866
388
201
948
904
541
638
124
305
547
262
307
742
216
743
500
179
113
756
522
879
816
219
241
582
242
338
591
106
638
619
913
820
133
51
743
86
504
95
569
374
47
113
880
635
619
62
836
849
65
323
514
903
6
114
52
599
126
197
836
395
595
673
481
408
82
940
786
171
723
572
662
589
825
166
367
88
348
29
526
207
318
322
776
221
740
868
323
61
32
48
302
546
679
9
739
203
123
119
71
698
919
509
298
935
591
144
530
499
101
408
223
519
730
315
185
703
196
558
917
464
102
422
922
714
593
223
561
178
936
591
915
729
774
806
178
605
99
220
201
555
807
201
199
911
856
610
690
686
948
514
17
801
264
600
281
622
915
351
385
880
890
665
23
165
328
421
345
331
239
936
876
313
690
32
365
4
910
253
581
464
473
743
501
662
30
736
272
259
220
628
947
229
335
813
710
669
187
713
923
528
723
444
262
587
408
661
803
321
413
844
204
957
158
799
54
94
631
354
674
723
27
20
324
808
809
420
833
6
261
336
661
693
95
18
230
464
288
493
661
41
511
750
412
263
889
369
907
657
671
121
521
256
279
32
775
736
163
359
241
261
412
63
10
508
707
80
242
909
483
666
78
948
197
526
923
930
628
721
719
433
909
597
720
329
316
420
308
838
405
797
189
324
832
394
960
501
570
638
447
740
630
678
72
767
777
219
624
932
42
362
907
369
941
939
331
262
592
821
529
388
286
727
608
939
59
123
692
283
464
619
860
165
339
230
110
400
74
742
49
261
828
723
819
792
169
54
112
600
295
181
353
246
103
166
853
682
678
238
3
205
376
961
417
593
233
22
775
924
406
665
281
474
66
753
488
753
585
650
189
62
393
377
479
913
790
147
890
894
528
549
782
824
947
291
610
381
964
589
934
47
329
772
779
850
82
961
205
324
848
846
674
688
448
509
40
251
150
764
305
150
692
633
74
685
181
134
627
764
36
112
925
856
194
220
528
555
117
775
431
573
144
390
156
307
802
762
552
315
964
405
289
179
864
637
774
709
914
1
751
896
650
853
273
151
236
961
809
557
386
866
492
907
196
823
46
837
807
77
286
205
825
195
202
926
854
648
613
667
294
411
299
143
463
795
515
411
498
373
692
99
929
942
564
549
971
185
76
941
117
792
248
407
254
341
131
406
94
969
477
258
17
638
153
673
838
689
799
730
370
784
415
647
213
278
767
640
667
283
283
423
44
27
67
274
173
681
240
118
452
481
462
926
703
627
304
160
628
541
432
503
898
549
832
928
490
78
633
285
867
504
44
838
4
400
749
125
357
186
816
381
428
14
267
246
98
581
508
885
778
183
780
921
720
458
470
508
920
567
618
350
602
126
424
487
444
509
39
404
340
115
418
555
432
758
429
768
858
303
224
149
416
690
287
196
516
2
703
550
34
623
800
413
732
835
448
734
404
500
226
346
136
797
22
105
96
637
370
509
317
633
704
183
311
325
5
153
594
297
596
441
712
897
301
822
821
888
203
950
19
930
393
628
118
818
839
646
609
809
524
728
395
157
726
33
543
516
287
506
834
18
51
452
295
238
288
235
917
87
175
831
416
231
388
223
133
78
249
809
678
325
954
204
434
227
756
539
729
60
315
786
483
755
375
814
944
250
319
449
633
576
760
393
106
938
762
855
576
837
713
619
596
423
747
274
595
545
969
323
764
854
171
299
322
616
565
763
634
385
592
407
528
962
93
948
493
258
70
124
154
819
152
768
949
404
695
383
726
645
668
771
571
536
602
276
192
839
787
480
451
143
379
343
402
395
654
58
195
482
464
877
84
354
362
588
31
184
598
526
188
311
156
164
149
699
900
224
729
542
353
764
847
176
129
266
920
866
686
160
426
939
868
444
657
539
26
356
911
145
911
608
115
968
391
812
336
662
110
138
550
795
616
491
135
284
817
951
494
261
816
480
936
182
171
569
827
286
488
391
649
477
823
742
126
908
614
3
914
105
10
820
108
712
62
37
847
110
794
595
239
203
602
63
158
409
814
364
396
784
399
180
768
932
259
445
666
304
525
224
44
445
532
154
967
293
701
820
102
319
604
264
321
694
266
598
892
393
725
508
538
371
217
240
310
366
756
880
800
745
784
844
856
748
724
890
156
933
236
418
290
95
281
315
19
151
852
2
422
84
77
448
593
356
322
923
437
167
653
484
91
217
350
33
349
355
109
483
405
71
423
583
876
591
200
175
47
542
66
828
832
400
427
891
783
15
446
344
180
46
668
268
884
441
863
319
759
776
405
261
373
164
551
683
406
243
287
843
946
692
545
84
49
932
575
917
315
885
605
160
856
231
154
214
167
431
201
92
67
440
82
655
296
498
501
41
665
50
9
527
868
481
392
371
307
465
688
3
455
541
491
702
579
91
633
500
967
233
452
68
484
833
771
868
464
383
653
953
676
509
330
212
588
160
564
501
898
656
130
323
937
956
64
714
689
553
225
38
134
943
222
580
768
805
762
769
156
496
692
189
928
539
867
330
448
259
880
314
790
884
586
26
778
35
489
745
401
696
70
939
561
320
751
369
411
570
200
496
775
768
717
431
673
358
613
481
178
552
1
230
169
109
155
182
185
716
855
883
84
334
559
532
841
630
904
338
754
330
884
927
545
174
502
60
89
701
411
863
53
588
796
441
56
754
615
479
245
371
778
571
139
281
464
23
542
1
831
959
720
326
39
791
64
265
101
104
376
295
237
759
804
62
821
615
821
867
911
467
91
611
960
256
18
227
924
362
947
103
147
626
282
201
157
851
522
911
964
228
156
62
300
840
910
84
636
89
365
255
762
482
336
419
229
776
781
963
805
485
656
316
877
1
584
941
884
482
161
564
355
795
747
702
956
795
119
140
448
577
411
433
214
411
572
186
862
688
170
236
766
676
901
140
112
675
469
376
552
421
21
361
952
854
952
524
763
85
325
477
626
645
17
241
757
742
221
871
715
837
220
893
648
635
335
476
168
190
737
896
550
186
528
381
787
1
410
376
266
495
26
323
66
855
507
487
46
750
579
426
770
955
507
788
584
864
930
287
800
799
151
94
598
789
136
206
114
327
733
261
388
451
445
247
377
56
241
518
468
280
611
240
949
457
492
448
570
87
644
509
740
483
279
119
573
115
859
910
183
438
714
679
176
112
243
93
711
763
597
150
488
245
859
732
455
810
62
267
804
827
829
260
864
836
385
677
289
98
605
162
41
421
80
420
955
581
533
388
49
108
96
727
51
477
53
511
131
361
446
211
672
666
326
397
901
322
790
865
752
714
959
554
516
614
115
254
394
131
156
340
607
416
634
691
535
869
495
490
471
222
406
83
353
875
598
648
597
758
248
152
94
572
843
573
820
447
833
788
600
578
935
772
740
358
547
305
335
822
810
863
886
717
135
209
550
637
767
597
756
207
605
882
769
626
344
557
307
422
183
560
99
509
683
171
581
800
844
322
749
695
953
161
429
357
74
257
958
307
806
931
413
541
227
700
751
260
2
772
519
235
142
603
122
921
557
207
350
467
215
532
718
85
952
28
685
802
60
380
889
440
106
531
537
142
667
659
876
509
795
219
356
202
107
951
181
667
309
635
848
400
679
696
464
25
73
549
698
21
39
48
384
931
600
592
171
512
418
492
697
508
406
479
954
499
4
426
822
826
882
810
59
872
498
386
633
726
797
794
102
737
379
955
331
363
786
920
26
230
616
276
114
298
941
657
98
725
395
846
145
794
165
446
926
834
549
561
255
683
473
534
256
115
893
150
212
876
693
792
318
390
71
339
514
850
136
423
295
907
622
677
468
208
134
337
47
122
188
794
167
17
241
535
423
538
704
589
320
664
126
355
326
226
168
889
869
697
742
639
530
776
443
471
323
219
769
804
703
78
489
734
178
127
489
223
763
550
815
178
238
503
560
297
317
668
289
956
389
161
262
374
629
807
499
331
924
955
812
79
941
313
639
456
928
82
127
724
186
51
143
346
108
698
810
180
52
484
31
681
858
27
417
572
513
544
534
444
925
150
110
317
118
636
244
367
563
191
888
417
605
404
342
772
554
665
849
620
822
816
45
5
42
20
375
259
243
937
7
582
88
702
704
727
1
589
368
33
832
392
313
503
735
685
430
239
325
14
965
294
180
748
443
193
850
603
83
882
787
97
116
207
419
957
402
635
673
685
303
817
510
45
872
91
356
190
4
932
612
754
672
42
186
391
273
597
875
467
444
905
235
297
803
573
333
828
539
590
256
191
244
315
452
648
468
449
890
253
112
519
538
729
556
431
787
706
664
378
95
710
758
485
71
964
698
693
189
368
323
462
473
734
608
283
898
574
833
912
72
1
948
284
731
391
496
187
446
71
262
701
263
578
660
518
851
128
649
927
868
314
815
479
171
466
897
939
666
838
509
449
116
265
537
313
310
829
753
841
159
540
385
93
78
848
500
78
749
44
145
531
416
643
251
885
557
847
276
937
804
196
144
49
18
178
127
247
653
45
247
32
748
635
211
769
102
773
961
339
727
799
60
501
822
628
131
612
31
922
684
848
851
455
776
646
102
824
22
568
683
277
535
896
455
691
951
501
948
687
230
23
665
515
876
349
56
906
829
635
588
314
558
602
619
552
892
340
493
199
158
353
228
637
826
576
177
308
528
64
462
932
950
811
27
83
597
729
282
390
792
31
909
768
27
888
617
871
883
34
692
847
368
408
726
206
117
297
385
291
152
164
725
565
549
664
615
492
125
753
527
321
652
691
734
320
937
671
499
143
950
657
649
866
366
795
795
327
900
328
913
725
827
407
147
969
831
687
695
212
72
694
902
470
311
56
519
531
691
38
97
459
210
805
134
130
644
222
128
376
61
930
63
261
869
464
259
651
676
683
575
219
919
520
554
714
70
542
81
525
808
836
585
127
155
285
105
852
39
691
172
494
769
311
659
56
176
861
156
718
240
850
109
399
808
599
684
74
222
190
34
606
742
471
16
860
18
819
103
468
524
491
788
899
754
417
229
465
745
679
901
899
714
682
381
633
163
614
180
436
645
953
794
310
642
382
824
175
886
552
651
612
546
614
577
449
575
915
845
97
223
50
453
703
858
741
554
947
52
903
753
171
111
506
936
5
494
320
876
198
739
431
121
529
716
692
109
668
609
16
547
392
955
53
362
367
824
546
344
941
158
