6 95 80
9062
4199
7793
1825
4092
5101
9952
9438
3096
5115
8095
8095
3541
1728
3624
5405
1931
5767
8624
4221
771
7861
5812
4588
1471
9223
1922
3087
8568
7409
1645
7084
8804
4819
8166
5340
2698
5113
7836
3891
8000
216
9658
7714
5327
1848
2561
8976
8218
6845
291
6340
999
4739
7164
110
2315
9631
5649
2676
5461
8840
3460
7708
4525
7984
8660
864
5598
2142
5508
8060
1061
4035
828
3883
8972
7428
1467
2757
1065
9344
9624
302
9569
4298
9646
4652
1581
3721
8739
5309
5443
9484
7949
58
30
51
31
27
15
94
47
25
58
65
34
90
41
1
56
50
19
67
10
74
93
44
58
86
64
83
39
42
69
32
40
33
46
17
72
4
56
14
20
74
50
37
37
67
9
52
58
32
51
49
20
87
12
14
17
19
35
74
93
77
33
65
5
85
59
76
70
8
60
35
59
2
57
77
11
4
57
33
74
