10 1000 10000
3327
5360
2960
1390
9315
8751
2691
5412
2231
7628
6526
5732
3437
7211
1640
4766
934
6486
3468
3511
2202
1489
3276
1537
657
2920
5944
8752
9141
2425
3906
4261
6971
6610
873
2135
9903
5714
7414
3838
5109
1602
4780
1346
8742
4942
9410
6792
9282
2754
9724
7686
84
9434
3990
4083
3828
1939
8236
6324
3231
8780
1747
3128
2496
2387
5709
3371
1318
8688
6797
3186
4025
3849
8209
2524
4309
8895
750
1107
8488
3294
1661
6806
6541
6060
5927
1697
9931
1701
9168
3816
9352
4360
8645
9156
3055
372
5150
2854
5391
1131
4358
7146
2180
5393
9987
4736
6176
2960
3811
4234
6928
2113
9517
2584
9556
5862
1940
3369
7306
8638
5057
5307
2780
2849
5709
2388
6112
3140
3169
6841
8187
8553
5546
904
967
6210
1454
4504
141
6772
3355
1887
1603
975
5341
2293
8687
613
644
656
8341
9051
1322
4398
9322
8766
3897
8699
883
4306
449
4229
827
8021
2464
9461
7375
6380
8315
4198
1187
6937
5802
3447
107
1028
9999
2138
56
8298
8718
5391
4893
8172
6237
6274
4080
2225
2425
1797
8927
2168
9405
6729
9429
7707
668
6764
5656
6464
5841
328
3080
4130
893
4353
476
2104
8701
6498
5127
7974
6439
7286
9112
2723
9672
3371
1793
4517
1991
9892
9666
1120
9703
84
3684
5997
9968
5843
331
9138
4353
8406
6468
1108
3825
3573
3658
367
6798
7897
2731
281
6054
7428
1219
7422
764
8462
406
5960
1818
5670
9688
2448
3631
948
6779
543
8163
7900
5023
8299
5316
2551
3497
9163
4636
507
9812
4317
9217
8503
9388
2309
5470
2893
4589
6635
2140
7899
7175
8208
5297
3341
6339
744
7059
4856
1642
1122
6203
3492
6014
6142
8921
4975
6324
6861
2318
1147
5110
5687
4956
1505
6078
5489
4968
1551
7573
7670
8974
6935
8335
4482
2720
9755
5111
3119
7631
4223
6943
5809
3853
2664
401
9880
9075
5656
5361
4542
7842
6629
9919
620
7026
6543
4394
4355
2842
6336
5932
1625
5886
9050
3846
7536
460
6408
411
7275
9097
4103
8816
170
7119
3763
2737
2371
8745
5276
3229
8843
6841
697
4252
1713
850
9062
330
8222
4241
1399
8397
312
739
4832
4971
2167
5194
7214
230
9211
7213
7320
8479
62
9123
198
6206
1203
3647
7083
2291
4475
8765
2126
1583
6728
884
1021
1173
8021
3895
4863
3345
1295
2653
938
3890
3840
4202
8492
2416
4633
8251
2077
715
7725
6255
9004
9050
1796
520
1452
8865
7251
8050
764
677
5123
9064
5894
357
1569
851
2081
2570
1329
1368
4502
1280
2741
7792
1569
4342
9162
5083
5835
5314
1821
4143
9619
6785
1698
3391
7466
9527
1213
5100
6092
1328
5494
7568
4841
2089
675
5173
2046
8450
4681
3948
3477
2
5440
513
8011
5104
7935
8017
7634
6095
2597
8133
7518
1899
2771
3774
8665
8169
1409
1234
8522
2176
7143
2555
5224
3861
7698
7728
7007
9808
8513
2123
1975
9407
33
9959
7705
8376
7413
1017
417
599
9033
7393
7160
183
2779
136
9117
2771
1011
4698
6711
1863
7057
947
1751
4201
7786
9374
396
3248
9465
3878
5904
8582
4807
523
2186
612
4162
3489
7722
7934
4925
4879
729
4294
483
4475
2934
6879
6000
3325
2607
8338
1807
7166
7738
5879
8245
2100
6178
2686
5064
4556
3104
2202
643
3120
6562
9539
496
5109
9581
9595
8633
1320
8462
1208
2590
5263
4794
6553
4240
7077
7692
4508
4035
444
5956
1417
5984
2649
5287
8006
2870
3830
4727
8698
6857
3556
9092
5206
4898
7854
4099
5042
3743
5881
2941
2727
3257
1681
4061
8411
3859
4450
6782
7288
4220
4603
4892
7975
4089
5565
4965
5374
5079
520
2902
7559
1919
8214
4754
3844
1957
9617
7223
1661
8335
1871
558
8204
1078
9380
4830
6297
8606
5939
1616
7851
395
8907
7722
4254
143
2555
9811
8089
8246
1821
8347
8876
8383
1290
5758
6694
5525
3317
8868
6111
3333
6924
5733
3682
4242
8040
8723
3831
8890
6713
9158
3619
8370
4007
5484
9699
1297
9890
1530
2711
9087
6859
6557
3190
8397
6805
5203
4472
9707
8126
4064
8136
235
7421
9410
960
9152
4393
4580
3722
8893
8634
4863
5050
3360
4100
1036
6501
515
2681
8405
6784
9447
9081
2541
3703
2543
4329
3756
1500
8665
5561
2416
4868
6401
9248
220
5332
7418
8325
9727
8641
1471
629
1515
1517
8967
1884
735
3266
7558
4462
423
9869
3167
1810
2151
4748
2866
9636
9217
8435
9627
7106
2644
9964
5096
5361
4373
6854
9606
1476
1047
3194
94
2632
3037
8839
7787
4530
1413
2
3428
3015
5986
6379
3552
4243
1302
1278
8405
1642
3892
3199
512
210
4062
8822
4666
3851
9405
3226
3698
678
6690
3671
6440
9807
5888
4778
5859
2035
7590
1895
824
3899
2576
1453
7840
1017
1
351
4213
5403
2371
6765
5598
1208
4804
942
6659
5257
6141
1065
1393
6455
4197
4505
1154
8037
7700
2005
4561
9391
5824
944
2967
7874
9336
3947
1346
3170
3986
665
4099
2165
1047
621
6342
6548
5845
2923
8264
5654
3384
1600
775
3549
9920
5019
7090
4541
9888
968
7
5666
5008
6843
4170
4494
5393
9778
6819
359
981
1638
6786
9914
8915
3526
8395
7487
5699
2935
9067
6231
3667
2752
6774
9360
5552
8628
1922
5596
6755
2631
5695
2186
1003
7296
6934
8903
4499
722
8062
4559
9398
1958
6841
1703
9391
1485
8085
7578
1954
8641
4526
3998
991
1328
9601
7268
4076
4026
3437
3830
2839
4417
5125
7550
6502
1034
2781
3837
6659
5713
6237
7535
4578
2797
31
9392
8473
4167
5511
8143
9307
5448
1345
8141
3065
1022
1365
9397
2211
167
8235
1845
1638
7365
8390
2704
47
4448
8572
1923
4615
8531
9692
3320
323
2293
493
8933
1435
5274
8642
6712
8266
9937
1035
1318
4487
33
405
30
497
900
198
656
799
561
28
31
902
349
995
726
518
488
579
211
769
847
93
157
957
5
587
178
150
813
74
231
14
662
971
736
580
662
624
69
140
278
215
777
514
299
256
924
114
372
635
910
147
84
764
751
282
625
432
434
479
879
640
143
388
540
796
23
91
637
948
842
40
657
15
255
98
695
96
931
505
312
262
765
315
419
637
373
590
959
615
351
943
1000
604
792
101
322
686
112
877
947
175
418
104
626
108
495
358
736
565
210
844
286
331
969
110
771
656
57
491
797
489
168
371
446
675
254
179
300
266
592
806
851
897
501
990
735
640
552
182
183
997
867
51
616
482
379
598
246
5
793
193
956
66
122
974
914
530
433
392
230
947
589
127
840
252
306
45
546
806
249
545
199
705
504
293
321
812
487
149
683
873
348
435
469
771
145
34
650
833
182
423
783
880
358
176
568
95
148
944
577
301
293
342
67
20
30
190
677
202
932
312
755
333
544
623
477
136
975
174
881
767
526
638
82
880
167
907
809
892
473
771
275
581
265
540
815
651
187
730
796
698
551
414
823
590
347
728
425
338
734
717
26
595
578
86
634
608
259
656
301
221
857
297
950
557
465
56
921
902
569
669
257
854
203
669
265
216
543
713
297
714
920
921
746
921
974
900
321
906
344
26
723
358
233
951
285
934
131
949
266
752
678
605
731
100
875
868
837
196
707
313
176
816
67
396
512
894
280
738
865
989
987
849
761
710
531
661
904
293
149
752
405
558
967
884
981
150
848
379
342
614
671
114
293
546
816
361
37
124
867
510
686
194
710
401
972
719
207
544
159
380
492
971
990
806
481
772
446
9
829
488
491
817
347
464
684
430
655
756
553
417
303
475
30
351
58
633
569
580
796
934
202
966
967
400
335
603
1000
565
855
143
307
931
955
838
526
517
794
410
708
535
571
13
792
391
200
811
573
523
606
880
646
291
837
350
297
602
91
75
745
89
20
181
533
807
145
94
883
761
988
335
912
516
204
48
489
429
241
235
855
636
742
704
333
906
791
793
706
527
166
638
997
246
947
16
673
372
953
243
380
127
514
389
108
228
471
186
136
878
593
90
512
693
619
808
800
949
55
343
335
267
4
230
33
791
313
890
70
847
288
21
717
368
89
865
934
374
291
621
645
483
142
550
322
27
773
370
206
777
971
626
833
98
781
437
850
968
786
14
265
955
518
979
968
304
124
449
52
293
682
850
195
331
748
410
195
793
945
794
134
422
560
361
273
302
970
662
870
412
340
781
566
15
724
436
525
541
981
249
668
713
120
496
727
366
35
797
555
682
912
111
587
965
228
818
258
621
271
633
268
390
691
751
827
675
468
559
607
798
795
960
934
310
772
484
160
928
152
700
324
865
261
798
884
145
530
38
559
726
690
653
869
946
381
817
852
345
92
357
796
396
857
729
383
965
78
711
129
716
568
57
876
131
154
42
172
284
178
692
366
443
469
336
726
843
65
470
117
778
517
816
751
33
121
340
232
528
60
144
783
714
369
798
204
101
399
995
627
814
248
675
924
335
484
560
611
718
4
322
195
416
774
533
501
167
239
947
275
924
721
312
39
67
416
21
442
991
100
491
111
348
433
561
994
826
319
736
428
318
966
766
782
46
164
399
708
824
403
202
870
510
383
716
54
123
242
550
8
204
26
78
575
189
686
494
932
210
280
379
510
518
577
884
789
777
474
842
181
638
320
411
64
233
505
21
698
263
454
282
584
909
798
108
301
878
208
33
305
815
964
613
950
899
173
127
675
969
481
979
488
758
867
486
910
560
906
35
598
329
564
195
491
210
226
235
755
653
25
70
54
961
296
82
415
643
995
63
747
529
530
489
578
35
927
429
229
482
564
140
235
986
447
170
423
775
816
334
421
588
259
493
439
796
788
8
731
613
886
493
763
235
251
327
672
637
861
828
558
296
172
312
39
49
687
950
521
361
701
486
403
903
46
167
734
900
41
946
938
540
953
960
586
906
939
915
809
168
922
455
981
314
962
574
776
44
321
872
635
244
333
824
476
828
112
892
185
883
715
658
162
370
378
237
192
8
599
805
531
795
204
370
270
580
763
744
67
509
781
448
863
757
705
371
844
993
489
190
669
518
282
357
484
824
540
671
260
661
59
2
211
807
841
948
586
583
840
651
643
446
983
12
635
501
286
998
398
755
638
944
301
500
209
145
799
796
597
284
461
397
986
348
269
366
381
522
63
564
453
382
883
250
333
153
579
822
791
572
81
257
471
106
105
669
862
69
698
82
917
477
215
55
900
328
823
153
923
598
443
742
637
808
578
965
43
635
265
433
271
233
256
56
500
289
266
862
771
75
243
574
724
533
783
291
321
304
168
321
701
728
467
121
152
170
120
618
141
644
34
214
965
402
641
198
854
325
769
17
739
329
920
382
519
88
664
580
519
254
317
223
790
397
488
22
610
175
377
471
330
691
543
921
295
662
603
494
122
96
804
343
344
574
774
851
914
400
256
457
659
894
53
295
456
825
853
631
455
973
916
466
339
939
519
583
452
186
18
320
411
500
456
745
347
380
301
738
402
176
81
897
659
357
937
88
291
238
480
495
224
643
525
532
543
986
926
62
837
283
560
160
515
140
453
966
57
69
254
132
227
663
965
43
604
586
606
200
464
120
618
919
157
755
98
345
875
965
144
48
400
648
839
935
11
683
66
622
628
412
493
431
859
96
468
361
969
568
250
70
602
680
140
245
353
428
831
738
490
252
936
141
277
537
117
769
233
735
918
298
352
219
762
498
475
661
657
963
914
392
616
404
673
942
844
535
627
661
848
109
496
272
487
232
84
312
726
290
250
875
914
568
117
775
302
822
730
645
284
826
324
632
898
588
918
873
298
414
409
509
576
167
572
173
432
469
55
596
754
428
192
63
24
937
394
164
772
591
876
552
507
615
968
332
978
591
106
900
630
695
693
428
960
96
159
329
789
650
574
795
772
665
252
137
463
182
194
957
221
233
915
164
557
619
407
714
145
726
135
985
745
448
860
239
954
228
649
876
375
491
426
855
410
720
150
260
351
815
772
572
503
133
125
838
760
630
637
709
227
502
825
988
11
49
115
564
268
714
719
208
237
682
97
865
327
42
447
279
270
775
93
596
739
341
88
666
187
741
48
176
274
471
407
408
476
568
356
136
565
859
198
4
189
149
756
140
960
515
368
461
456
390
217
932
396
43
990
66
546
572
649
433
418
778
11
12
265
15
563
570
266
465
194
223
579
547
149
388
751
547
334
45
571
414
54
201
970
511
337
491
264
178
682
771
836
630
751
946
118
384
46
403
306
531
547
1
26
851
224
223
182
632
778
785
193
270
494
481
314
522
532
373
57
450
809
449
849
661
584
920
527
703
660
866
238
313
391
518
180
157
877
1000
936
846
856
321
948
75
641
327
5
384
126
977
193
612
458
935
492
261
641
958
637
877
560
951
993
510
544
826
50
953
23
594
290
51
316
757
265
784
951
438
26
671
622
778
203
293
324
121
481
552
336
74
97
147
968
997
453
840
544
662
90
181
500
582
698
898
172
633
940
738
295
410
691
468
865
935
376
414
768
832
741
241
79
893
184
165
578
416
492
847
312
517
667
854
868
859
780
764
225
942
724
511
641
959
384
758
395
221
127
579
516
462
241
289
752
427
67
513
38
997
557
105
473
528
237
666
473
734
89
59
478
240
494
987
798
344
203
640
441
668
780
729
897
424
841
486
916
354
412
372
995
604
385
363
745
974
352
896
944
970
531
120
939
519
77
259
400
850
92
172
515
917
199
124
804
276
675
163
195
343
59
149
805
853
821
817
955
262
238
354
579
377
936
154
277
972
595
278
870
191
481
729
310
579
565
562
289
59
110
963
130
756
543
834
656
305
200
222
693
148
628
536
94
750
132
136
874
584
386
389
257
730
372
461
521
94
671
525
309
778
245
480
195
35
401
446
238
758
623
189
511
64
859
89
630
757
440
882
722
137
511
386
815
854
390
511
763
600
587
539
413
495
945
910
950
17
927
587
953
954
349
992
171
245
876
775
818
193
218
838
238
682
337
621
700
251
962
333
224
493
116
253
651
467
282
703
734
850
477
735
222
252
732
855
979
166
361
166
555
942
233
293
803
487
789
567
599
47
915
192
398
706
314
562
774
836
444
194
499
42
328
515
489
200
959
979
872
330
343
543
628
888
679
665
242
884
893
36
373
257
986
865
231
98
191
316
241
879
727
421
365
128
981
48
234
446
398
776
882
408
911
19
312
949
974
691
599
105
921
963
744
742
668
968
836
546
258
722
308
318
278
701
494
82
941
260
375
878
260
327
270
851
568
546
258
752
547
753
617
800
940
229
570
365
829
34
140
626
12
388
599
6
521
977
891
184
661
905
796
999
581
224
637
264
186
846
829
132
289
81
926
58
138
560
846
515
412
557
678
291
342
228
962
265
74
439
153
3
382
393
994
964
845
105
778
824
408
881
310
566
12
368
427
39
470
958
156
919
346
821
798
268
194
894
577
583
14
235
591
223
956
47
973
743
571
592
494
442
21
732
86
239
418
834
459
572
720
849
110
945
541
131
623
891
207
45
285
505
548
309
336
263
829
61
95
627
644
290
229
372
176
45
622
657
607
828
58
499
275
474
735
401
227
812
336
570
783
295
355
359
107
428
123
980
985
355
461
147
219
314
399
898
131
463
208
622
792
330
944
237
572
779
2
788
558
784
149
416
761
670
662
999
507
60
518
551
622
974
750
763
630
291
167
527
777
821
590
154
12
194
942
200
872
406
125
381
527
980
457
131
929
432
497
772
538
737
410
665
591
853
266
517
301
496
389
621
482
390
159
264
81
398
556
81
361
300
405
431
330
878
890
797
965
33
685
284
303
660
592
11
525
940
394
850
81
465
609
723
607
275
778
119
395
506
436
58
598
29
128
39
643
175
5
170
153
694
632
902
828
916
397
13
931
434
715
676
27
70
377
893
459
42
967
182
501
374
828
111
90
927
484
264
172
957
372
730
61
360
341
310
324
723
233
223
331
672
416
498
294
644
457
832
148
830
344
133
45
129
752
660
778
228
397
730
305
120
989
810
383
497
903
541
682
264
323
341
984
232
962
795
29
983
696
223
776
533
739
802
768
200
831
148
990
227
870
97
287
679
369
983
999
26
375
742
704
420
832
531
469
583
499
576
721
571
994
852
463
882
927
993
869
78
374
49
584
196
268
432
872
95
637
995
161
24
662
876
146
29
454
742
222
95
771
822
659
159
664
441
893
674
940
326
57
269
687
695
994
904
340
532
127
801
607
232
512
834
735
738
896
557
353
153
987
98
925
69
395
488
123
454
147
750
22
366
693
718
234
28
514
482
24
17
917
344
78
616
550
632
515
353
506
954
186
174
152
622
765
401
210
248
301
966
484
455
891
220
183
254
445
670
526
482
839
407
376
885
614
386
653
434
170
971
649
660
724
963
203
267
845
442
251
46
920
597
932
52
935
445
873
757
909
474
143
145
415
878
255
282
664
503
893
764
383
581
225
823
370
782
388
860
862
602
901
295
543
772
670
110
92
276
288
895
978
697
496
293
522
763
482
699
958
824
130
521
376
371
521
450
985
818
106
164
173
396
439
859
115
818
996
290
682
751
46
465
99
783
525
501
836
525
206
617
530
782
240
559
584
306
806
403
31
825
481
916
293
58
712
737
306
536
851
750
322
544
763
443
384
666
924
339
822
292
371
63
109
235
736
783
720
62
331
831
80
751
164
300
955
767
174
372
388
31
990
396
584
481
949
284
293
162
826
794
32
593
718
347
804
853
793
503
321
467
533
531
56
46
546
281
83
751
480
821
245
871
537
690
159
307
254
869
31
248
977
387
599
621
504
695
213
634
324
343
338
337
871
583
713
229
979
324
28
640
102
954
603
949
589
257
66
864
306
738
143
25
914
827
786
845
538
634
49
69
901
237
318
949
552
657
5
601
796
104
278
610
232
236
583
819
562
480
255
704
787
537
613
239
194
97
488
697
77
58
549
933
634
713
108
244
491
947
73
109
115
392
281
776
543
993
521
468
693
349
29
741
967
775
939
66
431
944
582
57
637
719
878
54
737
317
931
863
162
999
235
634
518
743
853
778
298
332
204
425
100
495
367
31
232
498
90
785
447
872
627
321
711
935
733
225
609
19
482
590
83
570
201
568
379
347
325
910
866
517
684
999
182
416
439
875
683
82
578
860
97
424
380
551
918
31
419
881
665
870
812
369
158
694
985
335
989
978
815
915
116
238
112
633
897
992
95
97
492
829
745
895
258
384
659
779
827
626
607
904
770
685
212
898
600
369
992
776
192
724
926
21
754
701
663
157
730
288
738
754
132
512
416
351
722
251
629
893
728
994
854
958
292
667
197
116
889
998
344
836
526
696
651
315
917
619
930
568
691
215
606
116
187
687
160
221
371
973
476
872
637
648
85
891
338
197
555
947
348
972
681
969
149
402
969
674
524
83
446
912
259
273
188
68
843
737
539
535
992
191
655
712
835
526
568
258
951
390
427
96
250
860
882
679
488
744
526
986
249
936
763
663
585
644
746
631
57
787
510
999
303
895
651
88
666
744
61
23
642
644
948
213
166
385
287
116
535
217
977
150
907
19
967
908
171
726
637
391
831
591
202
851
212
909
636
91
246
683
121
730
435
769
103
622
146
397
580
127
196
914
159
840
924
75
760
120
654
781
897
482
693
452
780
63
57
107
324
941
31
672
625
353
221
548
673
678
322
798
292
534
993
181
7
354
21
446
238
951
365
376
506
618
521
188
22
757
381
861
752
784
583
115
944
638
187
922
859
607
642
94
734
9
666
869
984
625
132
666
531
996
175
547
583
678
306
752
742
821
652
171
73
486
612
528
96
90
308
294
212
328
348
344
836
707
828
661
845
545
473
654
533
337
919
726
160
769
710
211
876
461
778
661
254
541
985
908
10
503
906
505
324
525
98
964
841
684
493
776
760
443
243
959
479
181
98
337
470
572
109
706
676
760
416
18
720
586
60
822
149
212
576
658
992
35
941
656
624
868
550
681
488
418
563
541
350
135
170
569
5
161
853
338
301
97
583
745
250
574
999
939
770
925
625
958
18
996
794
53
639
300
272
798
487
24
623
801
593
333
140
100
138
959
957
646
157
649
490
18
553
315
287
12
736
565
696
576
998
603
612
751
644
622
906
681
893
172
646
381
122
761
497
251
482
711
927
597
281
244
240
536
272
388
431
767
824
495
395
310
16
520
37
918
664
930
804
101
154
811
521
333
180
823
706
327
461
634
525
726
92
151
455
381
593
778
753
667
987
973
469
256
957
737
822
338
4
181
227
380
509
928
527
959
718
506
844
646
874
670
413
19
492
82
992
539
968
920
2
726
83
497
297
150
189
298
186
79
19
733
200
499
517
344
857
121
932
574
13
429
427
836
262
595
984
507
660
434
921
13
388
950
300
345
148
528
593
104
239
486
599
272
688
37
207
545
283
335
858
916
869
487
520
399
938
506
370
703
326
650
557
292
536
96
649
951
126
849
274
696
158
591
197
491
694
524
123
272
494
404
540
79
877
566
710
651
273
419
465
16
833
554
929
768
954
742
956
564
53
378
450
448
423
470
748
445
249
509
805
561
318
495
49
904
37
525
636
671
107
90
546
358
510
401
67
690
86
508
765
299
473
544
195
24
960
784
134
585
350
159
782
267
359
295
567
673
34
979
947
28
31
70
791
872
258
554
719
873
490
679
13
404
848
385
821
702
158
49
247
167
624
827
763
949
69
11
589
716
881
529
272
564
382
173
81
941
946
388
573
184
233
971
252
921
534
885
494
234
723
307
308
946
790
132
376
35
461
352
117
557
450
744
739
157
945
336
820
656
811
193
401
918
908
215
613
49
537
877
815
594
18
68
930
543
141
527
396
421
677
793
655
962
394
119
937
272
116
102
200
261
680
957
608
744
541
18
159
515
299
670
942
364
423
975
44
61
397
684
568
67
331
149
804
537
586
291
512
930
954
37
448
892
992
488
821
849
570
715
851
487
687
74
50
993
804
919
438
750
240
879
254
809
905
460
793
977
509
87
733
454
893
970
658
850
171
643
695
983
832
657
488
103
964
194
232
78
466
751
368
553
229
715
311
501
91
357
64
852
97
609
368
137
735
308
748
456
287
423
567
300
710
894
390
115
496
171
877
771
278
662
960
384
329
434
854
329
87
422
459
299
504
925
333
296
428
136
300
918
844
188
674
419
996
695
795
1000
972
874
191
710
903
452
889
518
877
833
592
996
160
863
408
463
566
511
615
607
553
639
924
422
491
180
393
730
714
155
853
627
23
575
888
319
785
288
682
50
419
685
712
265
540
60
916
672
501
448
298
990
430
406
661
81
455
678
591
195
789
556
173
750
6
643
386
269
692
711
621
663
868
676
105
669
516
283
87
804
386
621
460
639
89
57
110
943
191
111
211
321
192
495
734
630
931
897
995
371
688
303
162
220
791
816
832
81
394
290
542
719
405
421
247
561
87
424
282
442
972
482
117
267
883
140
69
957
692
747
237
409
365
522
584
815
252
754
864
227
82
804
993
700
651
603
769
1000
225
328
372
210
640
933
373
671
538
698
849
526
632
944
852
396
457
571
965
576
250
322
41
872
958
388
4
359
140
482
392
468
709
129
594
620
588
231
684
269
912
278
740
156
678
320
536
602
913
238
656
706
839
644
141
220
656
319
534
380
120
636
413
345
518
605
919
741
111
757
986
870
66
768
353
440
197
354
757
669
913
325
444
468
212
186
893
381
701
433
93
839
864
397
194
369
199
802
127
936
871
138
601
203
108
384
797
691
769
912
485
140
428
966
513
720
110
774
36
714
348
501
498
375
742
592
846
371
709
812
556
897
145
16
632
104
590
750
1000
308
175
719
301
100
653
123
695
775
780
492
726
207
847
956
262
31
907
132
586
578
894
512
204
846
805
226
860
367
40
234
44
740
37
608
912
933
517
916
414
667
145
492
124
921
354
340
478
268
644
328
522
287
155
683
93
385
904
506
798
77
145
528
288
670
18
619
163
589
929
222
190
362
544
90
537
253
217
149
47
30
687
815
805
759
511
141
596
553
591
687
470
201
531
715
391
316
460
173
90
376
551
961
708
545
86
863
690
820
309
568
484
961
926
935
22
579
26
915
358
534
528
138
334
828
661
738
577
805
95
304
870
935
390
210
810
102
738
152
877
126
984
42
907
62
953
665
832
73
587
993
46
681
105
618
194
96
378
413
830
239
140
623
354
25
920
419
685
347
859
61
281
817
66
789
177
37
257
756
853
715
261
159
729
780
344
417
695
625
672
307
820
169
582
675
490
306
326
597
808
514
223
602
149
234
113
737
230
996
66
758
241
540
400
698
762
386
495
550
735
724
875
179
515
215
450
10
421
483
957
594
941
227
45
470
609
213
470
146
784
885
298
241
87
299
35
967
604
337
591
883
437
258
542
466
282
344
26
513
804
992
453
606
170
80
633
339
802
542
185
128
4
469
872
625
445
882
860
57
543
496
859
529
284
306
118
835
281
828
883
674
247
258
917
891
620
309
693
195
735
652
701
47
510
122
695
33
395
389
323
975
191
887
740
530
98
808
604
119
344
486
302
182
110
471
152
846
258
962
276
671
467
612
111
394
506
491
595
936
979
976
205
545
279
126
770
184
375
152
272
843
576
819
706
793
17
90
719
163
253
773
622
605
45
799
186
410
620
718
781
942
372
791
673
932
259
742
506
817
801
280
727
866
134
874
302
986
294
971
695
301
652
16
256
137
460
38
941
948
796
228
895
416
377
451
500
754
660
114
526
542
757
277
493
567
32
365
881
27
227
220
900
688
574
410
663
8
750
136
285
719
704
141
651
200
395
559
643
910
177
868
802
896
596
117
904
370
241
272
302
464
834
668
151
202
957
223
229
109
843
416
271
340
880
87
686
141
203
79
89
274
405
572
425
895
357
110
730
1000
11
245
296
625
350
867
209
241
202
870
321
703
339
98
151
234
938
20
417
466
381
246
561
928
417
164
747
748
640
117
736
517
820
647
384
155
485
97
26
287
6
945
470
49
277
554
657
765
198
155
387
21
493
852
863
381
917
123
814
472
601
68
327
30
46
321
413
851
357
876
545
733
702
698
215
890
811
174
432
126
795
464
369
417
631
727
202
110
961
657
769
350
674
979
429
368
664
714
712
585
907
124
313
974
98
238
467
444
243
209
99
921
766
323
930
545
815
508
948
637
836
929
795
74
655
864
710
511
732
532
221
432
88
191
1000
501
883
89
480
989
987
519
615
936
761
286
232
624
42
463
303
326
292
434
44
38
258
380
805
103
991
634
937
102
887
712
35
839
344
195
582
534
795
100
361
975
78
556
940
424
69
675
338
977
247
31
102
768
638
895
649
966
509
975
91
77
399
378
840
530
342
166
838
516
541
700
890
253
428
736
98
713
716
85
911
326
42
508
537
623
764
183
959
842
348
811
643
602
734
212
72
363
689
202
529
831
704
458
277
546
771
131
390
763
318
374
583
723
642
711
312
84
742
794
870
243
696
623
274
739
119
93
372
815
163
839
413
514
460
556
910
586
272
122
246
557
999
228
249
383
195
808
933
445
516
425
371
99
924
948
401
262
486
698
10
213
259
563
954
557
799
450
133
427
134
182
772
548
225
572
958
6
109
982
252
683
368
631
460
812
774
591
189
974
298
863
462
409
298
572
930
154
777
123
338
828
746
134
603
473
588
801
797
78
451
51
831
772
153
406
71
551
892
886
220
224
781
664
761
956
816
295
218
641
667
994
597
950
713
9
45
614
206
440
671
461
59
578
99
614
286
918
330
740
691
14
530
981
275
764
774
536
11
648
192
196
709
309
713
802
925
648
968
748
976
628
619
119
771
526
770
962
25
113
307
862
966
963
211
943
488
989
483
290
569
668
678
254
972
479
44
906
911
135
840
22
645
314
202
757
44
527
842
725
381
254
820
661
828
750
668
601
498
822
323
426
91
286
893
380
837
624
352
853
161
915
862
954
749
891
16
883
470
625
845
953
172
132
557
324
536
976
199
613
99
885
716
104
637
386
136
764
852
242
684
382
333
621
930
319
658
518
595
212
190
951
692
157
91
520
281
960
781
286
729
297
459
225
124
489
320
830
65
697
350
286
988
893
640
972
797
110
366
434
370
662
888
408
966
196
84
340
394
632
866
396
70
174
798
642
855
224
746
800
239
980
513
483
840
799
219
869
77
809
712
836
517
500
628
574
766
407
447
685
369
71
23
870
551
948
794
393
259
749
429
54
302
678
905
248
386
84
690
512
893
384
14
542
538
590
799
27
587
297
334
910
874
362
375
653
160
996
251
516
635
867
716
745
248
115
55
861
955
875
161
313
4
413
262
419
663
692
470
800
431
576
441
880
389
866
980
990
157
55
694
141
678
762
187
289
326
990
293
54
705
206
880
964
879
310
721
852
132
913
812
205
645
90
181
343
546
132
989
455
479
985
401
963
284
56
169
985
618
956
234
455
805
172
214
542
336
542
163
502
283
74
187
23
579
631
725
111
641
709
237
22
61
821
223
820
367
387
280
440
821
449
57
2
855
486
397
654
95
467
352
52
865
223
222
141
322
278
439
94
983
630
755
772
176
250
703
534
744
161
609
182
724
475
305
320
152
469
166
153
733
986
307
700
428
248
828
886
947
402
348
143
907
294
525
817
820
553
233
252
766
822
946
481
672
462
691
854
262
718
663
423
835
964
534
198
1
899
905
405
582
362
436
445
252
840
933
575
952
986
940
306
199
474
168
887
565
297
309
280
264
223
781
186
794
206
781
599
708
955
819
137
778
296
95
86
157
921
127
609
43
471
664
579
551
610
55
833
149
588
997
179
624
828
794
9
455
198
736
777
879
452
919
463
722
727
328
277
382
729
160
676
676
974
189
393
207
695
645
616
330
560
451
140
799
117
316
365
24
480
256
574
830
549
452
8
767
945
29
904
867
900
644
444
558
17
133
744
42
604
289
963
393
453
327
48
264
557
163
977
179
981
515
575
268
475
969
837
840
294
647
234
332
607
346
338
467
643
689
174
457
763
756
605
252
288
10
614
569
161
436
786
773
91
167
177
288
509
775
168
452
139
991
813
939
624
115
372
178
787
484
106
378
470
786
986
880
66
872
700
478
539
918
170
887
509
802
198
941
58
403
441
699
338
383
282
158
238
295
953
672
262
45
2
147
936
132
445
269
565
184
744
708
165
132
309
716
292
473
743
455
779
641
291
382
659
818
119
559
560
212
584
712
616
920
34
671
637
269
118
30
874
38
627
907
106
474
227
144
719
292
772
868
294
689
330
350
59
77
49
118
790
459
58
756
657
604
548
682
455
465
78
115
610
306
366
410
560
519
707
82
563
157
643
390
722
755
75
419
994
100
151
247
485
77
849
717
546
679
78
487
72
965
751
559
487
466
101
607
66
422
154
684
140
643
284
736
460
278
48
370
614
794
447
224
872
160
566
378
976
500
977
228
96
312
730
720
478
772
553
652
700
228
123
634
44
481
342
533
969
982
783
688
289
408
853
805
277
827
968
301
492
829
724
217
597
575
661
737
100
823
893
978
17
116
88
110
386
576
645
696
29
163
874
483
749
236
230
33
235
885
555
588
118
703
458
547
593
706
629
687
778
478
843
685
917
55
418
713
991
38
318
782
138
243
989
720
845
115
488
864
115
349
129
76
669
955
623
618
918
229
385
143
957
179
838
168
104
944
990
221
659
722
752
911
592
694
866
631
80
49
880
667
591
890
863
365
952
95
923
86
531
793
942
139
770
290
488
266
432
980
336
715
47
932
599
660
410
189
794
97
692
645
359
781
505
934
158
290
343
492
318
680
715
402
778
727
750
167
472
663
235
694
879
89
977
456
654
775
619
943
10
996
565
685
293
607
980
602
827
681
562
902
967
757
363
105
576
645
759
531
861
544
953
168
592
857
45
342
787
260
760
520
23
497
447
900
596
372
415
893
830
843
339
352
23
228
755
565
299
812
768
749
523
668
258
917
571
585
730
514
440
94
697
472
8
130
292
415
423
563
485
90
122
454
524
210
708
453
89
832
177
501
73
818
245
934
787
349
889
833
906
141
713
549
413
255
47
525
40
547
170
403
725
72
206
941
521
949
224
100
890
466
393
178
392
770
329
479
428
666
523
262
407
707
106
849
466
885
145
480
316
525
693
254
191
855
895
232
690
360
547
246
550
277
877
35
599
820
774
976
462
582
185
128
335
203
201
281
891
548
721
928
470
692
96
950
831
746
280
875
223
497
428
197
789
307
401
859
761
888
513
150
624
70
569
883
607
371
15
935
365
387
203
471
739
421
414
452
429
332
164
88
824
581
239
677
74
844
339
552
24
909
588
45
766
306
836
158
450
125
864
310
994
795
499
868
104
38
849
213
893
712
995
140
774
810
784
433
38
955
405
172
157
979
372
643
347
305
622
881
201
451
277
413
883
952
760
375
579
746
730
731
252
748
494
690
105
126
368
764
601
270
745
870
869
232
901
949
652
904
146
851
337
125
924
629
615
369
684
500
814
123
584
542
531
583
778
130
643
322
551
272
457
646
211
944
793
72
81
985
657
686
796
933
869
28
49
840
440
673
825
785
560
242
811
681
750
485
242
528
469
329
119
449
884
844
748
92
943
328
724
391
49
825
629
224
72
273
222
895
979
638
124
926
534
665
687
623
327
503
917
224
816
18
950
110
510
748
322
795
964
667
955
943
498
385
993
833
374
953
150
703
116
681
720
547
729
205
176
842
52
905
279
510
564
917
93
825
258
787
522
304
805
798
574
798
509
299
544
244
998
47
884
796
701
254
564
702
559
945
586
613
643
968
723
109
157
694
480
135
154
871
989
455
831
430
2
726
23
543
386
351
436
345
742
430
385
37
248
749
63
379
323
706
204
994
861
704
28
690
780
766
933
972
60
101
867
689
466
451
900
463
529
224
136
306
987
764
983
295
278
331
32
154
652
242
334
247
314
365
801
920
143
205
797
305
686
59
364
258
257
387
331
941
889
979
701
307
468
521
424
432
670
151
734
467
616
438
246
922
81
94
55
328
109
938
676
963
1
270
638
374
269
176
415
542
530
352
397
60
76
995
432
838
735
215
95
144
878
243
502
227
109
947
433
755
966
394
453
227
889
926
436
86
392
56
346
479
436
932
851
65
776
397
839
222
425
792
22
440
869
855
338
361
292
839
753
13
871
451
76
345
961
130
677
368
919
97
173
306
877
319
398
513
837
92
388
518
293
737
164
766
201
533
523
869
901
247
757
180
816
244
48
437
293
934
47
334
737
641
813
187
187
919
283
631
637
160
894
192
93
422
263
152
882
716
504
112
492
117
291
570
530
336
362
569
438
505
380
390
827
308
228
323
610
931
718
113
940
390
270
882
944
454
368
870
31
443
354
9
757
953
898
711
701
821
486
45
742
742
601
600
606
75
39
312
557
357
841
77
901
241
399
969
134
711
150
600
851
790
541
68
976
561
334
923
935
504
313
318
380
420
830
522
496
997
140
248
176
331
880
919
990
949
616
924
298
427
58
9
794
174
972
574
511
766
920
537
163
129
139
689
538
685
731
414
987
163
126
191
900
150
854
804
508
400
589
354
717
586
178
758
622
75
417
533
656
282
406
316
935
282
196
488
116
139
217
761
914
193
495
361
653
308
707
669
850
564
947
393
335
234
509
362
930
496
753
603
867
969
393
303
924
450
513
892
740
115
668
439
489
928
730
27
99
335
437
84
246
147
404
774
291
780
515
602
57
787
733
681
692
248
314
86
712
473
422
681
417
641
783
270
776
802
669
411
81
27
650
303
762
138
470
503
421
232
352
675
135
70
464
136
217
758
952
67
758
181
946
102
115
268
998
65
234
240
396
505
487
470
15
821
796
55
327
202
994
577
542
927
37
394
612
555
688
485
331
251
269
521
968
409
756
173
122
128
268
255
721
483
159
240
366
302
705
208
4
89
922
12
508
541
731
661
623
970
613
800
113
811
918
195
445
507
349
971
933
369
897
414
460
421
732
690
915
262
982
299
300
12
289
724
972
887
183
702
186
337
777
645
670
561
927
235
521
52
72
891
361
553
569
456
3
818
796
83
595
665
153
438
896
543
830
429
659
695
681
857
267
580
571
384
487
814
931
531
160
30
295
982
530
696
651
448
401
451
150
407
626
414
688
29
115
174
765
319
541
883
578
242
13
261
131
257
260
866
247
976
648
518
230
895
376
493
112
836
257
359
762
444
906
489
799
822
833
663
480
235
908
869
2
848
705
512
188
785
938
45
701
982
175
397
808
473
835
794
293
809
138
422
843
330
344
575
463
275
812
426
992
994
433
886
916
846
155
96
750
635
854
208
432
779
573
736
871
70
919
908
775
124
838
515
367
533
690
70
572
668
90
540
587
432
323
342
88
101
798
64
189
118
765
260
268
504
568
497
558
559
916
460
359
335
889
49
716
97
480
322
344
600
537
427
346
519
965
845
414
244
748
107
100
224
174
1
190
1000
955
352
178
177
954
137
739
429
796
472
757
366
723
517
660
859
929
34
914
261
763
384
574
639
124
570
234
688
636
222
362
99
430
765
519
569
211
399
1
412
316
330
36
601
438
569
928
467
46
155
85
14
852
857
974
3
133
200
723
263
259
311
212
668
501
669
368
727
253
28
853
203
549
884
5
304
477
716
330
356
754
336
385
439
798
118
308
411
547
177
723
372
196
826
695
754
652
647
339
194
870
554
416
990
116
805
715
251
270
362
791
974
520
938
500
547
178
18
626
671
28
779
386
453
805
916
642
560
515
592
575
743
437
481
634
768
861
429
625
806
487
229
370
773
314
454
24
932
226
277
156
443
859
556
777
825
695
343
944
788
38
949
827
207
107
805
174
812
598
77
709
673
515
320
42
528
184
368
270
126
601
503
170
215
421
556
444
768
307
616
840
556
781
946
322
784
600
279
902
270
307
87
253
531
79
532
352
809
313
744
825
45
344
846
235
409
767
942
16
2
838
652
61
556
971
221
432
957
305
124
974
784
138
717
970
628
515
845
837
614
202
755
789
551
394
742
291
739
903
433
183
121
772
463
23
283
227
348
424
614
400
442
877
263
105
90
679
532
9
889
602
102
336
472
953
138
490
623
468
320
118
945
589
238
14
646
459
28
175
958
421
788
698
200
718
431
458
604
684
984
173
76
909
691
725
510
161
637
701
573
783
559
881
652
930
504
336
777
766
490
640
480
976
371
972
939
386
481
59
67
440
897
412
85
818
221
594
195
963
951
926
193
24
939
25
137
692
844
72
273
980
851
271
747
20
332
935
646
176
322
520
602
260
798
411
890
967
441
273
285
843
280
557
225
104
610
825
409
531
262
115
690
167
270
304
179
171
865
5
562
345
947
853
156
221
769
595
326
237
511
791
997
709
614
103
83
205
622
682
780
360
143
911
686
812
702
257
147
459
515
971
393
657
620
522
677
657
125
974
781
592
476
821
410
626
556
746
459
630
478
235
5
986
93
763
757
385
970
317
363
45
528
231
774
676
307
828
364
968
848
599
357
9
736
671
356
785
194
788
463
519
866
150
205
725
186
464
980
969
886
390
909
134
357
213
247
671
415
851
84
687
372
430
282
97
401
421
561
697
670
674
287
307
239
218
72
773
147
468
624
851
325
880
842
181
969
968
810
28
555
63
525
461
43
230
151
331
227
801
945
977
820
428
236
787
751
360
703
336
918
991
188
653
328
131
28
308
847
705
917
796
711
495
128
790
356
296
782
737
759
8
658
785
549
603
349
681
420
186
608
140
159
230
163
876
546
350
342
653
28
68
891
58
589
499
402
935
643
887
554
273
409
39
596
277
567
731
317
474
915
607
302
756
478
645
373
334
412
267
216
51
522
690
341
778
928
983
339
607
80
987
495
492
786
793
541
543
300
380
996
255
712
607
16
623
254
120
726
176
743
793
471
217
7
741
363
927
479
211
621
889
883
438
430
409
544
842
132
639
92
339
268
861
564
203
204
744
625
758
35
429
32
90
435
255
797
332
855
796
7
167
896
745
31
647
900
216
931
825
352
94
947
393
294
811
609
147
285
524
631
990
446
222
557
192
341
756
999
737
850
446
949
655
126
573
971
72
968
357
888
697
878
41
48
693
982
602
630
102
890
619
917
776
545
359
12
78
518
6
548
459
170
880
630
872
267
145
129
935
979
337
856
613
369
114
170
985
196
35
412
81
852
932
100
536
602
492
854
552
786
957
678
514
24
285
914
297
27
712
485
712
201
752
736
460
152
39
911
114
888
757
189
265
96
496
274
798
292
901
59
869
581
233
319
511
356
641
676
463
910
454
524
313
885
131
671
862
110
982
537
916
912
584
949
636
533
88
126
771
536
726
951
58
696
334
206
563
729
819
722
640
214
697
401
443
102
251
723
953
275
240
431
227
704
170
326
421
846
342
309
672
312
1000
824
912
995
299
858
393
597
285
183
609
132
119
762
691
431
47
586
397
218
757
567
790
555
530
165
205
405
748
454
557
799
414
270
842
685
519
387
128
446
142
901
861
395
361
974
35
687
31
185
651
810
115
244
590
746
316
440
139
772
510
951
244
234
260
646
333
178
139
2
420
986
629
750
392
144
778
730
695
812
801
823
686
838
806
758
125
789
721
605
130
379
62
875
14
630
520
811
506
59
315
176
383
930
761
19
98
210
872
695
767
324
446
977
862
695
734
950
658
812
442
287
986
825
86
948
879
76
860
825
318
720
346
942
974
227
970
30
879
595
280
987
686
187
293
226
354
145
56
59
365
647
948
920
681
533
439
370
818
391
842
363
535
446
87
421
440
985
794
411
273
525
550
60
431
20
365
14
904
976
964
782
634
117
25
384
638
138
938
368
620
121
864
189
601
747
888
348
611
982
282
124
227
659
322
49
927
123
283
681
337
54
702
899
454
83
811
164
251
199
615
60
996
154
261
68
280
250
221
352
288
429
194
639
845
16
493
812
104
640
424
124
999
432
719
417
275
685
174
722
336
543
230
621
401
752
335
392
743
645
638
636
420
652
368
644
7
933
595
265
406
276
225
647
489
202
347
849
22
310
346
938
601
717
687
337
590
912
120
763
429
962
455
217
666
891
495
983
413
356
709
254
172
937
333
863
415
678
744
864
8
415
243
495
580
426
585
524
615
473
578
134
769
649
30
872
721
794
831
61
930
101
348
571
259
847
608
451
647
637
524
97
286
332
821
388
611
400
392
557
991
71
851
609
936
36
641
748
466
844
638
538
859
148
22
879
134
234
621
381
767
161
16
881
554
535
273
137
196
516
776
587
896
949
740
945
844
789
387
576
934
32
808
200
918
288
846
630
607
15
92
420
249
857
7
409
399
536
811
701
680
214
205
825
298
3
877
529
298
341
263
343
248
346
940
224
763
833
339
414
190
716
737
62
844
476
952
190
953
213
583
993
773
550
887
511
917
337
232
328
369
606
450
489
420
580
245
283
602
867
388
694
87
280
808
396
872
216
530
40
252
785
967
732
54
795
749
438
763
825
888
700
829
228
610
772
816
835
145
8
156
362
242
613
145
675
511
968
650
339
731
44
907
953
31
35
499
707
497
712
736
820
847
164
620
689
887
238
964
173
461
606
684
513
570
888
585
597
776
551
65
569
367
556
786
451
703
939
305
953
614
453
639
533
634
900
142
487
467
926
586
758
567
222
930
735
526
545
31
1
163
905
582
221
689
426
976
807
265
959
946
238
947
470
947
878
189
320
931
839
97
687
237
354
864
368
101
879
987
982
209
921
999
639
722
196
950
652
762
43
842
969
639
387
285
842
357
520
972
214
437
64
575
740
470
233
215
234
312
454
529
545
201
527
717
815
107
232
350
124
134
895
600
168
722
838
751
839
675
461
733
265
686
301
6
590
396
481
716
143
488
556
992
132
524
205
310
863
879
856
320
338
168
559
327
168
853
156
950
267
917
25
937
344
599
582
504
371
909
608
482
2
687
599
616
646
808
764
879
627
655
887
87
926
751
555
332
23
166
556
906
79
992
816
650
979
689
18
109
70
952
541
386
536
282
544
175
935
288
86
223
579
735
679
196
742
315
373
936
594
281
883
825
421
585
222
341
811
781
632
500
547
90
613
574
332
877
601
295
94
49
825
957
288
410
51
135
929
387
75
500
187
361
555
953
164
599
440
972
766
200
912
412
677
958
488
985
577
291
886
352
377
539
849
612
281
12
744
482
42
548
809
138
996
138
331
804
690
836
817
900
321
608
567
69
369
349
443
544
299
741
159
948
656
541
611
516
346
452
212
62
515
573
665
518
510
166
405
204
371
604
287
902
520
43
223
263
484
236
234
317
711
796
902
150
17
834
72
423
235
377
747
65
219
220
913
33
629
111
235
478
358
188
305
275
15
567
727
952
990
155
345
764
926
335
710
355
998
139
27
344
694
429
761
272
236
700
122
318
445
871
94
409
463
301
238
274
237
446
580
821
396
120
680
364
62
441
44
850
91
679
806
684
114
974
400
615
797
679
916
736
640
795
517
243
52
107
278
268
244
149
243
396
756
205
545
548
929
688
568
263
838
433
941
902
133
232
974
962
155
679
249
209
91
381
908
777
259
452
73
272
906
352
488
234
104
111
908
834
134
136
852
824
834
785
431
714
295
908
202
704
28
331
753
740
498
981
779
61
103
167
965
272
713
912
551
37
150
440
126
771
324
366
6
469
42
458
559
37
697
320
534
721
230
467
131
462
291
603
705
570
43
899
534
152
830
149
523
184
279
264
451
283
879
460
619
876
863
383
690
868
68
333
784
131
581
959
351
219
585
378
455
100
634
692
822
454
224
958
43
190
610
699
301
761
629
876
70
956
256
506
25
786
291
164
839
890
456
977
489
746
934
362
704
24
930
431
905
274
432
985
799
324
691
75
842
792
57
136
965
723
881
550
473
13
524
7
738
252
235
687
314
643
387
670
742
261
724
502
255
37
436
79
338
140
759
690
347
108
412
146
177
32
315
607
259
64
69
149
486
85
773
166
199
407
156
87
548
200
214
173
353
668
798
14
804
23
837
495
506
84
936
812
319
199
494
345
549
227
855
895
957
872
541
892
170
576
12
176
808
648
555
621
278
949
458
170
933
16
850
673
997
611
596
144
744
443
483
675
181
628
558
395
107
556
490
384
711
140
151
634
710
514
66
879
798
834
285
410
336
220
811
955
876
678
118
614
50
934
20
63
866
575
33
839
403
517
961
544
849
566
411
63
493
411
1000
701
795
705
658
898
585
964
175
23
768
822
524
490
58
211
223
776
527
940
967
593
701
976
242
129
160
876
418
280
935
82
570
538
949
992
520
865
13
274
807
541
142
942
532
790
751
532
857
993
681
764
522
815
878
754
490
820
777
196
770
336
85
748
279
691
80
373
414
897
263
415
743
375
717
120
363
441
911
652
4
579
519
933
131
299
101
696
99
25
728
909
623
594
664
309
723
578
703
664
590
740
865
565
249
332
54
586
471
562
341
406
287
579
582
714
735
382
804
412
13
347
408
398
26
670
797
943
108
275
279
392
53
253
93
880
23
976
335
888
464
873
165
245
880
92
748
302
86
250
786
726
896
637
185
784
443
561
118
900
605
162
721
492
838
149
496
194
641
427
728
98
243
958
465
873
850
787
38
130
748
573
244
982
122
554
282
833
10
758
211
838
10
947
568
886
964
978
878
760
24
640
634
469
111
391
866
330
301
167
16
754
973
651
146
117
810
193
304
96
407
327
773
552
123
468
858
686
292
802
156
869
811
942
812
749
664
1
58
328
307
710
262
129
116
580
27
338
254
482
106
503
721
216
115
199
570
439
778
768
448
430
768
608
214
435
29
512
390
290
121
507
64
594
731
838
514
668
759
167
968
331
861
88
891
674
976
389
557
808
520
966
990
917
981
319
470
299
723
852
465
47
550
180
583
425
840
537
295
462
514
32
9
154
356
371
318
442
573
424
21
868
966
264
329
112
264
865
346
899
200
442
371
148
626
78
731
274
694
202
998
333
490
983
991
465
571
116
321
610
637
184
211
853
422
648
800
706
974
220
687
56
602
241
822
577
471
354
613
526
545
112
834
656
707
77
372
976
654
501
692
91
238
356
444
234
519
920
193
255
989
167
769
752
267
221
217
110
907
188
130
878
869
24
637
699
417
879
409
620
992
27
842
637
809
760
53
79
801
76
37
54
108
850
111
640
121
920
945
272
607
65
743
245
491
982
920
269
387
69
945
563
6
689
585
237
382
911
366
29
433
306
748
126
890
847
259
648
55
349
160
333
129
320
218
504
315
702
71
427
924
527
249
306
647
699
524
976
658
865
614
558
496
585
880
931
865
285
636
73
178
317
131
449
399
840
177
23
450
183
793
688
98
998
978
403
395
496
927
124
845
561
41
226
240
731
797
160
328
68
561
938
106
921
233
386
38
701
43
973
493
798
886
452
719
889
260
995
213
52
217
647
422
399
79
482
305
477
312
334
697
515
765
734
547
655
521
3
189
840
197
289
585
470
869
233
197
117
328
789
794
724
471
686
268
836
583
290
150
99
985
219
681
946
675
87
134
213
174
414
509
262
887
607
712
574
941
176
129
921
273
204
716
573
439
939
840
228
204
867
779
421
969
110
726
612
104
66
52
390
725
4
143
18
693
555
615
912
39
246
928
321
172
483
719
965
524
273
540
13
593
36
484
986
439
702
647
628
804
953
184
15
547
494
539
854
919
709
915
176
848
527
481
974
528
849
37
266
849
14
738
457
90
345
203
626
242
815
114
479
383
937
710
656
215
104
553
656
953
395
592
149
330
931
971
807
456
294
233
213
752
111
32
882
506
856
551
558
695
208
172
13
169
311
597
165
873
301
343
844
72
796
862
825
842
198
7
748
573
768
211
362
522
643
869
429
91
430
647
992
473
229
908
237
273
766
271
538
730
410
75
981
323
834
967
298
326
320
505
488
933
295
936
112
173
396
792
281
720
470
750
761
287
157
847
564
522
586
17
475
899
527
818
701
581
804
139
164
612
831
313
118
860
122
241
473
331
717
807
409
527
588
595
636
382
243
628
253
522
541
377
349
501
999
463
275
1000
482
858
586
720
570
729
818
596
476
600
782
804
751
318
399
907
616
131
119
335
477
580
507
955
223
932
372
788
3
466
635
986
943
863
70
856
165
143
229
151
255
117
689
96
45
241
39
168
525
865
622
579
659
895
416
584
162
286
268
919
945
655
802
240
934
427
218
693
26
48
427
484
691
650
343
19
718
608
693
921
514
847
612
507
957
557
859
287
6
166
538
103
892
453
771
858
462
978
819
601
209
533
315
304
370
187
365
746
74
591
362
875
259
364
183
263
216
14
647
397
417
42
175
680
75
971
823
514
217
335
434
439
124
890
289
490
372
507
332
647
392
18
614
445
210
739
483
886
23
628
971
154
984
843
206
870
874
426
678
770
63
321
859
211
869
440
966
68
712
468
326
445
656
