1 68 87
5113
8233
9162
7102
2189
471
923
1406
6338
1298
6977
2634
9658
8216
8921
4679
7578
8644
5591
3881
4405
1650
5974
6569
9106
6945
9276
2435
1609
1300
135
5302
8821
6018
5895
1277
7489
2520
4486
1694
2441
6772
109
6156
7570
8814
6229
4317
7505
2626
5371
9274
1452
4391
5250
8739
6912
4463
292
5703
5263
5208
3405
4000
6022
1918
7541
6699
40
47
32
44
59
32
39
10
4
10
38
61
67
9
30
62
27
32
30
4
15
53
38
3
42
40
42
44
4
66
51
23
67
50
60
49
7
5
50
29
52
54
50
44
61
45
3
21
5
45
6
17
42
51
39
1
51
35
24
39
65
61
3
22
66
21
3
43
47
38
48
6
53
46
35
63
19
43
27
60
15
16
25
11
30
23
58
