1 43 100
9645
2313
8016
335
5111
9961
8864
1686
4629
7044
3713
7837
8753
7338
614
3848
8169
3384
4831
7767
7316
8601
9641
5675
5712
5031
6083
1875
881
2745
9038
7819
7071
4684
314
1639
8870
4552
7452
7061
1299
8125
8223
18
10
22
36
32
38
40
4
33
1
42
31
19
18
18
39
31
9
34
2
7
20
41
38
39
38
36
30
2
39
4
19
15
8
36
7
2
10
1
16
33
23
10
43
38
42
13
23
31
10
40
38
32
16
42
4
40
20
21
20
13
2
25
40
7
30
2
19
26
20
35
25
26
1
11
21
17
26
19
34
31
15
11
34
29
13
43
13
27
41
33
34
43
28
28
14
22
42
10
27
