5 82 79
3301
3085
3629
7513
7287
2476
5067
8604
9667
1270
6292
9808
4710
4972
5442
585
7425
5071
550
6705
9739
4886
3300
1792
3595
9333
1082
3952
1796
5064
8317
3309
4819
7400
5112
5941
9716
8352
7767
4614
2513
5166
997
8316
1435
5823
1011
4515
7631
4712
3173
3871
3958
1244
2496
9677
624
2938
2469
7596
8507
1242
9306
1430
125
7437
9679
6895
2184
8072
6269
102
1337
1297
370
6600
4377
6273
1259
3941
3339
3819
56
45
15
45
69
71
77
67
64
1
13
44
36
37
38
48
43
82
65
9
82
79
70
43
3
78
34
71
38
40
52
70
25
26
82
49
11
16
74
16
12
37
26
50
12
82
51
35
60
80
4
31
8
3
43
68
2
35
80
30
56
80
23
77
10
45
22
30
15
51
43
81
11
11
29
62
40
59
24
