9 931 9983
6325
9787
6903
2965
7104
3483
9161
5198
5563
8368
3281
4334
2728
9927
1405
9343
7051
7310
910
14
8258
5396
6861
4883
4678
6547
4688
4165
597
5400
4017
545
7637
9828
873
3907
3526
6129
1229
2778
888
4663
8653
747
1960
5759
77
8756
1334
3843
726
2353
9963
3101
8983
2996
2162
8878
7147
3393
7719
8806
1005
4622
3875
2373
8005
3708
5275
7151
2704
3074
4415
2330
4574
618
4658
221
8546
2589
2424
8061
2295
4562
1768
3406
703
9553
120
5557
8466
2790
5292
6091
8154
8863
4130
7884
1290
3426
1029
4780
4405
1595
5357
5489
4396
84
7912
7916
2004
5247
9099
7949
3200
2591
7063
494
1611
9191
6144
7855
5632
1714
4789
9982
7783
3298
3514
4867
793
560
2357
9706
1296
2520
3411
8003
6465
3665
3637
2817
8586
7368
8421
7938
255
1218
3206
5356
9570
2755
8055
7662
9642
6740
4411
7987
6405
8765
2906
4510
4788
992
1566
9357
2253
3
651
7878
5128
6884
5903
5806
6009
1756
8817
8592
1211
3153
1790
7928
8533
8777
1575
8078
1633
325
8034
7078
6108
8677
1332
6683
7013
1782
1305
7810
5973
7397
8328
6746
4396
92
9545
6717
1429
2942
6345
6177
6499
1288
5038
9205
1422
9027
6488
2748
3373
7348
4439
5061
3168
5193
9025
8749
9129
2914
6786
1259
9741
1256
2434
6785
6139
867
5879
7028
5544
6547
8579
9895
262
8879
3162
662
2091
9562
4243
3478
2639
6991
774
3169
2159
740
2152
833
6500
491
8299
219
2805
8446
2474
5639
7743
3129
5850
4204
3541
6857
3317
1472
3054
5503
7649
6864
4732
5986
5288
8231
2232
33
6624
442
8857
8881
22
1890
2194
7640
791
1723
3220
4806
5488
6387
4548
5808
6238
5264
6523
3779
7210
1182
7595
1642
7581
4723
6694
1707
517
4915
5173
900
8698
3630
140
656
5859
8279
2888
771
3422
1243
6080
3367
9783
9340
6337
6162
2896
9903
4320
4620
7943
2893
3935
2317
5270
2597
9393
1488
4364
6966
7477
1973
2065
2131
1841
2553
6927
7657
841
641
5530
4380
6694
1177
3749
5296
8638
5999
8804
304
2717
4902
6466
4690
2553
8833
8481
1210
7439
3931
8650
9452
8662
9159
8253
5737
7525
7095
4213
4745
1524
8437
7621
528
6665
744
1096
8080
8027
7038
5124
862
2225
8686
169
7854
6514
1237
9692
2686
776
2327
1032
9315
1103
7542
1266
5717
3481
4730
1950
5184
6860
5274
5890
6396
4340
6874
3305
7133
27
6624
961
2772
7101
7928
1330
9344
5879
3885
2438
7649
7031
8546
8202
9956
5894
3376
9478
5236
5708
3750
1254
5488
517
3009
4986
3420
8196
3672
6629
5831
7806
7628
3399
7736
1166
8522
540
9859
8753
5771
1785
7520
8534
681
1578
3100
2607
1755
3616
9289
4771
8085
5118
4788
2404
3595
1140
7266
900
2024
5340
6881
8385
1369
6405
4062
8466
6784
5765
2037
7890
1509
2544
2153
3268
4380
9835
7156
7861
4325
8550
3323
6691
1504
227
9600
7651
7330
7838
5659
5727
4684
7068
6884
4113
1072
6012
465
9771
3485
4665
2118
7666
8119
1416
9093
4092
4232
3151
9316
4326
3843
1337
4218
5597
4085
3555
8389
5968
3284
4980
3172
5961
9836
2351
2482
8149
1089
6017
8792
4863
8135
7180
8481
4177
289
491
3751
2086
8093
4672
8632
2173
3588
1257
3421
8074
2975
7750
6413
935
7187
9972
2691
2495
4786
2362
1559
2200
1162
7314
8639
8726
9692
4357
6587
6781
3303
7358
1721
1740
6121
2842
9006
6220
1765
8746
4893
1959
707
9536
367
6864
6349
2902
7206
7368
9142
120
3974
1318
3891
6009
3305
738
7981
9621
931
7172
3699
4293
1727
4937
3803
7666
7866
9648
6224
4612
3171
5898
7323
355
980
5251
1397
7047
417
5357
9267
6147
9497
4808
3456
598
6248
7615
8216
8879
4071
3432
9135
8410
3465
2628
6156
7486
6577
7947
6247
9860
7526
1218
820
7472
8791
6501
1784
4493
754
4937
8938
5641
9213
3136
871
5197
207
5189
5859
6364
1218
7882
7409
5785
7659
2454
6644
8459
7033
7891
2991
2188
5342
5895
5674
6203
4309
5208
2757
1701
6970
3884
2247
3249
3783
5716
7585
7972
3021
6838
9783
9175
9846
3517
7322
2520
9214
5597
6478
2802
1668
7031
3373
3572
3313
2565
9303
9873
858
9942
8974
2435
7402
4653
10
3760
4292
4134
1944
5924
9945
225
9150
8284
4303
5435
3141
5759
2439
1828
8201
5882
2327
8862
3925
2217
2624
6717
1357
3790
7618
1084
9681
2685
7874
757
316
9688
1141
9295
4816
3872
736
1644
4082
5570
409
7800
3420
9422
1024
3014
6626
1544
7786
5482
5705
6920
5384
5185
6069
8022
6820
5684
106
4376
3700
8310
5823
3600
1446
1113
743
2273
2093
6032
4204
335
2283
3094
6960
4845
1878
1724
9002
5687
1980
5184
3581
2325
2916
9359
9195
5652
9507
4689
2839
4721
5779
3978
2256
1162
7933
4681
1223
3579
1944
9305
9146
3304
8841
6841
3360
4316
2994
3318
5135
2856
8979
8452
905
5039
5120
1853
7532
7872
9763
4332
3467
9186
1643
2503
5501
3087
2283
1743
8810
8023
5584
1641
887
8468
3465
2196
167
5803
3077
5455
6790
5609
5591
3458
4353
8193
3299
9909
7175
7752
6786
2036
2641
1644
3253
1092
6894
4812
7293
3803
5536
8272
3269
4721
9610
4197
2570
6139
9559
2932
3696
4680
9449
4692
4948
787
2976
4996
5334
7677
638
577
797
9661
93
507
399
440
87
472
494
62
286
59
292
265
720
689
817
400
559
713
274
867
903
483
352
250
690
279
731
755
902
348
118
644
589
690
528
873
923
373
448
17
378
231
68
41
816
270
626
507
409
670
898
127
550
312
10
332
715
94
372
572
741
608
214
914
182
396
740
725
909
846
687
763
766
392
886
821
611
271
139
146
259
17
830
611
899
143
558
708
640
72
169
438
630
844
234
76
809
111
879
310
672
174
510
792
789
45
898
92
484
336
162
871
164
96
863
583
781
314
715
834
865
229
465
168
593
705
111
794
725
149
716
36
676
285
748
860
749
409
530
372
50
686
516
508
837
669
363
172
607
45
483
595
5
471
21
136
931
272
189
929
604
669
891
583
91
12
256
597
438
328
99
586
749
589
831
297
37
871
592
928
333
148
56
223
82
170
381
293
836
705
619
484
24
431
241
10
493
793
687
743
416
607
461
630
759
525
535
748
314
909
648
808
789
84
71
564
793
194
512
558
728
738
67
20
663
302
172
296
732
695
243
511
74
53
94
780
171
314
430
796
393
687
771
164
681
717
511
729
505
587
238
235
871
646
738
757
729
573
810
502
409
560
926
516
691
4
885
84
706
287
673
574
544
662
872
847
625
253
238
392
295
554
808
495
199
745
133
734
666
53
597
333
84
561
709
918
912
83
205
837
242
754
228
517
421
102
137
294
501
498
307
242
207
232
486
509
580
715
675
268
366
66
473
436
134
625
804
113
536
617
728
375
769
683
799
692
275
74
429
205
370
163
1
618
908
303
773
529
888
431
210
750
100
369
572
803
107
81
537
740
454
909
461
871
275
811
777
320
265
137
746
147
501
68
842
247
923
268
444
189
197
823
164
713
368
190
344
219
589
802
105
899
324
99
126
86
699
697
41
640
593
239
567
309
402
139
892
509
597
36
306
303
609
835
780
590
206
152
13
760
517
248
797
927
353
263
341
462
143
202
690
441
141
365
369
121
567
725
290
693
716
866
175
292
207
870
439
69
503
35
783
19
442
701
484
273
506
78
564
822
486
681
700
269
919
94
815
803
14
86
385
813
359
357
37
231
390
240
328
880
835
98
722
242
231
305
546
604
558
3
161
307
726
691
677
113
449
839
320
908
145
917
700
181
572
690
228
13
22
891
506
494
246
324
694
52
101
412
233
80
671
582
82
345
469
462
265
674
76
908
378
771
315
19
870
113
458
160
548
676
485
281
420
365
517
178
306
106
421
754
33
126
54
29
609
186
671
304
388
176
339
652
118
667
773
885
506
16
542
896
767
506
491
654
676
12
829
643
380
780
297
651
47
624
730
863
551
152
584
406
781
655
418
732
171
557
143
575
841
116
119
623
546
305
686
627
323
180
191
112
885
613
151
904
506
144
908
222
149
40
829
46
209
31
627
740
86
570
67
666
12
595
536
238
803
310
391
493
804
140
125
872
11
640
769
352
233
749
807
818
589
877
912
224
13
19
545
873
236
322
769
866
303
145
340
804
754
111
175
644
673
911
304
548
68
862
47
730
69
322
316
100
884
210
689
684
916
489
829
859
772
382
297
442
565
569
572
458
475
355
571
320
630
363
637
98
176
889
656
341
162
169
407
634
639
899
581
124
599
205
206
464
852
266
831
199
379
642
105
124
170
55
293
741
901
797
87
804
123
177
645
175
215
276
690
725
808
920
811
503
158
835
46
147
700
557
916
324
477
279
79
516
790
63
268
529
287
744
533
537
27
349
912
307
29
554
693
436
703
462
41
747
608
402
783
75
12
226
528
245
115
216
507
224
584
163
482
461
288
843
518
524
437
113
876
738
456
323
110
825
797
297
465
5
190
105
635
567
929
683
536
148
70
555
570
257
860
779
232
706
735
897
263
382
161
483
514
204
868
162
416
189
76
621
105
691
336
798
271
161
823
644
167
816
250
229
58
498
399
431
817
10
282
840
662
195
237
908
460
67
450
329
901
120
319
157
753
65
251
172
821
710
52
784
395
763
84
88
95
516
862
525
253
313
171
215
784
856
22
812
748
170
656
859
318
69
343
309
136
817
75
334
102
823
631
114
290
387
139
306
375
228
503
803
835
80
139
465
233
431
766
335
49
326
196
754
574
33
931
109
687
925
256
857
475
123
768
706
247
297
39
703
288
450
719
250
686
640
582
626
10
369
57
475
843
636
145
375
129
550
657
252
693
675
199
125
911
122
753
288
78
236
763
527
122
243
877
616
338
670
779
456
275
411
817
530
876
51
780
497
649
720
856
522
270
479
887
791
109
769
135
436
531
787
167
474
861
314
625
10
439
874
306
500
823
585
117
476
72
8
467
801
927
863
42
209
110
228
550
434
770
88
344
410
179
395
312
19
619
599
916
148
278
746
303
457
527
661
718
802
245
518
334
836
607
729
442
824
328
556
894
264
439
925
429
289
839
806
107
820
209
397
6
833
426
33
82
906
786
813
574
629
765
68
5
564
167
501
86
466
672
641
105
395
323
80
400
633
312
833
162
396
472
322
760
584
204
667
247
72
469
304
95
131
285
341
543
925
56
922
467
97
25
265
48
647
558
712
341
95
270
597
183
470
89
305
844
477
432
807
508
727
41
781
268
574
279
480
930
788
515
914
911
453
899
386
300
495
581
45
552
886
556
47
678
800
598
538
855
161
350
116
602
831
481
687
553
234
746
479
278
164
894
525
288
78
378
336
116
356
377
806
679
25
515
32
211
410
48
134
606
592
723
92
97
516
682
336
424
634
772
902
3
255
347
667
591
545
433
607
714
112
148
554
210
780
915
140
780
216
293
764
138
207
650
28
289
836
603
766
703
795
787
549
14
320
415
332
776
877
519
837
498
841
585
774
752
27
811
552
98
719
73
133
858
770
219
137
309
719
576
659
427
670
466
658
902
580
102
182
800
609
704
88
594
706
607
206
694
801
168
720
706
80
662
230
234
742
33
770
562
591
43
500
200
644
386
88
609
407
653
774
601
888
674
27
565
696
922
840
305
59
228
594
901
283
404
193
200
159
462
79
187
845
213
511
454
557
605
599
889
404
578
106
505
594
306
517
168
685
178
236
891
169
706
353
537
186
535
83
884
775
125
735
658
624
902
687
170
696
482
41
842
385
354
232
478
398
108
385
208
422
615
473
822
456
616
690
611
513
655
621
99
324
361
655
636
193
194
338
243
313
807
536
290
504
822
698
912
595
521
809
47
170
771
412
911
850
666
154
748
225
184
222
2
220
90
635
765
471
119
538
372
586
73
124
307
506
302
710
513
20
289
631
106
770
12
437
861
916
439
48
317
331
358
828
7
588
325
567
777
486
832
630
320
699
477
494
189
301
869
431
859
631
352
318
210
919
178
652
816
571
356
91
310
260
80
96
779
407
785
199
72
462
382
373
329
496
494
89
99
151
185
854
821
39
216
725
915
740
806
880
895
366
199
122
253
92
270
187
578
844
70
678
563
250
927
492
659
48
493
526
208
370
438
7
99
824
527
570
437
324
125
299
353
218
409
338
153
847
285
833
823
131
694
476
430
785
472
518
352
754
482
722
195
33
929
94
641
148
290
662
793
419
5
693
3
801
28
557
770
158
524
162
908
769
916
208
523
878
87
764
512
505
321
529
345
910
146
194
504
19
376
471
882
480
859
739
594
353
931
314
527
712
358
174
310
650
66
471
72
919
460
522
470
225
926
429
695
649
875
875
931
156
826
540
17
247
269
260
321
209
566
24
740
42
872
216
187
195
725
364
823
460
538
392
723
448
508
818
43
306
458
733
890
837
347
624
877
499
377
765
354
396
398
96
382
442
355
117
6
340
871
611
658
457
473
146
501
585
725
563
101
527
900
583
49
881
379
896
689
512
399
887
895
880
470
202
65
557
519
363
897
739
365
481
374
36
279
200
283
725
337
575
706
415
321
442
754
914
762
376
30
315
861
319
489
589
446
48
641
654
721
319
26
400
675
632
826
501
244
10
235
196
484
648
291
833
103
2
722
696
655
69
926
52
587
637
682
64
563
639
216
697
815
719
390
358
492
196
931
652
224
166
317
226
399
560
636
833
554
461
344
275
638
192
528
344
793
590
328
928
381
462
813
494
42
526
607
929
97
337
482
567
760
772
607
543
648
443
87
768
614
551
891
627
911
423
49
682
709
168
614
476
662
832
173
377
301
356
842
282
608
347
31
857
627
543
339
160
366
136
301
84
203
680
333
551
891
637
358
874
223
546
324
415
644
27
700
164
400
331
179
838
864
174
616
356
377
95
330
315
622
511
756
487
730
526
125
68
218
915
258
189
830
91
2
707
408
152
878
357
225
407
693
6
136
217
743
131
258
432
600
155
360
658
246
661
688
531
484
217
671
416
484
525
212
345
37
920
297
267
811
582
144
195
83
713
309
807
625
263
56
4
81
343
417
611
290
73
119
834
850
336
650
859
373
180
145
498
735
477
558
682
328
456
426
498
128
914
273
656
251
237
312
877
771
260
391
667
219
63
532
879
541
177
509
588
363
706
896
677
239
562
784
758
268
44
1
792
61
925
788
811
455
403
742
393
882
702
205
571
19
570
435
635
714
127
870
711
84
435
818
490
100
635
494
351
440
493
543
547
342
769
476
132
697
427
741
450
125
576
771
299
828
422
155
276
850
431
355
223
724
885
466
623
322
616
150
121
327
922
55
813
590
785
137
599
571
61
782
708
913
473
363
783
925
698
845
733
272
535
362
29
14
565
285
265
14
170
626
751
340
814
497
443
47
798
305
911
655
794
65
694
82
671
259
217
842
105
763
301
149
70
824
276
141
691
495
618
570
14
640
380
229
354
15
760
707
802
676
335
35
303
540
523
826
527
647
221
317
829
739
320
58
765
327
896
184
41
924
806
129
89
737
666
417
891
271
735
479
482
841
884
111
67
535
886
348
709
897
541
635
717
148
427
534
534
472
390
835
196
342
720
902
86
543
371
814
33
438
384
747
622
805
252
555
75
427
284
145
524
593
105
258
760
195
916
741
276
303
483
792
735
324
347
801
105
355
183
203
179
637
582
448
796
653
744
474
99
534
645
703
261
483
828
699
460
349
415
649
309
571
89
745
342
215
15
501
108
882
680
443
91
277
377
453
142
912
8
770
331
665
277
807
439
483
788
374
802
669
849
423
594
645
541
602
263
364
258
278
702
606
657
265
91
532
742
900
285
128
170
168
281
425
608
859
230
776
314
354
550
637
201
383
822
752
475
138
604
684
755
492
930
247
313
169
474
350
921
683
349
574
497
430
719
406
363
480
58
772
719
794
100
227
461
261
111
462
927
782
527
26
562
454
612
495
170
360
770
364
385
587
619
568
199
831
501
850
258
722
1
715
633
462
107
305
344
253
608
270
89
530
773
63
103
293
744
603
79
397
117
476
84
325
413
540
299
904
567
180
923
642
637
299
777
53
895
844
297
352
443
367
41
857
516
398
424
228
481
383
695
665
184
169
70
268
571
747
641
658
384
251
358
495
594
154
647
910
798
38
207
849
750
689
830
598
516
701
24
856
186
212
839
878
427
65
889
283
42
758
679
25
212
744
92
907
762
846
3
579
746
204
766
557
421
553
876
297
507
249
748
419
753
28
532
860
273
840
504
292
244
675
20
181
337
873
84
816
384
664
128
546
395
448
98
144
116
926
507
787
844
668
219
613
157
296
18
479
393
150
747
878
183
326
65
46
154
804
303
790
605
158
124
248
468
286
386
629
452
550
440
391
498
360
687
880
212
744
332
790
147
204
552
427
389
130
132
842
659
191
561
908
326
69
254
859
366
582
142
47
397
321
774
914
1
908
5
98
869
617
583
813
290
890
827
42
125
501
255
309
270
590
916
1
101
66
552
438
870
207
374
408
577
220
365
177
303
771
549
465
640
930
877
356
425
135
225
794
183
619
498
714
280
390
104
641
585
532
618
581
909
7
336
732
711
710
503
864
267
925
818
373
417
113
781
165
811
406
604
651
226
151
644
256
158
500
534
717
672
109
841
865
260
457
785
832
263
548
451
316
39
281
863
762
744
145
924
481
886
804
32
244
579
293
86
157
296
613
495
907
16
20
404
799
695
871
394
395
192
204
360
808
742
398
496
343
251
109
835
311
226
353
426
218
486
534
624
28
254
759
7
456
390
295
756
445
633
810
355
496
618
459
833
106
522
543
368
529
883
529
225
805
322
324
516
299
212
359
227
380
349
20
824
868
876
358
587
221
165
431
612
225
110
602
419
115
37
928
349
714
77
185
767
568
75
630
902
879
601
867
15
930
23
526
749
325
475
931
714
459
583
335
709
210
35
614
142
900
81
390
698
639
6
530
810
541
856
370
556
447
134
818
249
665
853
129
316
896
262
263
284
167
121
773
845
792
477
147
263
29
57
243
616
577
342
472
713
247
918
171
650
516
103
485
169
662
307
827
618
524
140
399
500
493
29
294
871
553
395
836
23
537
443
885
461
771
109
125
557
300
224
293
402
78
374
104
528
404
416
143
626
637
303
476
174
780
790
26
900
809
477
134
132
151
758
294
389
374
227
632
248
613
426
34
625
418
619
382
335
130
446
553
642
385
337
575
724
297
581
260
631
719
440
170
653
617
91
584
35
169
362
587
156
66
124
168
901
447
387
171
113
76
387
266
549
701
860
391
194
260
183
166
481
314
614
554
424
926
308
350
374
748
635
180
508
295
102
62
835
859
80
631
687
444
70
702
865
576
404
129
760
101
247
808
361
768
465
884
779
31
352
652
818
691
316
808
32
535
329
710
544
562
736
640
22
170
829
34
704
90
927
516
371
539
245
931
479
272
211
313
473
743
732
195
192
459
11
388
647
511
89
652
517
296
377
34
623
592
620
782
788
567
121
612
60
362
882
504
365
628
527
883
174
149
274
777
109
796
81
47
797
875
859
102
515
245
912
756
855
64
196
27
813
555
486
600
220
364
153
753
365
267
878
514
479
5
703
531
35
170
268
820
216
56
829
308
67
14
763
44
931
740
914
512
347
632
507
385
751
87
106
522
7
561
397
549
111
789
439
539
209
51
445
279
287
678
559
249
8
504
480
490
127
84
657
48
290
831
233
524
332
211
353
826
490
280
104
486
703
340
923
139
42
464
874
361
16
26
136
732
122
40
863
325
538
780
624
267
756
663
487
274
645
406
39
137
908
782
677
726
554
142
279
423
601
913
178
90
921
437
1
512
163
636
808
139
577
708
75
583
772
251
681
630
434
219
298
711
787
879
549
40
263
2
46
294
704
816
337
772
716
580
37
620
725
400
771
689
631
864
918
68
579
824
502
359
804
583
349
7
504
590
435
717
860
8
319
775
262
470
110
144
194
801
64
399
87
302
91
372
386
419
865
107
758
481
697
900
800
304
707
554
687
632
181
321
387
585
797
304
654
670
180
428
138
65
189
157
28
470
555
898
770
703
360
53
68
370
823
629
745
753
49
269
261
3
748
64
875
84
913
748
660
259
95
720
537
757
581
803
645
638
575
82
143
849
895
68
790
386
472
501
262
110
416
554
42
246
862
287
641
51
16
630
866
317
383
318
476
233
785
140
919
719
501
656
459
281
582
665
261
30
612
155
199
43
32
870
481
81
11
671
128
187
394
79
440
860
123
745
826
527
271
630
61
505
858
870
297
817
308
560
546
724
772
382
7
130
33
348
351
15
570
39
617
632
109
607
659
212
840
723
804
775
442
677
261
454
821
541
852
489
926
657
160
453
638
114
621
721
541
614
140
24
526
152
594
574
729
688
105
748
474
50
116
447
712
520
407
737
267
870
79
565
416
571
542
225
512
751
61
211
447
253
492
305
357
155
66
738
622
669
245
653
673
692
571
284
56
694
569
39
883
171
758
443
191
930
691
276
188
193
200
92
837
380
726
228
304
717
775
249
96
915
760
791
721
518
815
228
268
293
410
610
450
244
567
530
389
256
881
182
423
846
190
447
646
414
475
870
306
626
534
673
498
753
806
54
757
462
451
553
456
596
646
571
640
916
15
141
220
660
514
859
534
517
60
538
721
510
798
348
645
137
405
247
213
662
440
739
349
918
922
465
866
9
80
494
913
572
324
169
224
195
559
678
97
344
112
49
122
725
714
204
658
160
335
132
813
780
782
802
246
607
236
460
185
907
704
102
653
318
110
45
704
170
63
677
792
361
222
273
417
434
491
472
792
192
446
572
848
449
613
181
181
242
256
490
542
398
725
136
586
388
111
134
882
459
855
388
754
12
634
767
273
25
576
931
772
439
735
413
502
314
885
110
149
60
481
845
286
410
296
83
367
602
50
258
839
86
271
857
361
541
315
135
826
692
559
182
101
784
685
537
395
609
706
540
639
632
562
521
569
806
224
667
699
400
388
930
210
84
850
168
304
824
680
525
635
877
924
617
857
437
469
924
444
44
385
61
814
577
216
338
736
801
780
213
887
158
692
91
461
877
803
194
337
791
876
702
275
834
919
29
869
715
330
638
677
730
334
298
254
34
206
160
625
355
132
632
800
208
478
892
317
125
9
782
484
694
900
783
851
459
387
85
668
424
130
925
901
774
11
561
85
758
680
309
55
143
250
266
863
477
845
883
843
735
656
652
426
858
448
883
795
603
844
837
366
460
72
384
605
274
242
465
346
839
863
722
826
507
293
835
534
475
310
312
359
576
898
263
406
230
101
801
688
370
836
623
224
178
627
807
485
788
779
232
842
711
212
132
900
651
131
76
177
403
825
511
783
2
931
153
929
520
11
319
107
427
187
363
632
588
292
469
873
298
846
854
412
394
2
465
111
246
582
486
145
143
822
886
770
101
124
698
928
127
32
615
191
461
322
339
293
106
274
314
483
764
570
228
688
852
445
174
899
163
240
431
181
63
771
414
56
404
475
898
838
176
551
795
567
594
135
175
730
563
381
137
28
822
721
604
377
103
452
530
311
520
509
489
876
918
463
195
493
655
667
764
324
115
292
756
584
57
804
868
366
42
920
914
93
34
60
570
155
237
853
614
219
892
684
695
484
170
225
390
171
63
38
151
128
655
327
485
521
452
469
546
185
826
910
158
303
362
276
420
104
142
264
606
915
605
421
749
719
309
813
84
672
84
636
347
490
529
393
840
319
515
34
116
294
908
827
687
99
899
415
823
1
461
303
167
675
366
249
419
484
507
162
322
475
843
402
853
611
616
647
414
283
712
616
624
758
499
731
554
316
871
898
625
508
398
403
164
906
32
446
883
900
544
105
476
172
172
207
820
888
323
666
477
664
931
634
719
375
399
78
551
853
90
663
25
503
889
697
220
376
658
872
90
792
106
20
891
176
628
473
111
432
609
608
724
529
381
316
116
732
509
619
786
468
220
75
641
573
642
586
375
770
589
616
219
150
47
15
402
824
57
82
486
559
489
384
647
318
412
843
528
413
129
604
313
795
311
733
379
430
199
211
327
895
568
87
741
316
371
780
107
323
640
566
182
5
402
465
87
271
426
515
830
232
752
458
475
165
155
296
360
838
530
802
828
522
555
529
780
236
661
316
157
659
853
334
400
795
652
519
463
59
190
444
207
412
662
845
764
169
227
575
876
845
563
671
686
763
142
351
802
236
266
699
687
722
213
810
508
77
478
202
719
296
545
875
868
444
707
683
520
476
280
873
752
613
653
245
846
270
391
322
273
859
245
577
526
570
343
610
857
343
420
382
766
94
709
235
884
104
105
919
369
707
34
17
423
267
384
720
734
806
349
215
212
1
843
56
86
874
97
227
473
239
269
840
787
468
850
523
821
691
364
458
618
884
690
745
814
582
644
350
145
917
342
58
656
90
356
551
713
104
446
146
742
800
420
551
614
14
875
530
570
451
678
869
489
217
118
600
499
487
482
673
344
728
657
337
792
537
442
573
266
655
107
317
648
342
468
9
747
567
829
396
71
51
333
58
806
394
22
901
395
457
755
931
413
455
138
235
450
601
47
680
749
55
277
497
616
73
49
362
815
74
557
524
182
427
643
633
709
281
27
22
698
769
283
918
243
530
347
690
799
35
862
72
221
291
505
830
284
166
88
37
568
160
254
892
606
369
90
655
839
393
512
601
646
704
378
138
316
509
902
145
461
349
880
787
596
136
762
421
465
731
269
585
49
110
12
201
138
266
548
637
449
154
245
421
778
184
222
753
640
430
42
246
327
591
396
405
253
850
261
448
667
433
914
12
211
914
677
692
173
450
149
520
879
586
504
894
125
225
773
156
302
903
586
483
531
564
55
839
540
812
665
263
232
199
816
118
134
216
711
446
272
261
738
748
866
721
884
872
376
706
661
224
602
551
38
875
36
480
705
255
524
642
597
6
725
692
584
180
451
371
27
194
129
372
640
803
156
772
792
476
807
98
677
327
599
462
487
117
640
814
588
874
95
916
777
827
680
210
755
769
755
582
690
7
897
516
11
841
199
605
826
206
713
305
344
901
153
890
161
841
20
782
347
457
285
750
141
631
570
23
183
311
434
742
639
580
67
839
144
469
286
499
751
685
67
307
678
819
473
881
615
346
823
523
664
456
767
252
650
90
327
478
60
341
102
682
403
370
14
845
316
40
517
251
305
890
557
503
684
26
374
673
683
8
205
218
10
150
375
705
417
635
888
872
598
15
647
421
340
133
311
28
165
85
433
635
699
690
457
384
167
659
577
267
78
150
157
391
128
714
659
60
302
455
197
445
722
403
81
434
449
112
507
234
179
578
287
213
877
185
144
770
696
644
805
210
446
169
716
670
718
843
89
812
386
28
517
822
670
809
726
641
883
506
574
186
429
457
532
811
478
239
697
221
200
451
129
54
43
84
815
69
831
928
505
918
774
851
283
472
614
20
316
561
384
321
360
234
834
536
93
221
58
395
583
715
817
754
738
852
26
770
114
595
759
497
420
75
715
437
408
220
94
156
172
243
582
542
452
73
184
225
359
188
187
690
775
869
467
874
682
879
543
24
166
76
292
707
326
743
319
22
118
719
52
393
670
68
865
129
24
372
407
197
458
385
283
259
438
575
529
72
776
680
883
472
707
775
509
652
349
55
501
474
663
459
201
402
753
495
728
199
736
917
521
110
155
722
223
519
743
406
23
128
428
652
58
886
733
104
323
351
71
105
553
701
246
228
378
667
851
684
15
834
480
103
818
273
688
467
629
30
103
280
72
485
346
176
284
600
35
504
482
323
883
89
177
87
762
344
903
238
76
706
553
601
815
661
811
904
221
28
787
473
184
430
208
517
913
721
463
228
234
419
65
799
190
792
618
205
404
858
163
484
229
435
268
125
295
402
461
483
388
123
416
512
197
468
717
425
402
203
823
662
33
754
553
630
125
617
252
124
445
50
763
720
362
888
156
576
776
837
358
655
83
646
699
569
155
613
63
586
363
199
282
256
433
623
916
38
218
518
219
435
845
572
394
415
440
112
209
111
675
28
712
55
646
486
790
630
468
204
496
70
440
444
123
669
147
163
100
382
223
877
76
737
95
288
120
586
121
278
174
898
166
847
162
72
717
882
18
20
754
703
746
486
827
763
825
259
449
59
733
812
415
692
113
277
602
332
66
901
919
19
85
332
809
861
389
163
581
898
654
318
27
786
846
716
281
835
146
100
915
154
72
813
144
192
821
798
715
91
391
344
201
813
29
823
511
592
67
378
50
657
680
890
463
680
435
772
782
515
507
801
927
651
526
211
916
542
157
306
867
401
23
387
81
355
248
740
472
562
97
725
253
540
582
703
583
265
393
882
182
641
607
121
896
179
496
856
345
504
481
161
1
149
356
16
125
111
317
186
861
363
784
682
114
170
157
132
720
815
921
141
78
15
190
795
800
117
539
548
44
610
308
33
515
422
336
743
67
885
629
458
400
96
602
84
297
426
744
164
875
832
473
643
361
893
761
460
570
684
4
349
637
264
507
668
877
911
232
833
297
554
58
205
199
597
243
214
186
545
819
906
84
237
335
451
746
835
656
118
459
681
533
512
645
317
235
30
661
374
435
252
216
445
103
568
891
106
919
67
400
69
465
555
271
927
929
798
821
909
703
191
716
452
558
31
549
569
182
147
134
153
333
9
801
914
262
809
833
259
2
532
320
65
806
272
748
261
296
818
811
255
572
880
723
136
284
375
484
278
554
341
108
343
553
401
51
255
309
384
454
759
575
143
346
22
547
66
302
555
333
347
28
152
679
17
690
353
768
292
865
29
490
442
801
864
338
339
297
656
271
229
145
122
350
640
326
142
292
506
756
191
833
749
68
472
39
720
70
561
532
143
114
696
122
156
809
657
348
7
273
134
148
600
304
816
312
113
96
446
870
775
157
577
34
616
680
564
355
111
514
836
651
206
527
563
708
479
365
94
58
885
211
55
79
902
163
321
845
345
922
369
231
571
742
806
25
771
840
747
165
734
270
453
256
719
423
119
515
28
488
682
388
520
243
202
530
908
443
840
704
621
27
821
609
485
925
529
553
408
280
359
766
707
127
442
289
410
710
577
184
137
596
265
641
429
542
389
124
469
789
448
922
241
175
717
429
731
927
516
253
90
51
616
257
864
838
156
503
36
576
219
897
133
829
372
233
649
918
44
276
59
231
911
661
603
469
866
271
708
582
71
356
574
159
604
261
395
640
539
508
365
766
630
790
767
785
599
508
516
685
370
413
338
166
463
727
420
609
707
406
127
435
544
591
415
78
734
308
553
745
748
920
173
877
335
490
341
812
70
646
344
232
644
490
638
742
290
409
714
298
391
674
418
165
335
392
436
694
834
383
245
353
825
114
207
826
137
396
374
719
516
100
826
687
534
739
406
72
500
414
633
291
837
524
371
380
887
131
834
584
897
504
164
736
407
472
794
553
111
348
67
332
731
590
406
183
895
299
926
488
637
857
489
435
130
864
21
136
405
658
85
102
8
612
785
271
161
311
61
774
765
139
732
923
371
299
877
469
141
827
3
421
634
91
775
9
635
673
809
171
831
435
749
488
76
377
219
615
872
655
644
243
19
265
129
161
35
398
896
687
415
825
537
340
576
451
831
649
159
683
167
831
139
73
838
166
589
208
233
905
226
14
572
142
445
97
198
430
34
429
522
407
62
754
684
520
4
257
358
374
832
574
427
721
331
735
636
322
695
796
596
266
599
548
685
239
11
159
368
567
582
324
809
750
41
320
481
218
629
866
633
260
97
29
793
481
854
383
403
521
417
114
834
352
147
119
630
147
509
454
629
711
741
186
450
115
911
217
55
508
504
470
102
281
56
568
471
140
827
353
77
887
438
525
777
440
339
303
305
429
83
477
755
127
689
764
169
268
36
611
595
645
249
704
505
891
255
808
916
581
149
196
913
455
240
758
84
259
372
896
611
604
915
916
391
629
306
137
915
348
264
888
25
401
93
571
94
743
305
260
891
428
818
242
841
863
502
758
127
666
564
228
396
874
3
87
898
514
102
706
585
482
202
717
212
801
387
419
687
370
690
836
267
15
734
19
291
582
29
242
425
199
120
359
519
407
840
467
478
874
82
532
494
454
807
191
365
571
82
208
249
755
143
176
926
228
6
225
750
709
50
406
251
136
662
326
324
6
300
856
209
629
556
92
295
248
900
96
597
689
333
129
636
385
309
392
380
518
460
748
700
718
370
670
750
291
201
93
579
15
428
271
230
154
347
314
171
707
233
205
233
894
356
50
839
408
376
125
866
909
376
476
178
831
790
411
648
553
836
109
634
259
238
278
708
117
169
251
720
613
797
242
125
317
308
858
484
364
265
718
486
817
400
596
302
562
50
544
357
289
888
745
8
48
656
777
529
278
717
420
37
870
125
441
369
625
743
289
818
928
440
427
438
5
575
12
61
731
795
902
26
575
712
658
910
143
462
762
36
67
601
213
883
505
812
587
61
347
210
447
140
192
408
629
48
581
367
717
429
785
483
92
343
703
451
208
318
740
433
615
409
716
146
162
119
253
446
225
647
511
38
596
565
499
351
145
741
741
264
792
456
721
566
100
429
742
869
77
264
519
343
711
478
31
529
262
52
41
600
6
330
385
429
586
270
412
554
371
766
775
76
143
332
326
253
56
66
838
845
584
123
834
818
153
186
314
764
691
96
510
910
667
715
651
123
406
668
68
195
143
920
456
209
145
756
437
575
424
282
274
111
858
51
167
918
13
841
785
58
80
582
773
463
16
309
610
127
359
314
898
757
916
801
769
348
630
91
284
193
15
67
62
361
183
633
902
158
431
862
142
269
370
655
803
228
179
333
164
824
783
764
157
605
244
516
403
531
884
491
3
329
443
574
124
822
820
444
593
356
780
560
491
766
281
794
424
635
850
8
391
393
411
69
526
511
908
831
643
175
9
655
22
2
538
625
832
301
477
787
490
804
576
854
247
87
262
535
218
612
883
451
286
473
528
168
336
789
197
272
257
778
383
756
508
349
581
383
165
152
256
780
117
8
749
876
472
176
693
206
425
916
729
930
385
509
168
632
715
213
181
807
345
761
132
607
776
865
602
541
359
244
586
857
522
546
530
458
902
578
263
257
32
521
680
569
591
870
355
473
138
768
640
782
895
216
602
900
842
151
436
182
715
315
407
214
684
783
261
208
433
470
657
25
710
128
237
370
308
441
31
558
449
270
192
687
809
662
695
286
624
613
625
412
857
567
5
528
836
537
905
326
127
881
401
183
506
554
490
785
144
173
207
184
170
774
888
94
580
28
4
513
265
129
813
495
813
52
410
823
292
409
117
169
691
312
171
235
736
686
795
864
256
483
60
661
866
21
6
499
701
551
234
167
343
132
578
844
909
517
677
493
882
152
329
90
664
883
60
230
496
133
437
334
451
193
1
784
718
648
762
652
362
319
58
116
130
734
37
790
251
650
737
430
53
146
322
867
740
564
510
600
838
777
189
268
658
430
403
249
191
263
122
760
33
115
779
839
606
667
469
44
55
548
314
267
491
101
901
735
15
519
418
693
788
524
91
514
379
780
748
273
123
313
709
845
678
538
271
698
625
222
163
287
321
841
908
196
309
47
662
344
505
763
49
406
233
71
434
798
598
75
41
185
768
253
315
772
440
735
888
710
234
361
1
342
802
424
273
821
116
207
314
76
596
464
298
189
532
841
883
919
321
478
175
698
681
633
222
265
554
196
257
481
540
629
593
392
687
478
531
689
53
85
884
198
456
158
665
752
576
60
1
830
137
759
871
884
604
69
852
332
925
355
628
485
131
610
784
894
143
90
271
195
53
141
526
693
433
604
644
163
407
699
300
380
838
903
623
413
169
793
261
9
919
25
438
923
600
708
205
294
781
600
50
328
607
917
188
288
650
572
450
278
164
760
724
112
758
252
17
329
487
48
342
863
825
686
3
123
836
389
375
802
745
461
758
681
176
443
215
817
284
372
256
283
550
786
614
504
480
802
740
401
82
72
468
397
13
633
311
794
655
230
343
467
749
71
721
619
79
664
802
317
746
60
624
775
82
927
806
830
704
828
453
161
563
864
334
169
389
121
506
34
688
221
452
587
403
720
518
842
32
202
237
854
593
159
712
64
819
490
588
733
281
259
369
828
148
638
762
405
61
219
493
248
9
140
307
735
375
195
861
901
554
781
68
891
610
851
915
3
124
82
662
716
651
40
666
602
493
57
159
393
477
599
670
831
173
810
585
210
42
673
414
90
16
458
308
188
629
269
223
850
612
204
505
681
839
803
688
265
66
620
580
588
600
734
565
427
860
548
893
807
20
143
206
46
168
386
827
861
806
21
48
459
698
381
745
545
548
454
387
473
635
706
312
832
31
360
808
211
203
746
487
699
493
505
50
281
271
134
322
324
41
396
641
250
766
196
429
606
377
904
704
733
167
134
543
531
111
77
624
31
830
661
450
873
658
34
501
612
173
584
885
545
593
520
657
548
504
348
910
925
208
581
543
722
150
520
157
688
134
520
278
479
141
295
524
771
919
478
890
316
651
27
52
741
213
559
770
901
771
144
471
226
451
522
79
162
375
194
198
901
366
729
773
263
677
839
812
150
465
537
600
2
669
138
684
392
503
563
801
123
896
889
153
556
931
676
813
27
7
805
208
120
913
453
679
854
338
395
920
296
787
53
159
642
370
64
78
52
426
223
190
621
118
616
1
740
534
361
823
138
92
619
459
772
97
856
714
748
608
665
670
646
577
708
462
741
618
533
46
893
72
604
243
547
89
217
247
830
594
414
324
517
345
383
376
708
501
475
466
751
97
194
500
445
653
454
347
249
6
865
647
810
811
220
235
629
930
707
444
392
848
42
656
588
342
569
739
337
494
183
813
308
711
187
87
164
793
388
197
868
202
790
738
152
578
314
726
185
849
297
696
498
802
729
683
388
928
558
614
384
823
803
710
308
246
364
25
862
569
15
382
320
284
38
234
265
714
909
408
44
830
525
109
627
866
700
862
823
313
37
241
887
618
645
42
195
92
825
423
591
168
769
475
292
298
206
650
8
728
35
912
806
827
89
670
318
5
296
512
819
477
749
348
640
323
245
762
542
476
687
730
217
231
411
844
471
651
671
298
59
46
620
206
682
487
222
31
254
923
787
802
636
877
330
820
848
297
308
520
835
497
399
895
37
471
608
276
628
453
434
636
205
478
241
666
237
467
778
666
246
509
16
123
644
899
344
634
752
218
101
16
867
321
236
595
654
905
157
732
151
296
165
320
780
126
151
71
168
762
1
736
619
905
501
902
441
610
647
85
559
173
749
91
894
304
121
572
748
353
549
63
568
91
869
160
520
855
722
41
617
372
754
423
292
74
329
654
489
561
280
674
101
930
625
728
67
567
25
899
618
293
544
168
884
468
540
362
767
652
418
814
402
26
95
486
928
521
503
834
502
928
575
473
770
64
833
333
695
612
854
805
128
569
898
464
636
869
703
620
432
478
921
674
793
571
697
719
471
744
270
362
219
871
773
30
663
599
215
32
678
842
206
145
138
51
565
516
178
165
632
534
671
629
118
90
122
175
719
153
689
314
358
542
650
324
911
288
539
336
577
874
368
71
200
649
650
782
483
150
16
75
747
97
382
629
636
488
623
150
894
190
683
652
762
748
177
46
118
189
809
553
602
113
28
420
771
606
805
61
430
237
66
778
197
91
835
602
178
353
859
396
221
405
167
739
130
170
673
331
801
656
464
911
620
470
67
225
311
465
288
535
656
897
382
879
613
30
670
95
49
11
355
419
251
157
681
369
583
887
438
484
896
229
828
387
673
631
713
892
66
130
862
931
876
376
494
203
451
654
167
770
732
168
751
157
81
916
382
650
839
861
441
776
459
883
493
198
10
218
586
797
620
243
435
662
838
121
576
318
336
606
588
404
927
153
726
845
675
126
565
378
2
555
420
604
406
669
81
142
213
325
525
633
350
38
496
625
659
622
861
341
468
729
298
173
70
437
793
321
222
575
92
243
689
920
241
587
367
223
913
827
846
78
194
147
388
724
390
275
394
56
692
839
902
106
353
771
846
70
192
375
752
600
351
886
877
237
609
671
791
332
828
616
131
832
734
511
859
656
634
711
317
658
504
85
666
777
359
351
191
232
588
744
285
447
736
263
287
613
232
554
570
871
910
357
436
596
241
204
187
606
554
165
731
220
826
603
414
818
131
871
688
434
538
792
709
288
310
404
844
235
600
265
733
292
470
686
814
204
66
611
99
46
775
213
723
136
415
273
579
476
7
814
181
401
607
519
373
585
712
241
916
600
506
841
315
575
253
883
251
304
877
505
529
163
754
754
855
799
153
85
296
858
312
695
559
518
65
286
571
901
904
44
131
283
309
70
736
296
528
780
916
864
228
440
521
138
104
177
552
486
388
805
278
527
278
904
196
280
425
893
677
475
343
696
159
222
775
741
389
116
481
201
25
120
264
870
582
303
245
754
914
211
361
867
99
116
54
784
21
775
661
196
355
452
469
342
833
198
33
460
420
652
134
747
618
159
887
862
758
364
382
385
565
621
789
665
68
102
444
903
460
587
501
680
532
550
879
152
362
52
161
507
260
95
555
383
504
109
795
906
162
192
456
496
650
699
456
25
537
573
150
615
478
209
875
444
572
322
437
12
604
252
331
825
332
619
120
880
248
282
310
634
496
17
297
129
857
126
160
666
218
79
767
751
462
54
203
40
220
417
736
655
402
640
747
348
827
593
517
222
78
60
487
727
75
132
513
88
285
332
702
695
754
35
688
192
849
282
618
412
367
662
766
929
377
438
543
859
137
427
170
646
424
165
257
194
689
163
726
858
927
170
756
17
143
830
793
210
328
885
499
509
607
352
608
903
270
600
765
395
457
893
911
707
397
735
621
675
112
344
856
469
550
128
78
160
485
597
332
309
240
418
618
766
152
188
501
210
9
259
796
258
710
119
510
291
111
170
695
759
62
713
575
809
252
424
631
711
757
622
702
280
565
626
731
197
591
786
801
123
85
713
165
765
912
711
650
705
818
467
467
177
78
417
600
353
577
310
604
534
3
325
811
751
252
333
282
473
824
487
738
319
704
260
364
573
549
169
610
604
799
497
302
789
664
554
511
18
744
909
472
549
677
128
77
166
501
380
560
431
472
460
40
277
254
90
144
529
743
345
762
256
719
638
403
529
725
324
160
395
780
2
429
524
127
379
601
809
689
533
637
536
614
288
525
177
467
730
928
294
357
877
3
681
33
505
440
875
226
663
517
70
447
674
287
635
31
137
720
123
745
885
596
98
342
379
192
657
18
810
815
125
132
186
673
617
549
404
146
748
809
657
303
6
197
35
740
854
820
568
317
292
890
59
107
208
71
893
270
60
42
478
431
588
511
477
818
856
513
75
239
22
119
494
452
425
647
857
789
167
131
338
100
609
89
567
232
379
288
646
838
349
203
49
509
593
124
42
331
897
23
218
871
650
917
335
673
848
267
497
814
774
868
114
646
698
689
101
428
158
751
717
503
709
221
496
846
384
121
349
106
223
454
424
316
228
361
82
860
826
817
537
107
10
768
401
689
11
338
372
560
187
768
104
355
806
210
759
223
293
779
467
746
595
189
191
469
127
356
24
453
550
317
715
281
554
400
736
828
921
29
184
263
667
454
715
442
753
181
296
132
615
499
645
749
920
869
585
450
164
437
866
28
601
66
432
40
473
291
262
239
235
60
827
779
274
625
630
342
273
859
781
625
643
735
628
97
372
511
529
175
758
658
824
414
708
468
547
651
297
578
834
179
650
697
789
146
108
734
438
568
536
14
907
45
668
143
860
592
172
12
188
501
267
385
807
445
908
618
214
1
265
239
400
655
117
714
140
566
907
351
612
347
347
439
231
468
488
406
140
627
174
139
286
462
478
505
114
302
900
118
282
928
621
395
750
531
760
238
876
148
914
903
312
68
252
699
145
130
710
118
490
175
913
864
362
930
48
195
137
697
287
292
192
862
28
692
357
548
293
518
925
245
613
424
835
583
770
578
20
114
487
709
317
450
793
840
869
631
743
196
151
672
186
896
339
355
833
220
94
214
169
351
797
15
225
393
523
79
355
418
923
500
129
205
674
292
353
619
478
554
552
64
358
475
63
85
268
730
504
198
515
226
231
248
886
558
808
133
2
717
806
490
527
554
411
204
253
46
396
497
785
417
91
76
379
855
162
682
421
751
623
169
563
514
540
901
877
563
526
168
502
49
198
285
763
621
279
246
262
576
573
642
21
535
616
510
569
823
774
137
126
739
659
388
843
915
682
911
718
699
786
512
829
171
830
906
767
91
444
537
354
128
922
132
138
789
151
661
173
434
120
624
385
77
491
138
365
216
69
675
722
536
184
366
833
921
590
763
76
731
372
585
37
873
100
31
179
86
675
479
326
627
437
886
77
748
562
746
862
556
112
439
821
464
801
686
524
574
174
882
795
169
549
41
168
398
550
738
703
17
129
56
486
251
85
243
664
920
172
162
248
609
369
654
52
588
678
176
817
207
637
337
520
75
479
774
537
267
104
156
540
330
521
495
796
163
702
929
857
649
298
142
62
191
671
764
364
755
393
421
830
463
481
814
51
521
777
472
681
638
727
363
150
137
627
309
448
11
822
262
439
395
705
401
22
473
727
665
120
926
274
26
776
48
104
504
158
117
304
450
97
298
484
62
583
503
135
149
798
756
703
670
3
433
191
675
805
2
877
395
814
307
140
742
348
304
165
753
357
386
876
529
82
87
612
729
22
419
581
568
469
491
642
693
592
331
219
348
33
627
820
161
702
763
782
778
106
630
773
881
443
585
251
17
602
270
44
724
189
446
15
243
807
64
532
293
571
384
294
552
381
743
644
13
52
525
168
569
82
157
658
280
357
634
610
874
600
103
80
875
308
902
728
422
636
275
331
360
165
246
581
378
824
401
124
227
914
851
692
418
655
558
857
876
190
150
833
108
720
780
795
679
57
539
856
386
750
181
247
86
76
709
148
204
118
923
46
274
715
148
322
408
541
199
510
30
580
785
764
156
478
741
43
512
834
456
807
776
792
587
920
763
555
611
485
215
602
250
546
740
553
487
301
232
51
227
919
286
721
554
241
468
37
535
268
364
67
173
466
475
179
890
691
151
358
916
208
541
907
374
839
490
626
867
593
187
156
918
608
193
374
822
548
398
790
342
58
133
406
888
754
898
854
710
683
931
779
800
899
100
417
220
790
446
37
196
641
927
622
611
27
217
646
564
573
370
676
742
704
417
649
195
376
565
663
813
183
273
432
751
696
873
97
426
849
822
680
144
770
522
105
857
557
85
906
730
61
629
175
805
927
555
274
772
893
827
568
276
502
640
30
18
199
587
757
38
659
325
550
464
621
268
895
106
61
59
525
92
693
255
543
751
134
468
496
480
688
255
265
518
43
541
889
739
79
351
874
441
364
215
837
108
203
398
198
383
895
315
243
529
544
267
137
788
422
26
893
484
443
603
862
142
505
785
299
375
723
405
150
676
47
315
100
873
8
696
12
355
302
82
805
586
882
338
51
918
268
367
589
624
523
539
280
119
423
786
779
843
45
313
50
464
784
593
11
6
810
411
433
283
300
397
588
546
506
826
811
548
241
275
600
577
671
445
765
337
248
390
761
630
457
708
527
718
654
730
211
769
271
441
385
579
295
312
360
518
866
873
661
573
291
643
792
415
191
84
126
133
831
211
540
373
7
578
16
587
627
473
132
691
341
764
109
809
286
167
54
729
360
624
931
53
230
888
348
469
770
126
121
645
477
814
318
41
186
21
381
874
271
57
609
165
880
548
353
536
572
927
132
325
59
438
136
77
697
909
268
121
453
287
604
743
111
679
837
792
529
909
423
340
761
767
24
320
826
330
464
731
493
861
866
483
319
902
772
856
154
690
766
563
629
18
766
680
816
403
238
837
689
428
843
809
172
866
205
169
856
219
259
581
317
75
487
52
535
437
624
588
814
27
925
279
461
325
718
348
75
774
374
87
158
301
724
202
577
212
314
793
235
107
504
472
117
744
745
270
630
323
206
51
349
76
555
527
601
726
178
219
698
250
663
301
556
792
575
227
363
61
888
181
128
54
385
606
423
79
101
766
322
548
332
151
693
783
50
928
43
73
86
72
749
469
413
477
876
97
627
28
246
434
456
804
93
502
118
507
574
675
273
785
845
332
91
146
63
197
251
906
920
52
694
639
361
57
639
728
123
313
883
252
684
894
71
376
212
784
393
295
574
551
816
44
543
625
843
886
240
752
54
537
900
563
104
802
489
179
610
320
228
561
92
1
709
91
162
713
561
383
552
275
365
812
33
519
222
842
334
200
759
150
582
435
209
173
704
455
722
828
605
443
713
183
561
30
20
718
122
376
119
141
155
578
672
388
624
213
378
192
834
661
493
497
465
884
827
366
334
603
169
254
910
93
161
429
5
713
620
18
497
564
885
816
633
838
830
680
918
896
118
11
196
772
884
619
297
56
695
312
166
852
410
567
244
391
624
414
602
586
300
348
447
264
7
331
588
503
900
501
116
803
488
302
475
887
329
538
40
536
836
616
364
318
781
662
584
239
629
188
56
401
118
4
931
88
167
374
597
751
860
721
480
100
484
547
916
832
774
84
19
825
466
496
46
222
613
407
831
812
298
19
176
146
781
484
371
558
660
200
361
637
292
581
146
844
182
743
61
86
111
211
45
440
431
528
900
897
14
502
699
235
196
748
713
805
609
93
854
794
438
129
697
850
363
902
161
600
673
378
672
41
114
443
382
30
447
757
486
272
9
201
542
420
648
361
633
79
800
120
724
635
662
502
113
842
4
609
608
552
460
617
30
869
556
492
496
284
96
16
478
556
641
849
554
424
684
821
220
492
414
900
909
365
476
552
188
280
159
403
213
842
468
925
309
732
94
333
303
710
784
314
133
529
550
244
598
136
798
246
329
58
148
660
396
656
859
547
530
884
360
270
893
868
229
416
681
761
481
835
22
306
783
183
477
361
246
620
575
661
585
512
842
318
219
55
519
590
266
8
176
270
156
714
716
407
88
37
898
396
163
250
416
318
25
391
228
117
69
910
502
686
342
