10 98 35
9569
9074
9554
8497
3779
1492
1663
8785
2065
4736
646
3726
8229
2718
5139
4757
5857
1732
6288
7580
4748
775
4681
7979
4882
1516
2474
1216
4334
4052
2606
4259
2913
7415
8806
32
4077
1711
3100
4363
5154
5533
8881
414
4810
8552
9752
3527
1982
6728
1374
7748
9755
6087
9713
8630
4109
7672
7910
3258
3095
8370
9098
7753
2459
5114
729
8096
7928
6961
4630
5065
6581
4153
6226
6810
334
669
969
76
1459
575
3358
9363
5459
9376
6979
8171
3419
3670
1961
3555
8809
1899
7664
487
254
793
48
95
94
92
68
3
86
43
20
42
79
92
69
93
31
97
59
1
84
10
90
15
46
79
53
34
91
63
10
40
18
14
62
30
51
