9 9727 9594
7986
2325
2140
2727
1394
4550
4528
5445
5512
2766
3828
372
7215
883
2391
1049
174
645
422
3538
6028
5465
651
1340
7062
6814
6724
2937
2090
9637
1305
8595
9083
6955
390
7136
3197
1218
4614
4565
6753
8811
7001
3589
4284
7948
7148
8875
3887
5167
1016
2903
8856
9894
3683
5492
1023
2590
5879
2740
4774
8136
3994
6185
3348
6756
6035
1988
3094
9840
2536
6052
1829
5785
374
7925
8337
3535
4886
2887
1626
5923
3354
2153
8656
2452
2719
9009
1914
4940
196
9255
9106
4019
3980
5446
9817
7954
2656
3839
228
8497
4134
4656
3627
334
2635
2326
5527
4410
1542
4949
2589
1006
4727
1796
4109
3248
8767
5604
3658
9274
7997
3107
9693
8299
5224
4659
7008
6412
964
2848
8659
5854
6206
2626
8591
6860
9133
6454
2731
5409
8533
2235
2326
2946
524
8724
2149
6379
5978
9029
2058
6719
8244
4578
3243
8339
3552
356
7773
2151
8206
928
5116
5147
647
5379
9874
1729
3201
9082
3792
6804
219
2376
2787
6605
962
7511
5772
457
9653
7420
7999
480
4290
3979
5678
9028
6986
1969
7886
8097
6913
7937
3371
3955
3589
9460
6216
1730
3193
2385
6266
1230
2902
8068
1536
9058
4363
5351
401
5361
8998
3754
1125
262
7732
4816
8589
2938
1715
5224
7974
2233
4135
2395
6299
5643
8219
6457
4508
8949
9739
4247
5842
1413
8514
5829
8130
4429
2812
9329
3674
3674
4062
3989
3784
9117
8042
4720
3401
2259
1396
1966
9323
256
4165
3453
9170
7227
8187
8666
6214
9087
1569
7952
2596
6898
6029
338
704
1717
2455
3257
6962
7995
2041
1123
9406
2381
4100
7382
8930
7576
5866
953
2303
1768
448
2888
3599
8836
1664
4309
454
7372
9575
2683
5049
3428
9161
3184
9203
6527
7502
8433
2309
7990
9016
941
2795
55
3807
5361
9338
9877
4493
3794
7975
1096
1338
7270
1491
4226
1966
7826
82
5220
5370
5977
1267
4872
5036
3171
6734
2175
3481
9171
2950
4315
5722
1750
6236
278
2707
5367
3630
1451
1603
1383
8998
5445
470
6379
6517
8880
7259
3264
9049
3002
2057
9677
2843
8987
4482
2484
6349
1813
1690
5910
7675
7507
84
3211
615
6795
4948
9902
2471
8887
3135
2283
4900
5514
4014
4052
4924
1606
2243
3527
7797
8132
5308
3002
2576
4668
4493
7560
4342
9892
6291
7637
9614
9572
2797
7568
798
138
227
9423
9740
1022
3847
9775
1632
7375
9196
6384
3577
4276
774
1126
5653
2344
7615
8740
5213
257
8463
9433
6133
7446
3832
4374
6028
9867
4133
2667
7820
6444
2857
2285
1990
7391
4625
3285
8975
1393
770
3832
1830
9728
6070
5067
1675
860
1308
7017
838
7086
9167
7296
73
2854
3475
1041
8910
2654
535
6518
8522
5575
3127
1914
7755
1281
6971
9887
8372
4603
3795
901
5216
2021
4617
7281
2505
33
7244
9125
8291
5161
7008
8455
4050
8914
8132
2059
3477
8921
2321
5567
5904
2863
951
7950
9284
7240
22
1547
2205
6425
3277
2041
5106
4860
8706
8854
8671
9945
8840
8989
6289
5834
9938
9498
7074
3376
2149
4483
9890
5814
8531
3595
6871
8229
4246
6676
5654
8717
6055
1349
878
7098
9555
1872
9837
4893
5396
1979
5594
9441
5539
354
7716
6634
95
469
5511
4695
2515
6969
2644
5083
1756
5709
3616
1742
2654
8432
3729
6900
8998
5757
6227
2037
3996
412
2613
4519
7044
9031
7756
8037
4484
2129
1010
5606
8624
5657
9024
5120
7180
1874
1351
9726
5583
1638
6729
5980
8239
5878
4412
5835
8856
8453
6828
5742
5881
6440
6187
8206
4511
1811
7459
2009
6815
8004
8686
7333
5286
2688
6592
1789
7505
5343
5044
433
5134
4568
3176
4811
498
5917
9877
1453
3243
1186
81
3917
2522
1121
1851
8349
6225
1137
3505
1721
1081
4107
5949
5463
769
6228
3966
5542
1582
7816
9860
3683
6934
411
7630
149
3575
417
2245
9365
3348
7194
7239
1346
2539
960
6458
5969
9304
3489
4665
4501
1083
3963
3257
8187
3873
2056
8243
3240
9588
7201
6365
293
1075
6316
8860
3805
2968
3348
6554
1602
3532
6006
1352
3140
8819
9994
1580
5018
1802
2378
617
9985
4123
8866
4841
3815
4178
5522
5290
1899
1584
7800
7472
7608
2549
4424
4428
980
2623
9124
9789
5760
5681
1993
3755
2492
2772
7226
6318
4124
4384
1443
8133
3236
7299
5655
3233
5478
1053
8004
8816
8104
4542
1631
5869
6265
5274
3445
1738
1435
5286
1357
1429
6015
6624
2515
8412
8380
2073
6211
4976
829
8280
1647
2988
3266
5836
2304
1760
2737
762
379
6690
760
9667
3961
835
3237
6011
2293
8139
708
4314
441
803
8519
9546
5891
7459
8740
4409
2909
6951
2620
4311
3826
2963
9169
6988
723
449
3559
7322
7211
2991
2118
2709
2827
5339
8396
8025
9143
8936
7787
6843
2147
2370
7538
2555
5954
871
2695
6548
7554
4230
5411
3825
5105
6022
1028
4490
2064
9058
1227
7342
734
5190
5145
3651
6474
5970
5658
2711
2088
145
8951
6417
1519
1080
6621
7269
1225
2517
3833
3710
4126
6394
2081
8365
1204
2458
2573
4058
4996
5805
2303
7619
1239
5791
6161
5111
8787
1854
881
571
2476
9151
2565
7225
2572
8681
107
1886
7155
8900
6807
794
1744
8578
8983
6530
3936
5979
9477
2825
4397
3237
8603
5967
8078
4461
8292
1993
6338
2595
5483
8321
4271
9325
2769
6494
7055
1214
2493
6606
6695
5087
5046
6109
454
8502
4475
1139
138
9084
4416
1334
848
6603
8768
8677
2919
4233
4392
1609
667
7674
1077
3789
5626
4910
20
6694
3078
77
3161
2980
1752
5466
8747
2950
6532
5289
7673
4586
6918
4932
5212
941
9408
7478
6956
198
8720
8084
2818
3136
990
2619
8519
6093
2364
6034
7428
9506
917
3555
7567
1137
6543
6474
3264
5709
4425
6518
7532
4266
1021
3892
1298
9214
6417
5916
2570
303
3757
2441
9109
4486
9130
6231
3752
3977
7709
9232
8997
2618
3766
4389
9397
4052
9910
7609
1324
3579
5784
9708
8090
6718
6051
3169
6255
8109
2901
9964
5319
3490
5321
4484
9776
494
976
5280
8277
9684
6193
4460
5740
5634
7082
4701
2315
5411
8028
6090
1203
6563
3311
6486
1665
4807
5582
5796
3660
5835
7481
2100
4494
3737
9744
8760
5919
708
6501
4813
9613
577
5892
7487
7670
2348
251
2954
9128
4698
5347
8249
9233
1840
4846
5647
4405
7200
125
7364
5298
2117
8079
7199
5190
8283
4239
6268
3572
9573
9802
3397
7011
4599
8546
5069
3175
84
1057
7591
8661
4785
1920
784
5726
2299
39
5385
510
1113
2190
7778
5698
8232
5577
7506
1554
9185
7737
4278
2154
4665
8621
7056
8365
7693
9559
9812
8010
660
8158
8642
4473
4765
6221
2612
2390
6956
3444
73
1977
9842
446
8010
2509
1714
8504
1238
1223
2458
4283
9159
5361
7428
1279
7635
1260
1233
2967
8681
583
3802
7056
1188
6095
9411
873
9096
7989
6153
3181
4102
6448
9388
9477
5196
8905
8775
4555
6004
4992
7829
6914
5558
4194
8811
3790
1191
9071
5273
7457
5581
6088
6051
4697
193
9904
3766
1198
7062
9647
7534
9796
5013
8829
9363
4490
1736
5389
5651
1188
5232
5870
4802
6890
5523
5288
5205
5085
7656
2936
5643
3052
3275
2085
5152
5340
2961
2580
1010
5254
6865
8503
2822
7724
3506
2168
6398
2391
1357
9087
8835
4398
9558
676
2717
129
3111
1672
2218
4261
7512
5671
7531
9052
1706
261
1832
7848
7926
638
6668
1194
5076
628
2
6305
3001
4638
9961
9116
656
7187
956
921
8473
2074
32
9591
2726
250
4382
7693
1746
1137
5083
1623
9944
2238
1812
4916
6803
4045
4016
5614
2558
6132
2326
2218
5651
5547
5626
4586
9903
6407
3490
2077
5952
59
8397
517
5775
4409
3177
745
6627
3838
8596
2600
3702
9358
4677
9192
7941
6605
8339
7318
8210
4952
432
2848
4786
7302
2060
3753
3686
3938
3505
7650
647
6012
4757
148
2835
222
10000
5717
8802
221
4987
5674
9798
4393
9956
645
1424
8272
26
5279
925
6574
1879
8458
6846
3802
2731
7054
4064
7060
6005
4505
2332
6578
7094
2404
5525
4397
8921
4639
4307
1394
1511
9056
580
4805
5889
7103
4780
5630
1446
5096
92
6636
7476
672
7080
6573
602
9441
4713
2949
1058
8405
2700
1528
836
7742
2678
6077
5362
8746
523
6146
5192
3181
4656
482
7950
7305
9228
1910
4955
6956
4447
7394
8948
6040
3072
2593
5680
1187
8102
2454
2640
5212
5817
7980
7929
7170
7214
4737
4244
2761
2660
8946
1153
8244
895
3562
2738
2652
4101
8097
4353
486
5013
9743
5107
2844
6284
4525
4673
1675
6854
8530
6393
4201
3073
2486
4796
716
5573
8006
5569
725
8084
5140
8179
6490
1285
6046
7447
4631
9366
8381
1144
4335
9067
9131
6526
2374
8103
4814
9114
3361
5262
7942
6460
8203
194
7397
9872
7156
6158
3741
708
6767
7582
8511
7963
3309
4930
2521
6294
4549
1100
6088
2702
3546
7208
7184
2278
3779
2981
5209
6986
2728
897
5772
1973
6106
382
9249
6153
3968
2567
9230
7849
9126
5378
6099
5289
9488
205
4468
1228
7060
7116
2023
3578
1314
6396
7371
2823
2667
2635
8100
5108
5830
5832
1650
973
1991
1892
5362
1561
7726
36
5027
4397
729
3678
2529
886
720
1342
5143
2014
7983
2881
8545
8209
5219
8519
4028
7525
5858
877
532
5666
8032
1702
8527
4366
1770
715
6989
311
9885
9224
8884
2408
6435
5567
4427
2635
4467
2861
2353
1999
5167
1015
2427
3441
4106
2433
6630
3231
7259
2285
9906
3253
9520
4771
1985
1644
2319
767
7333
689
3622
4153
3635
9314
131
4947
8094
6360
41
5370
8228
1941
7062
7909
5632
840
6318
3195
3428
1361
8695
3041
4661
9884
4354
644
4945
8817
549
4882
5578
8111
1147
4184
4294
7406
2355
885
2250
4017
5654
5849
5466
1700
9159
9848
5963
771
5781
9955
9365
7219
6069
8796
7332
1444
6814
9239
2519
3362
6944
7531
6299
2700
1730
8987
6966
6768
3169
6564
2412
4227
9906
8504
8784
8781
3894
2901
4204
8102
4851
8114
153
8236
3783
6285
5212
1835
3583
6125
7841
5391
356
9721
5594
178
6360
1546
4833
2558
4944
9554
4069
4888
8336
3478
7853
6886
5281
218
6577
1644
1875
290
8844
7256
9477
2009
8881
5753
4648
7915
5017
4384
6850
1975
7742
3574
4706
9768
6879
2749
2165
5437
7927
4106
2870
9518
9981
8626
9333
7683
1685
5919
4671
7423
5924
4003
7561
8225
9301
2197
4032
891
5808
8092
8588
4624
8000
9562
1927
2360
919
7220
9822
3253
5314
3668
7160
5427
2372
7035
8983
7465
3177
6541
1344
2164
152
9497
8194
7454
625
1045
2331
6957
4349
2625
7111
8735
8080
5319
8561
7689
4735
9361
9424
4831
4156
8496
7066
1740
5309
3903
5095
3020
4127
9258
7386
6541
8101
1056
5007
1518
4831
6812
1156
2027
4995
9282
3385
2828
8651
9690
2989
4265
6027
8123
3450
3198
3837
6330
8330
6519
2729
3428
4355
8731
2755
1642
7610
4171
6663
7611
5341
7051
9936
693
4800
373
3388
2987
1782
740
101
1940
2647
605
676
2693
2498
5994
528
1600
7705
3186
9891
7794
6853
9652
3531
3814
7310
7874
8976
3884
8203
2229
841
8822
3386
3748
2432
2691
1922
2855
3808
6836
8082
5190
4368
2141
7237
2959
1677
6106
359
2060
1733
1425
4380
6119
3607
994
5666
7358
2373
4565
9922
9766
7683
1095
3254
3608
355
6771
9203
2339
4605
1378
7653
4224
2956
18
2219
1262
2391
4586
4419
9093
6444
959
9493
7221
5786
2608
1642
4696
4667
9087
2893
1065
5520
8612
9889
40
3344
2277
4217
4333
3185
2498
6095
722
9078
2512
3109
5337
3476
2697
7541
483
6192
32
4803
7601
8684
679
7120
8343
3513
815
4472
4950
9369
5856
7018
3416
5134
6114
1333
791
8873
5824
3701
2148
9827
818
2029
802
5665
5772
1843
3323
6618
3540
4614
715
3675
446
3644
1974
6992
6575
4842
9288
9669
918
8374
3321
1568
3113
5330
7537
4474
4172
7420
337
9838
2435
5373
8583
8871
7731
3418
1115
2719
9541
4463
5318
8882
3775
101
5459
8722
70
4866
4217
9831
2271
3366
86
3942
9696
3767
8146
4429
980
8193
9207
1146
5967
4150
7561
436
8732
3080
535
4858
590
675
764
6895
4429
948
9869
6419
5774
4138
6105
1531
5878
1965
5060
2974
207
2682
9669
199
6479
3321
6776
2284
803
9419
4865
3142
9055
6250
3138
7227
5959
7337
8044
5360
5379
9857
2887
5863
9246
948
9814
5291
7402
2865
2892
1669
1653
8024
9921
3499
1194
7056
278
7769
420
1458
7289
3812
2689
5380
5753
5884
4117
6774
2449
3208
1278
8670
6947
7915
4631
7992
1079
2496
4570
5821
4197
8261
3067
6416
8413
2748
8665
3751
3505
4120
3938
4781
9557
5319
2522
2243
5850
5784
9367
3534
6857
1531
9011
9596
4879
2867
5021
9105
9406
8213
5010
2795
1276
2285
7851
3086
2645
5566
1602
5820
5990
41
2291
3283
2006
6625
3414
3019
4157
6730
8034
4578
8727
5963
851
9236
3635
705
9209
7764
6744
1541
9798
4573
5096
1620
4487
2452
3064
6796
9156
6363
7734
4212
3968
7056
8007
9868
7341
8547
1766
6676
1835
1366
4222
6343
2765
481
7823
1075
2960
2503
8375
5460
8958
2950
3651
811
3230
1567
159
8579
550
6384
6303
1174
5323
8660
3541
1940
606
4912
3408
4295
9777
3955
3052
6958
7871
4536
973
8386
9291
8965
3642
6815
1671
4949
9879
155
7063
4800
3811
730
5661
1194
5768
6887
11
5236
1218
5712
9872
9869
485
2205
3399
6813
8660
2425
8595
1977
9231
9306
5837
4159
6699
4508
3865
9677
4091
3315
4324
8227
8580
615
8412
4753
1100
3383
2983
6835
9959
5370
6381
4700
6783
2772
5089
2489
1238
733
4000
6062
4681
3725
5093
2703
3762
7285
6660
3517
1003
8827
8725
3596
1136
6565
8517
2259
3353
1245
8326
614
3981
9646
981
5479
9461
6826
4335
7530
8763
575
8652
1941
7278
3474
5378
6884
5703
5414
4244
1395
1425
6802
9346
831
606
632
6386
6239
1917
8056
8783
8457
895
4197
5673
1163
4547
4427
340
3520
1746
3604
4377
6708
1568
4793
1680
7248
3697
2195
1990
8212
6506
9197
8986
5634
7458
2736
2242
7650
1599
6055
9682
1651
3682
8057
7278
5808
5701
6072
4951
8980
1910
1190
2688
7308
8997
4929
4718
3229
3614
6672
9791
4056
9299
526
8563
9904
2366
4887
7127
7050
5571
4870
8190
4698
8051
1418
4746
1690
8900
7160
6963
2291
727
5967
3825
8924
7713
3289
6152
8090
2924
3398
1094
9815
3936
3308
7760
3975
8285
6634
2989
9179
7514
8503
8112
8150
2200
6768
6924
984
6493
6766
1853
2002
8414
1902
8220
4687
3290
6919
2782
6818
2601
9005
3154
6180
8711
1394
1670
408
7644
614
3420
5654
5033
7259
7464
1686
6323
5910
8123
2055
8683
9000
2231
139
155
4396
8152
732
7655
1672
7803
6916
2155
9808
3562
1935
4958
9822
6622
3648
2403
2
6631
5728
9339
7320
9377
5504
669
9856
2339
4562
3427
5996
7228
5657
9180
2946
2701
8570
9491
6541
7552
8972
2190
3677
8511
6791
4192
3351
5462
1238
9066
2224
9132
1810
809
2947
152
209
2539
1627
9499
3264
4769
9846
558
4119
1069
1379
1197
7031
5062
1420
4511
773
6199
6102
9485
7936
2051
4359
9910
7201
8231
6176
6947
9835
1131
6012
4182
2851
5807
493
5560
7955
7281
3816
4614
6882
9751
9868
7751
1420
7895
5133
3715
8171
6429
807
4785
2236
5965
7507
3637
5234
1619
7546
9697
6186
6371
5542
5401
8651
4370
2963
3181
4411
2835
7988
8943
3020
453
4238
15
421
375
950
207
343
8872
4563
5395
7540
4116
2689
968
7611
5353
3593
7681
6780
9168
2436
4091
1836
7887
1217
2204
5864
7516
1602
4327
1388
947
4151
619
415
7692
6364
9761
3221
9068
7524
3881
616
7091
9208
2904
8208
5683
7031
9961
1394
2693
8871
3254
9385
9451
1750
1118
6710
8519
6645
7900
3994
8574
5575
2463
4732
9908
917
6109
3001
1222
3573
4108
6543
438
4934
3838
1574
33
7039
1816
5595
6968
1004
6709
5158
7380
4997
5647
1942
5927
9958
9415
121
3058
7823
9018
9387
1896
1152
5150
5699
1295
11
7561
5926
4510
9660
27
7960
1961
5235
4434
402
6351
1645
5756
5445
8591
5512
3291
5828
619
2586
6215
5004
8172
3149
2661
3547
5753
3757
1068
1485
2344
9876
6310
3724
671
9204
6800
5870
836
3196
9493
3223
146
1503
2075
1013
8516
3035
8483
7624
4693
3626
8414
5381
8141
331
4346
5468
2051
5683
2967
2912
5649
8426
5787
898
1022
1869
8341
3214
9666
6880
4170
8228
4050
7216
4836
9845
8198
4098
8677
9001
4776
8202
3638
6249
1072
1160
7254
8059
9308
1629
327
9192
4952
9476
5129
8645
1619
6824
5398
7977
2048
7794
4245
2524
1272
4415
5080
5805
6537
1882
6749
468
4608
5885
9776
8381
3634
1439
250
7636
9973
7847
9593
1649
8656
4660
4235
5311
585
7808
269
2872
9157
608
4266
5429
6860
1028
1583
4604
9267
8892
8600
2232
2478
1451
8372
7790
9381
1353
6063
1180
1416
8138
7999
5322
8131
463
1456
7353
5998
1022
138
8268
8537
4413
7083
4109
5301
8657
6333
2630
166
9092
1117
9008
8874
6260
2579
7712
9286
3217
7717
5700
9099
2652
6107
771
3384
7685
9008
4060
7710
9766
6918
6677
69
3791
2066
8948
9065
7821
8856
1272
7975
1563
9883
7294
9159
7631
7228
4849
7616
1684
8363
1577
4888
3346
6985
4019
973
2976
3241
4129
4171
5641
3109
9886
8372
7399
2064
5875
6113
6070
6259
3747
7718
3932
4386
8800
5758
2058
2298
1726
9775
9512
921
6597
4971
18
8782
9816
4199
9353
5057
9779
7000
7984
2664
4617
5008
6129
4661
2016
2402
9687
8825
66
3083
6651
5806
707
7823
1472
725
7326
9118
2267
7590
2461
1043
1175
1508
3501
2597
2824
3136
420
5858
5666
4502
5526
196
5613
8953
6603
7262
8987
321
268
76
7275
8857
3886
2704
4858
5517
903
8226
452
6139
6519
7964
5031
8001
8211
336
8414
7453
2494
5322
9025
16
4755
1410
6746
9826
3954
5039
3410
570
5792
9379
8154
1791
2881
7293
7033
3133
6203
1986
7774
5423
5221
3471
6919
8917
630
2760
8182
6588
2053
4544
5542
7489
5291
7121
4368
1231
588
8876
8454
6947
8870
2957
5056
9997
6163
612
1837
938
8155
6513
3524
8730
6292
9646
6129
2684
9512
1891
1738
2588
2804
2627
6277
6458
4115
9619
2192
7738
1119
1125
1008
4518
8287
4826
850
7926
3919
3653
6506
413
961
5617
9850
8835
9115
8948
8700
8780
7032
9232
5298
2840
3927
5430
3250
9411
192
7896
3232
4156
2078
4745
6482
6942
3611
6610
4098
9277
2153
5299
1242
9755
8183
5358
5547
339
3126
1310
7580
790
6650
4330
8041
9574
4602
7916
7347
556
7025
5506
7674
8376
345
319
8353
3826
6572
5698
8174
2452
258
2799
4031
2896
8021
2072
7078
7311
1817
2464
3094
4137
6702
2147
5384
7351
1414
1505
9566
4656
8270
9457
5328
917
328
6567
1028
4665
1757
5408
2529
5693
737
2243
6224
5424
6821
5863
8506
8352
7037
9574
8381
6075
4531
3758
4111
5780
5441
7104
3351
7231
2361
6460
7106
5627
9495
1209
8231
7375
7109
2986
3646
5049
1326
2631
1371
3929
7367
895
5633
9242
942
1150
5665
9022
1541
6654
4491
1817
7149
2783
507
2584
9068
2902
4950
4921
7894
4485
5322
130
2989
6251
764
4432
7966
5727
5173
4567
6095
498
5977
5679
2580
6247
3583
1010
6214
5283
2638
3568
7436
7452
3302
297
3874
8349
4025
9171
2702
7695
9085
8283
3271
3373
5379
7335
5915
8285
3178
4372
9021
9647
9167
324
8740
7295
4259
2053
825
5066
7733
894
6841
53
3126
365
8619
153
8947
6680
2067
2885
42
5864
9685
2713
3683
1931
3484
9231
3557
2309
5843
7196
3516
7482
8061
1625
4923
2031
3033
5644
8590
6510
1184
9156
6970
2070
9346
7461
379
4462
9524
6573
9849
5436
7333
6672
9794
988
18
7994
9950
3609
2395
8914
4663
5694
3895
9654
860
9902
1597
1821
9657
4870
4042
7130
1083
2479
1438
5644
4873
7907
4343
5665
7922
7832
9836
8382
4812
5490
165
1844
4275
2641
2602
8287
3324
3680
376
7270
2715
2285
7858
1068
3286
8579
8551
9579
9983
100
4135
1360
1209
4899
9452
7722
9396
8490
3145
2296
2730
2029
8883
5372
7353
4401
8145
8325
3124
8245
4358
8633
6794
3600
2245
6374
7946
4886
1068
8913
7097
5282
7744
8575
5595
8945
6119
7928
2424
1310
7654
9062
4420
8396
9274
9210
2146
7826
2339
1240
1924
6830
2712
3034
8440
5019
8080
6848
6351
171
7778
4965
6346
8561
3965
3234
7285
5075
3783
1085
8776
7524
3348
2028
133
7547
4159
6205
7015
3697
3988
8693
9177
4701
7238
4697
1498
1686
5822
6175
3347
2742
1844
2059
3132
2566
2928
9349
5645
5153
1637
6252
4324
8726
3053
1129
4092
6944
5407
3684
6139
3232
3969
3554
1937
6326
2087
3608
1132
3674
1603
6923
8519
4603
9742
2153
6691
9795
3720
9761
5010
561
1171
9398
6456
3376
8018
9147
4431
6331
464
3211
3522
3026
3026
5866
3718
3655
9551
9764
6097
6461
4162
1209
748
2540
8579
2250
5648
9180
4841
9279
6820
4966
2034
9241
9510
3468
7423
5654
3541
7962
1909
9037
5489
3075
2656
5592
6652
7053
3807
5854
780
7311
5878
8004
7070
2679
3466
1204
7137
7897
7594
9162
9850
3629
6540
5705
7964
8737
927
6746
7178
8093
7804
2020
638
1039
6213
1055
4218
4439
9078
8359
3623
4073
6851
1093
4484
8489
7922
5543
7652
2836
2157
1996
3221
1191
9923
6345
7724
6759
1479
591
5658
9448
7182
2602
7242
6672
1454
1711
5554
2018
8938
733
8242
9465
8753
5019
727
2000
5320
4885
8326
6563
5282
4831
6908
325
9460
589
8131
5444
3249
5404
6763
9738
3088
6104
9981
3087
67
6544
1138
5725
1452
2296
859
5319
1547
3688
3806
2392
2068
2608
2371
5465
1806
5754
4907
7816
2111
8993
2332
3351
4160
6489
819
3730
1408
9
5987
9402
6052
6801
7585
6310
3410
9718
5454
8159
9490
9086
7902
4050
3032
7138
5036
6596
8236
3677
2680
225
6714
2342
4912
8973
4259
1815
2957
2876
4057
622
1557
4355
479
6280
325
5133
2464
4927
304
9021
3535
9551
8224
3666
1965
7185
4656
3248
245
6164
5051
1017
382
5540
7493
5634
3252
4767
3678
7194
4741
991
6779
1318
6803
933
6991
9783
8554
780
9964
8216
3259
1894
9533
246
3782
4248
3783
7381
8395
4473
5328
8904
2559
4412
4679
2601
7956
6598
4691
9773
1488
5988
7814
1471
7253
5220
128
9551
9249
4624
716
4782
5284
7358
9000
2305
601
58
7173
907
2641
5214
3083
11
9121
3874
6663
7605
7791
106
3466
515
9899
4464
306
8953
9436
2263
270
9533
5233
9651
8065
370
7122
6858
2031
7187
786
6779
306
7876
5662
1791
3093
950
2110
955
9351
6332
5022
8803
4075
1517
3959
5759
2576
1786
5372
677
3630
8125
1624
8744
4100
275
1350
4104
3382
4897
3617
1659
9851
1335
2467
7485
3715
8840
5270
538
580
212
3783
4076
5920
2565
1127
2718
9541
6587
2118
8512
2276
9141
6322
2531
468
6966
3083
6983
9853
5961
446
5540
8824
2505
8855
5080
2723
384
1710
8735
8678
177
3707
2357
709
7647
34
1757
2959
7321
2519
9231
6744
70
241
312
5703
2388
8295
8220
5663
6453
8660
3375
3145
5851
5696
6965
9146
9297
5168
4762
2021
8716
250
9614
1060
9386
260
230
6848
6375
6446
9777
1919
3672
6686
4285
6527
4638
1608
3853
6827
3371
1573
7808
6940
5608
4484
1889
4771
6957
6644
5308
7857
7886
7107
9399
3000
4057
2791
9476
9645
9435
9195
4006
8828
975
1649
1058
4689
8833
6426
6772
4575
3739
3028
7613
8990
8843
2087
7809
3456
4516
968
7407
4150
7829
4482
4746
1989
4590
1185
470
8884
9639
3189
3567
558
6803
9586
3096
8913
6065
4547
6659
5146
2094
9162
2898
8026
9484
5040
6466
5793
688
1990
7692
7526
4856
9030
3148
8937
7534
2410
3199
15
6435
8607
7704
1768
8585
7609
736
1646
2319
3192
1676
7524
4214
8050
9535
2543
6674
1850
8185
5281
8470
2332
9949
9444
7016
7693
6973
8774
3498
8847
8603
3034
249
3560
9776
3897
8016
2797
2348
7936
714
686
502
3518
6543
6378
9197
176
3894
9924
2665
173
3788
1838
4595
4252
691
3855
7481
4819
6281
5172
5095
1089
6563
567
9309
3169
1953
7709
9583
3470
2636
7932
4122
3207
6067
3812
5082
271
9660
3275
1988
7795
957
8916
7743
3949
8232
5052
2641
3427
6186
8926
3685
2835
5435
8255
5523
3856
2696
2766
3935
491
1948
360
5394
6461
6932
5137
5559
8461
9444
114
7841
5431
5004
9223
1349
5191
7345
222
6840
9412
2929
5547
7214
328
1561
9585
5867
8440
4728
29
5902
5077
3387
3619
5775
7325
334
7808
9245
9642
4615
82
5104
79
5234
1353
4870
3475
9129
853
6586
826
3695
8452
5494
9057
7272
7011
9796
4651
3701
3888
6277
6490
1765
8981
6409
4853
5186
3221
1366
569
7333
3220
2210
2810
4017
8516
6387
2188
1617
7250
8160
6758
1757
348
4963
5236
3604
6078
5266
9095
8151
4166
9057
8522
9337
7735
3827
4614
296
3827
4767
4923
8317
6694
5249
1490
220
8016
3516
6430
4289
3009
6694
4149
5696
7305
7904
5676
4392
8659
7174
1444
1802
8558
4903
3896
3739
9558
3230
3862
5698
9121
252
2180
1405
7532
2926
6808
7516
4167
1932
4266
3153
9859
33
9405
2256
5733
2334
1007
5297
259
5377
2928
3591
8463
4000
4952
4208
6587
7007
6492
1943
1034
8999
2750
2521
1366
732
8273
9057
7304
2446
9547
8193
4045
5414
9212
1845
2818
1972
5206
2859
404
2882
629
1052
8129
4640
5574
9568
5708
2654
7394
8560
4417
8166
1017
986
1623
7842
6832
6396
6509
9995
1472
1095
2237
5275
2946
2985
7885
8685
1511
5200
9905
3626
6439
766
3482
2192
3875
6790
5867
4754
4911
946
5668
5164
3123
6889
6282
7332
8426
7449
8198
4866
1317
8226
5917
9230
1197
8712
6916
9969
8662
2310
6034
2593
4775
2748
1176
7035
6763
3687
8733
1211
2695
6692
6292
4241
4626
4179
3404
3450
7059
1902
7603
1301
2608
1159
4557
3876
6559
6234
8766
9217
857
8092
8714
3058
8393
174
4996
1213
6765
9741
7206
1934
2051
8552
6617
5161
4316
2202
4565
7617
6796
124
7190
1177
2438
5561
1686
9799
8540
3467
2581
6977
435
4359
4325
4616
8653
205
6496
1639
8804
6996
8298
3690
2226
9063
9407
6546
4965
7335
5547
6052
3372
5612
1967
9547
3066
8362
5583
6517
5688
7469
5503
8600
6053
1615
7136
6463
2263
1203
6115
7575
9900
9590
6147
2735
6236
3002
5355
1995
7984
2347
5720
9118
6761
6271
9781
7554
4491
7573
5735
8761
9720
6115
6867
3940
6534
1531
9236
5906
6219
3327
1289
7710
445
5157
4609
9505
2680
9194
4351
4680
3325
4115
4015
9663
5609
2545
2107
5479
5454
8032
761
5683
4695
3338
2955
4233
2947
1600
1650
2940
57
9519
739
9616
7380
5843
6882
139
5833
6380
6673
9450
3758
4896
3965
2401
6276
1258
1993
9294
9769
6461
2206
6911
218
768
9582
2845
6955
7883
2881
9741
591
3894
9377
4325
6599
8813
8665
5764
5730
4083
3600
4242
5939
7504
1426
6235
2847
7872
2716
699
4273
8829
6558
791
4431
5361
5204
8552
2169
1610
8586
1928
1363
8369
552
6436
9228
7609
4302
6845
1415
1438
5736
8165
4215
1663
2731
5168
4527
1664
5981
9506
5545
575
888
4048
5524
5793
6716
3360
6194
3061
1230
499
1509
6653
6542
4074
9918
911
4180
2984
550
1072
82
9365
7940
7313
6012
8229
7613
3414
7479
8952
661
3162
6606
4349
9467
2481
4468
255
5767
4015
7194
9569
1930
9767
5538
2130
9611
5785
9982
5473
1897
6487
9349
9206
1565
6005
6225
8290
7957
2871
2545
4854
6656
1453
622
4750
1085
670
4360
7334
5772
7538
8119
4377
7164
9790
6886
9838
7763
7823
7287
679
9788
6562
3047
6412
980
8147
9193
2744
301
3765
4226
1327
2227
3924
5950
1717
688
2073
814
1578
3731
4946
1946
3509
5249
5869
1049
2580
2571
1832
5556
5834
5769
3264
1906
8315
4297
7034
4846
2481
4138
911
7967
5393
1051
8179
7634
1737
8697
8113
6160
9249
509
6334
3116
5032
1255
8204
4491
1916
5117
4236
3605
7836
9090
3755
8217
8980
5368
8326
836
889
2463
6512
7960
8699
8599
4223
1289
9842
4902
1280
9641
4571
9521
7952
2145
3397
5983
184
6163
6270
3056
7105
700
5802
857
6499
9065
3549
9727
7246
8895
3668
8451
857
6212
945
8908
6286
7708
4404
4650
4034
6215
8635
6214
241
7748
2221
6870
5074
2936
5859
5142
7972
9885
535
1832
9536
9078
8100
9409
851
6892
5226
9757
3859
4764
709
7968
8230
6498
3892
8602
7824
53
1039
3860
6076
7641
1374
5301
9582
6626
2006
2277
3229
7833
1827
6387
3647
8188
5375
1746
3485
9134
3749
8705
2718
5457
2211
5145
9423
4970
5337
876
109
3244
9210
1654
1993
1859
2445
9630
6658
7679
7534
6328
7597
3570
7922
7209
6086
4838
8008
4953
7591
4232
3927
4592
2565
6895
6363
1446
9106
9342
6317
49
6048
2054
1089
9550
5585
3408
5438
7461
7335
6358
5890
3069
9125
7471
2656
267
986
3036
6763
7197
3097
5562
9407
7292
9557
8207
8562
67
7059
9216
2365
3714
3841
5615
9387
3204
9071
493
3332
4282
6398
725
6941
5120
8991
3421
2408
9116
6457
6708
5957
7499
1159
2606
2500
3902
850
5195
8237
7885
9783
2475
440
7564
4457
7131
2763
1269
4859
9100
8587
7893
601
7425
4754
9983
6741
6289
5896
8469
9089
791
3207
43
5915
5035
1777
4036
5616
8410
8635
415
1730
1737
7895
7729
4079
1697
7285
1022
3196
1984
2766
5344
4606
8235
7392
8933
1032
315
6907
3070
8134
6017
8043
8641
3772
8637
3190
4834
8199
2302
5795
8734
1246
3560
5018
4549
3716
2567
7373
5231
9811
8781
1807
4673
6714
9435
5333
941
2690
7476
1221
1304
4426
5410
6798
8124
3265
4242
6180
6049
9635
4546
344
596
8331
3887
6906
7866
4543
5078
9413
1001
7544
684
6969
8456
9349
7724
8628
591
6870
542
7900
3735
5327
5657
8511
1748
9261
7505
9790
5392
7277
3143
2278
2721
724
5981
4688
9041
7664
1625
9011
2867
7414
2182
8828
3932
6869
9581
8487
4762
7574
4848
8974
3152
8423
3450
5634
1361
9097
6170
1976
7194
4797
4148
131
118
7916
887
7250
9029
376
707
9412
7907
274
6410
574
7238
4629
8365
1197
4008
2655
5231
3925
381
9567
1145
4175
958
6515
7822
9450
5981
6202
8471
3967
6619
5617
3399
9287
1865
5432
682
9042
3704
3486
8068
7223
2649
5453
4185
9447
9274
8850
620
1106
1915
9742
5072
4168
2242
2493
2584
8196
5438
371
9073
9357
5087
5995
3360
3219
6536
5788
1360
6340
4009
3275
859
3074
7157
1035
645
7908
4350
245
3823
3876
289
4763
8688
3564
6102
3100
5281
1405
4102
6944
1817
3043
5112
6933
6484
556
1447
3457
9259
3494
4262
2516
9617
1078
9588
8975
1521
1737
3974
7790
7887
2055
5764
9466
3524
2774
7019
7053
3698
1606
7498
3817
5310
6594
3385
637
3404
1449
2986
8557
1766
3603
6307
4848
6178
8293
4103
4520
3928
9333
2662
9
4717
7619
5636
4505
4670
6938
7449
2047
5314
3554
5896
5906
2836
4300
1309
1829
3622
3504
2891
9051
3988
8486
8883
7120
8807
2454
4359
1390
6807
7417
5145
3238
120
4109
2145
920
3085
329
288
8679
6769
5877
4229
8640
8482
7428
7641
5401
6758
4592
747
7808
7374
90
7674
6847
441
187
9326
7947
4408
4393
5688
2392
4345
1807
5078
4428
235
6611
4974
8358
1708
2897
6205
7938
9631
6494
6737
8325
9082
3863
2484
3187
4513
2202
9321
1582
8311
4229
7656
5641
3717
3953
7066
2006
1365
2926
4627
1941
516
5830
8650
5969
947
2374
5141
563
8628
4175
1950
2044
5276
7578
1803
8726
2835
1860
6310
9774
8678
9010
4266
4956
6189
7843
4288
5101
236
6975
1441
7661
8137
2317
9472
8951
6791
9010
1046
9467
293
3091
5241
8905
3207
1893
9845
4206
3541
9552
1503
6667
5315
4195
4103
432
4687
8610
7768
5260
2965
8169
3998
8125
4992
957
9895
8263
5669
6840
7179
4335
9892
4850
2867
4607
5594
718
1126
3120
342
6892
7328
9744
5649
7401
611
4672
4164
3442
2653
9728
8011
6164
3556
9977
7523
1407
1490
5560
9769
5705
2961
7731
4275
7430
8737
3137
8251
6812
8819
4853
9130
7394
3187
4284
2272
4767
7289
2583
3379
903
4722
5847
9272
2337
8004
2804
8283
240
4905
5895
8081
529
11
950
7299
4118
6402
4289
7146
7197
7086
3293
1451
513
2021
5311
7113
5741
4340
7652
850
4910
5683
5198
1198
8559
4767
753
1701
1573
3241
2718
4604
8638
2342
8522
7431
8559
4247
555
3703
1890
7644
1065
9513
7976
7602
527
9436
2565
8774
5774
7338
3854
5132
1327
6952
5902
727
1610
8297
3717
5171
6803
3861
4867
4008
7227
7426
2068
8530
7052
9799
8477
681
1797
7723
4141
2206
3891
6590
6019
8537
1019
9740
7353
6074
7059
7
4346
5543
4070
9579
1822
808
807
9669
7310
2660
8612
6992
8792
4497
7114
1355
607
4855
411
3444
3439
1586
1206
1236
4378
1769
7123
9069
784
8202
472
6729
1144
7583
5733
5270
9237
74
8369
6235
1843
8964
8615
2342
139
947
6282
1736
8916
2310
3003
7986
9434
9886
4262
8597
4795
823
1211
6546
2157
1281
4537
1649
4239
9184
5694
5781
3497
2517
8565
8360
9083
7873
7857
8604
5721
9283
6619
1688
5126
8758
4003
6629
4817
5383
8463
2792
5255
9319
8328
3827
5410
6004
8507
650
9794
1180
1523
8607
5819
6396
1513
4013
8321
7242
6694
2755
4021
9695
4539
9589
8322
7137
5873
8207
7369
474
5079
638
3150
9625
6898
795
2625
3767
4987
997
5590
106
4415
383
6196
8699
8289
4207
5506
4515
9788
9568
8374
1893
2481
5572
5549
895
9962
1954
9996
8524
465
9596
6966
2199
8785
2447
3746
1896
9362
3954
5853
964
6844
9207
946
591
7238
7764
3806
8253
8012
448
1437
6389
2874
1402
1645
7509
7594
8099
9169
8023
3669
4050
6374
8804
6641
850
7703
9195
3077
9773
6343
7398
2643
6653
3658
4729
9923
6030
7957
5951
9632
2977
2876
1086
506
6524
1441
9566
7806
9069
851
2264
8097
886
1177
3796
9141
9611
5820
1013
8108
5732
5716
1576
7532
3690
5422
7013
2038
5267
8665
6133
1033
8716
2616
698
3933
3851
7895
4787
5715
1431
26
2913
9030
2187
6519
871
5943
1201
6306
4395
3856
7230
595
5335
9907
4931
5006
500
3563
6899
7186
5982
6812
262
4053
2640
4118
6364
2644
3779
6983
8538
310
27
4984
406
3069
6995
8353
1087
6321
4744
5214
5462
2230
7094
6076
2166
3778
1848
8297
2896
201
6609
3676
5299
9859
1171
5016
9484
5552
6996
7180
4573
1236
8714
8009
1629
9659
9882
8634
4003
9377
3661
261
665
3325
28
9583
3435
8371
2013
4991
2607
4099
2621
9436
7046
4652
3509
5908
1310
3899
3337
3708
2077
2737
7382
3977
5930
5891
2385
905
6310
4412
2938
7192
8972
7700
5975
5400
7351
9205
4196
4533
9928
2618
290
124
6234
4166
2618
3253
6409
8584
8879
7865
5216
5248
3735
3368
344
3549
899
4692
8777
5581
4719
5123
2851
5775
3151
64
9956
4742
9392
4398
2413
3464
6869
9829
715
1355
7846
5101
6347
2278
589
63
4070
244
256
6849
3850
8857
9914
8940
3468
8983
8959
2330
7408
6508
5876
7755
9028
9235
7076
4219
6884
7824
8584
7669
4622
2786
8974
3192
6421
8027
5263
9011
6556
4327
8814
9091
1586
1823
2401
4828
466
473
3873
3850
7180
6284
541
3629
2790
3967
131
8977
2436
9177
1662
2223
3532
2088
6792
8572
2171
3875
6208
5852
3610
1864
5474
1038
5099
9717
616
8697
4244
7447
8383
6036
9832
3097
9757
6582
109
6046
2756
4104
9616
9844
9832
7654
845
7489
3929
8510
5651
1415
9117
9242
1607
8017
6398
1504
6213
2713
8940
5870
3933
5819
9004
2407
9072
5647
9075
8761
8894
5000
380
6645
7542
311
7537
8629
5163
2826
9978
3018
3654
860
635
848
86
1083
6481
7995
1850
1548
4921
2675
3913
9628
2621
5210
7402
4731
8287
1953
9420
2241
9591
4574
9426
440
8589
602
3823
8423
6336
9167
3418
3088
3789
1472
2794
6216
6075
8454
8813
9520
2618
1685
4594
9334
7894
1452
3647
9195
276
6120
4701
2391
4635
7607
1820
6705
278
5126
4862
877
1355
4672
4218
9704
4280
1037
3659
2864
1481
8685
4061
5945
3894
5036
1933
2946
7591
6720
6574
2353
2547
8113
7930
5750
9462
5845
211
438
8637
6763
8405
3786
8440
9774
6380
1315
5290
6112
104
6634
9129
3049
3643
1212
6763
8029
3411
5246
4333
4743
4626
8329
3040
9997
6108
2628
3181
3990
2598
2857
6521
9820
4022
9226
5932
2164
7950
528
6709
4056
7947
4424
6826
1957
6671
7955
3546
8410
4962
2576
5381
8461
2453
427
8731
4600
5419
4116
1895
1627
323
1642
6461
2172
4689
6660
6612
9294
5976
5428
34
5455
1821
5271
8539
695
7777
5433
4935
3431
7933
7966
4356
6507
8239
1953
6667
86
8665
3121
4354
6918
8362
3441
2398
3719
2017
4131
5115
2999
2612
5721
4411
10
5305
5542
7334
4183
4064
1240
4061
5100
3761
54
2318
9400
6692
7615
3330
658
8668
9725
2431
5830
876
7873
7768
3586
6035
8345
2752
664
3848
9695
4330
8227
1758
5913
4112
5126
9823
269
9766
7821
4139
2090
4352
6551
1858
4470
3270
2734
9199
7949
5703
4043
6858
7144
7376
6376
3313
1698
3274
1147
9620
8207
3962
9894
2805
9252
1507
1823
4761
8437
5751
3559
3949
1500
5673
4622
6066
4705
4903
9120
777
8249
2281
5734
2689
2311
9457
2004
9591
9689
2500
1708
5981
9924
8153
79
1257
5849
3356
2466
8726
182
1980
5229
6566
1488
6174
3788
5059
8039
5915
994
7908
4129
1345
8108
5976
6649
3219
8329
5486
9445
2095
1550
9944
6712
5686
356
611
8915
6524
5890
6018
4926
259
2647
874
3928
3621
1007
1727
6499
1361
7254
7297
6012
737
3629
4586
3613
9697
8411
6923
6394
4528
301
8305
5886
9250
8416
869
5245
4598
5605
5413
8032
4439
1796
9671
5677
2827
1314
9720
4599
7851
8650
9990
8029
2921
4885
5204
3865
6725
5417
7212
8339
6268
2227
3639
5842
5809
6585
8996
9974
6792
5606
8067
8114
6063
7938
4607
9371
2796
3051
5474
45
9949
1999
7141
6522
8697
3525
8973
9617
4263
9720
7227
5067
263
157
4191
5160
1838
8813
5121
1540
1741
207
144
4149
883
8044
8731
2278
273
1238
4943
8856
5182
345
7463
9663
8476
659
9947
2604
9202
1047
9809
3815
6582
7482
6851
1400
8503
914
3261
7811
4889
1247
7503
1142
928
858
7273
4151
5291
8273
4591
7902
918
4922
4458
6096
8551
9666
5748
1175
6758
6700
7284
9124
5001
1871
6803
8641
3565
5965
8290
2258
2226
4393
3321
6044
9237
5389
667
6076
1719
1681
7653
6206
6007
8256
4299
3539
1087
1807
4462
6080
3513
9549
2687
7417
9433
8631
4542
8645
4772
4275
3881
6589
3122
7324
2658
2185
9732
3667
1803
3988
9485
5782
1436
7624
9790
7148
8480
3028
2722
8686
4584
8584
1927
3854
2063
9955
3217
1729
6535
387
9209
8579
862
338
5054
7268
5076
3071
8334
706
1343
7609
53
7833
5655
3631
2217
3039
8415
7350
4964
7951
5530
4042
5984
6165
6385
2053
9154
2322
9054
3851
1157
1106
3970
5809
8504
1269
8102
8178
6734
6033
6655
6066
9646
1540
1991
9997
4202
5655
9952
2047
9601
7899
4394
1757
5690
5981
9333
6826
3250
5953
8296
3204
4640
3210
7847
2360
6787
5167
6807
1563
8492
9246
3731
3199
4407
4022
1638
6330
8930
8265
6085
98
4879
1071
4019
4609
7501
3072
9495
7992
3379
3841
4359
2151
1312
6609
8445
3482
7579
9989
1072
2374
8215
2674
3337
7365
1145
3449
5918
4187
796
4810
5621
5339
2898
4796
8582
9483
6904
2748
4593
8084
1396
5260
5992
9531
6924
8145
6689
5456
9440
9590
6241
5328
2526
782
9812
5157
2814
5817
3982
9295
1063
2379
407
9243
747
8912
9837
2289
3843
1427
8757
2477
6715
6396
2370
8405
3907
7403
176
7825
1899
5491
7180
2211
7101
2647
4999
1334
91
6610
4097
3042
8515
5284
4638
5567
243
5269
1896
7876
4415
3221
1660
975
6306
9137
3809
6551
1461
9327
3721
2387
5695
8150
9929
8550
7848
37
2154
9101
2925
945
2040
2576
741
7880
6390
3826
6760
2919
9675
2416
7503
4846
922
2522
9644
9034
8403
4141
5080
867
1354
4752
8667
8037
9428
9432
7172
4427
3737
7136
334
6388
4722
8550
9842
6936
4028
4088
5153
2024
6645
8303
7215
694
8903
758
9354
913
1020
4881
7897
2491
8205
3439
3525
2524
5472
8539
7078
8493
4083
4575
9157
6274
2271
7392
9138
9826
2194
1521
3581
6539
70
6009
3861
2105
5757
781
4037
2479
6111
5136
9439
5248
2804
8433
2478
7455
6870
707
477
8638
3696
8311
4503
448
4415
5352
328
4177
7333
8182
2419
7749
7756
3460
6262
5478
9677
2943
736
5152
8596
6678
9543
2285
7370
5103
3540
4877
751
8930
7692
319
6349
1172
857
143
3989
6407
4763
9271
6461
4878
9899
2189
9878
6471
851
6260
5279
8708
2631
6959
7940
9131
4474
4666
2058
9352
1574
9206
2410
2272
3788
6367
1305
6238
6269
7655
2466
8347
2869
5928
7669
2049
3453
6100
1007
1540
6199
8773
4984
8123
449
2261
3424
7772
8807
8982
5099
4356
6777
9877
1359
1361
792
9685
6606
7633
7765
2295
1435
3806
5667
3160
6047
4784
8090
6552
7532
416
894
700
3725
9064
7473
9518
4881
5496
6253
5195
4485
5235
3726
5569
7928
5450
3446
166
4430
8938
4080
3121
9459
2606
4543
7000
6245
1587
8247
5510
8380
5776
2678
7286
3592
4566
3017
5188
2452
6307
1302
9684
7933
1394
3545
743
5218
3920
7364
3750
9876
543
3763
662
8301
9489
9609
4369
7132
1991
2676
2218
1274
5977
8751
1297
2220
6238
6492
4403
1745
7617
1075
8740
3799
6557
1712
5944
466
5446
6773
6268
4066
5451
5329
713
9150
4884
8989
367
2364
7410
7111
1771
9298
5461
5144
8653
2565
4281
2628
2204
1092
131
3961
7206
2824
1599
3145
3625
8607
5062
7089
7533
1804
8962
6203
6812
9434
8426
8373
5483
2273
2923
2769
8085
1256
189
5296
8342
5437
8881
8446
5960
8088
4214
7053
1418
9679
6000
5938
6010
1293
7243
5556
9120
7876
3117
1245
9279
1793
484
409
1736
7302
7005
9050
9041
725
2277
4511
3103
7476
7363
1667
9154
4973
3178
7974
6383
4575
7824
3744
5217
2173
7415
310
7712
1135
9262
7417
3482
6311
5203
381
7556
5283
5547
2809
5046
505
1227
752
5146
3957
7506
4152
8652
9219
8982
1742
7036
4834
5209
5123
4326
1456
9918
2064
7403
6795
9710
6499
2170
5861
1235
8812
972
2374
9507
5688
4776
6868
6552
6689
5433
2967
3309
7946
9870
1084
1657
1944
7110
3155
6106
2216
1525
4936
120
656
1212
8781
7336
5720
4603
5741
4854
3739
3487
4874
4413
7460
1800
5831
5748
9883
5554
7705
7502
7161
284
6805
7562
6197
9455
5008
4869
8980
4151
4845
1174
7630
6943
7474
3292
1280
3308
3133
5326
2068
9304
724
9341
8142
1402
7315
4966
2155
7424
2001
914
6118
7471
1331
6584
5623
9895
6674
9151
7765
4917
9433
3878
5940
7550
1203
4347
4935
2783
2286
7547
4206
2244
1268
8143
3922
9480
6844
1468
9695
3356
3851
2389
9550
5898
3930
4305
6200
7609
9413
3832
4900
5877
8551
692
7651
6667
4733
4494
9272
6535
9154
524
7522
1023
9775
1522
3457
9980
4204
9504
4918
2027
1178
1542
7941
2389
8482
8645
1973
1410
4199
2702
2065
1575
2968
8313
1763
2550
2108
2387
7837
2040
3030
8428
7778
9392
8596
9013
7754
4981
2322
232
1932
6882
3932
2560
1405
4310
6407
9133
7572
5316
1801
8900
5489
1632
65
6963
7194
5440
3137
3526
2616
6417
9318
3904
696
745
8543
5203
9100
5991
5228
9314
8197
4275
7039
9126
8829
3408
1478
4054
2949
2427
5454
1454
214
199
1242
3653
4962
9276
7549
7781
175
9542
7963
5962
5589
6281
3281
4477
9194
6729
9348
8265
5106
4632
8109
3328
3006
8636
7920
9386
6682
3662
2577
2034
1024
2001
6422
8840
2878
2069
3597
1216
9762
7123
3046
8367
7130
7336
7599
4581
7914
513
873
4266
6884
8941
6207
8165
8749
2995
9044
9301
1339
6160
4565
2328
1131
7853
6628
6650
1905
7235
1507
9892
5006
3626
7849
7663
7065
6918
5696
4696
7478
6789
4162
8850
7499
3108
3476
4254
5284
9513
3705
5706
679
4382
8940
9927
2145
8374
462
1513
8342
7616
3226
4079
6891
4581
9371
2879
1243
6845
9121
3113
9687
8871
7138
8517
3331
7010
701
7562
2543
2504
1972
6405
4542
842
8622
4434
4522
8215
3103
2415
4237
6753
6767
6714
5539
8307
4859
6902
6629
3637
354
8092
1769
1884
4360
2527
5477
9182
387
9069
7181
1457
1070
993
8985
3753
5692
1843
5585
139
4854
1632
1909
6972
9974
2458
1021
1566
5123
6300
126
8566
8875
2320
6667
3020
66
5997
9239
9419
3501
3193
811
119
7461
8916
2068
5154
5418
13
6367
3165
5528
7745
6253
2466
3154
4514
605
2140
36
5797
7458
4191
3520
8876
8373
5541
6557
6202
9535
7458
5504
9121
7845
9187
6792
2449
3279
4948
3940
3485
6332
9349
4646
84
2769
6470
5337
2244
4430
3895
1108
6380
6844
2787
4789
1940
4719
6185
1828
9661
9114
1566
3662
5467
1414
3200
6152
3543
9087
8694
5418
3189
3982
5821
3928
311
9568
2587
235
8886
1955
3580
861
5324
7592
6590
8583
1441
8076
2077
6716
5206
9143
1685
3875
9281
6088
8981
1936
7231
2014
9748
9315
3801
5271
4410
9111
1035
4651
9954
8814
1253
6625
2264
2301
8870
6397
1247
5182
9157
785
7919
2494
9083
1780
6032
1683
957
6942
2501
9504
5247
5614
1951
1981
4654
2026
1002
4421
8633
2975
560
605
9737
6652
1687
7706
7174
404
736
7957
543
6148
6132
5728
9667
1550
9373
6416
6577
918
9453
8476
3919
4553
9993
2787
8225
6794
7213
8435
9678
5652
8220
2573
1446
3855
779
2979
9210
8488
4966
1216
696
5095
2349
6044
9000
8611
9776
6479
5056
1445
6987
499
1965
4903
8996
92
3430
8785
2781
8169
9069
6867
5358
1811
3388
3477
4590
7154
7918
7974
674
5588
8461
7032
6804
9077
1323
9173
6744
9196
7177
4504
823
9712
9401
8622
2846
64
584
783
9194
6867
6781
2355
5571
3796
3818
2829
3068
5904
8369
4998
7344
6081
3262
1227
2524
2638
6907
1830
6526
6503
5115
6580
6385
5558
4355
235
9686
1708
6387
8019
7354
3703
1505
7746
4397
7950
9426
641
6527
6031
7479
7960
4118
4946
6849
1860
3739
2690
5793
6277
4584
4565
8567
9118
1432
548
4458
790
8093
6507
2216
7023
3827
8119
202
2033
9134
8259
656
2213
2594
26
5953
6224
9328
5085
1325
9849
7455
4772
2290
4986
4599
4255
601
7423
5305
9374
1212
2262
8511
578
6029
5353
4476
8203
6047
4896
3482
2175
5902
1564
1721
9700
9486
278
3129
5091
9069
6543
5236
7716
9800
6886
8215
2975
9043
8878
9286
6120
8585
2313
1299
228
9264
7435
4106
4567
4495
8030
2838
7852
7948
4864
3558
4626
1906
5889
1609
4654
8606
5153
5640
8037
5632
6712
8229
1695
6053
8388
7626
6609
9489
8813
1734
5856
2769
66
1463
9201
5263
6994
3983
7760
4821
3940
1447
4710
9810
681
5560
2314
8789
6671
8118
221
3616
4876
9230
5005
9921
4050
4038
7013
3634
8027
2883
9670
959
7851
4781
4887
1794
3831
5027
234
4697
4257
9322
896
5118
1737
8739
9842
5459
2533
2126
294
3294
8214
9478
6050
1421
4248
4864
6842
8625
8549
7203
3279
6575
3893
4037
6463
4971
4358
5322
3090
1995
3005
7050
3447
9291
3793
7598
973
9262
7671
3932
1610
7675
2737
2125
9844
6328
5931
1967
7886
453
3560
7906
5547
681
5329
5754
3920
7362
9946
2483
6334
3959
7057
4068
9569
8979
8997
1457
5579
8130
4938
411
9808
9014
9211
5702
9761
6684
8452
909
9958
2233
3645
6730
3647
2520
8042
1270
7902
3446
2774
232
5408
2028
9595
8768
8176
6219
8766
4242
1140
9151
769
5670
874
7154
6412
1379
9211
3313
5770
2677
8913
6704
8737
5891
342
8833
6076
5352
5580
5920
1536
8863
6659
9142
4239
965
5207
2951
1379
378
6056
6180
5666
8953
9155
9172
4413
6941
2520
235
9928
8826
2024
5605
9238
8033
4159
2968
642
609
236
5299
7585
9810
2848
2137
9302
9416
5799
9295
7676
7856
5979
2531
2141
2552
8344
9880
8014
4112
6671
2581
4587
4609
627
71
3247
4970
8200
2896
9331
3718
8159
6797
2975
2394
7185
7353
201
4184
2942
8852
2399
3814
5309
4175
1400
7657
7907
6866
9408
8105
3092
9752
6278
6561
3955
4952
4710
4593
3897
7498
9828
201
7779
1716
6559
5474
181
1721
303
4113
6842
1909
5325
9574
6926
2748
5675
6273
4505
2440
3907
4215
8808
121
1530
3757
7768
2363
4547
9348
4782
8342
3224
3637
1640
8125
9031
5400
9086
3262
9941
8373
6500
4319
4142
6994
3089
2797
6395
3802
5244
4067
6797
3606
5615
3805
2637
2261
5746
599
3791
7380
6169
2918
3608
3876
2392
6233
907
8213
7266
51
182
6320
6679
5294
4267
4374
3857
6812
997
4553
5587
9113
2112
2108
6420
4350
1026
4719
998
1716
2294
8661
5130
6916
2029
8679
106
4376
3504
8837
9079
3477
8396
448
9528
6058
2437
4737
271
5547
8087
1733
6434
39
8148
8564
2863
2910
6133
8974
7678
8770
2734
9342
4142
2946
5541
3566
3117
3262
5590
2186
3581
7265
1063
1860
5620
2327
5777
297
7047
9353
1207
9404
6925
8241
49
5720
454
3550
3545
5591
3915
4232
2135
5785
115
4420
1668
9396
9367
9043
8129
9556
5641
6636
671
3503
9594
6871
8151
8368
2013
5323
3370
2213
1944
4677
868
3870
7301
5102
3448
4146
2226
874
8699
4306
3140
486
9278
8012
6540
1167
8446
4506
769
8545
3814
3462
8636
5427
127
384
5275
5219
324
7707
5652
894
4621
167
2916
9370
212
1668
1395
1614
163
1123
7395
1556
7960
6951
5499
6649
6356
4660
9388
1815
6178
4975
8551
1687
7605
1692
134
956
9143
7545
1894
7787
4782
373
9410
7106
692
2257
7880
6296
982
5706
8022
754
4125
9710
8165
4132
3146
1823
9532
2587
6306
4911
3238
3392
5792
7143
6393
5326
7003
1339
514
7749
155
8656
4305
4248
2690
2511
6089
5828
5078
3758
2681
5298
3648
5360
2965
4582
1934
928
2839
1991
4613
1358
6663
4825
2840
381
2536
7657
7669
3713
754
9718
6390
7129
3359
4896
6294
925
3782
4806
4648
708
4447
7719
6525
7613
786
3451
5441
6226
5078
791
4330
4359
1669
9978
6414
4694
6079
1293
3256
3010
3468
4163
6396
2907
8820
3583
9075
311
1466
7107
1376
9437
7884
7487
6270
4445
1650
6112
5455
2327
2481
9718
3775
7898
4335
9320
7490
8094
5528
1352
5752
149
9650
4269
7417
4325
8924
7611
5284
1884
4063
8780
5998
3122
8964
9418
4061
2978
9372
3349
850
1473
7101
611
2741
7046
2423
4046
4168
7797
9412
1267
4781
7023
6569
5411
78
97
2915
451
2941
4787
1203
1889
3487
4357
3610
6567
8188
833
8709
3490
5444
7441
2419
7739
7012
4739
8354
8337
3573
6923
816
8946
1692
7383
3191
7884
2964
3262
4536
1893
8298
5533
8738
6455
7346
1301
7357
656
3561
9524
8554
5932
164
557
9716
4139
1650
2452
7115
3066
8014
2431
5522
6542
1383
1318
438
4183
7316
8158
8692
4591
7854
6627
4143
2448
1977
1595
9979
7774
2760
1070
8664
9981
3125
3697
5695
7994
1923
9127
2403
5543
1077
1
6270
3784
6185
4928
1694
3321
6196
2635
5573
9319
9652
8369
6373
1901
4309
5984
674
8147
3738
2743
4072
4631
9118
6998
8904
533
5
1941
1838
4094
5034
7687
1078
180
6366
2463
2636
5019
2636
7863
1981
290
7362
8208
5129
4414
9275
1652
982
1154
7010
4758
1648
7380
1682
7034
2166
9157
6348
4291
9297
5861
2238
577
142
2236
2343
3119
5558
5615
5307
2155
9429
5594
2945
5170
2965
526
3713
7862
59
5020
8146
4126
6798
8235
4327
5469
1681
3248
1432
6235
8915
5580
9980
21
6767
1562
2218
4185
4208
9250
3913
4204
2039
8296
6072
5124
6043
9177
4477
9332
1163
497
2466
9001
3965
1004
975
9261
8753
4616
8305
3421
1221
8728
2962
1107
7107
8889
8872
7070
2531
4432
6613
4352
1193
5289
4172
7811
3380
3327
5237
5925
4765
8125
3830
7388
7751
6733
8951
2704
7899
9851
5482
8678
602
4013
2324
353
9956
9380
6453
6101
4566
1307
3517
7218
9658
1724
1999
2711
8731
1746
6485
5046
3980
4266
2717
9894
6912
1252
5904
9749
1228
3293
7642
5944
8833
9005
4766
8753
1680
1675
3768
1358
3992
1068
8984
7907
9774
1295
7248
1756
8853
9565
6391
9714
2283
8789
2677
9763
9910
2290
930
1382
1835
1971
760
8566
9849
1858
3544
197
1074
6282
1963
9461
1644
4786
2400
8029
2437
9072
3699
784
9824
305
7804
2451
7040
5050
1264
4975
7202
2282
4552
1654
3485
9191
7564
6246
7881
9368
7279
7322
1474
545
9693
1227
2067
8304
1255
6119
83
5186
5841
9860
5761
4819
6537
8425
478
8403
1400
2040
3868
652
2372
5178
2616
5522
601
5987
2224
9712
8004
8974
8938
4978
7265
7471
1641
1041
3937
6731
6992
1712
7287
3492
6033
9310
6846
7679
3358
8455
9672
1351
1599
4322
8599
7463
4147
5513
7185
2805
7902
2628
331
8987
1245
9664
1393
4888
4690
7246
5713
9767
7878
9517
9749
441
5949
636
1151
7706
5008
5525
4968
2068
2626
9107
2452
7566
9188
4611
497
7661
4498
1441
693
1474
8420
3855
9141
6659
8391
9743
4676
7623
4815
9951
9094
873
7107
1088
5196
4603
5004
1005
2335
389
4232
2012
8348
2410
1892
5827
6189
2245
3679
7234
889
2740
2436
7829
513
3561
7263
6363
1344
9996
9548
6345
9898
183
7870
1904
8732
110
4440
4657
5692
4550
1881
6724
7731
1615
1313
504
2526
5777
7848
1382
409
7109
428
9240
7389
5103
4637
3672
3955
8027
3850
1354
6510
9927
6282
4808
5302
7628
7171
8508
4120
9955
5110
3991
5436
9079
8443
4998
5866
2318
7049
5259
7645
1617
1625
1109
6718
2998
9771
4960
686
7550
1790
565
8242
2047
393
6181
1924
5285
3446
2156
288
8163
1753
548
1885
6403
6639
9437
6323
1929
9406
6819
3768
2735
9496
5772
1856
2852
965
3114
6433
7296
969
7999
261
3685
1875
5619
4408
9925
3329
9607
9561
6293
1872
3303
6109
7275
7755
6111
3322
602
4194
4307
1545
1234
4340
2850
9086
9482
6629
3894
4896
4545
5936
1083
8720
2964
1657
9421
5820
7122
7874
8091
1865
88
7325
2625
8475
3513
6608
2256
556
2730
4347
4709
7091
8277
9971
24
3816
3792
5336
2270
1218
3064
6757
979
4489
615
5970
6934
6285
5441
5199
1602
4549
8719
3999
8208
4399
8745
2732
7336
6746
5025
271
844
1577
8584
5612
8819
2063
3734
7475
3865
7473
8270
5264
3216
5717
9304
3734
2862
5758
4202
4370
8113
4598
246
4991
3122
2554
596
3734
6516
9210
8628
5240
8310
5
4953
5420
3210
5138
3369
2907
9350
4310
1265
7004
9752
815
8108
8703
1006
5397
3422
2305
2718
6842
1092
2377
1806
3137
3626
6863
8028
45
8781
6139
88
1000
2448
2418
8823
5462
4540
3077
2184
5720
1475
6985
3039
9333
2078
6343
5400
3806
7552
3444
6061
9737
8816
4903
9313
4222
5007
7592
2843
6444
6435
330
5595
6263
4152
5614
3875
4648
4609
3766
3308
7129
1350
4148
4543
3056
1669
948
157
5818
501
7810
7791
752
9844
7309
2529
9018
6703
9383
5974
5514
5121
2140
8326
5548
4768
4732
8764
74
4843
2613
8422
3084
4448
1956
4718
4100
4050
676
2131
6987
9711
3124
8373
1081
6235
6782
3136
4068
7953
6890
7584
4575
8524
2400
6396
9391
1325
3093
2808
9970
6539
2530
2033
6274
1531
870
5661
6646
9516
9997
3895
8531
4330
4739
2387
8436
5815
8445
224
2025
6192
8819
9495
2184
2012
6410
8897
172
1289
8037
2538
5360
4981
8477
2333
2860
3448
7669
6010
5293
8787
7973
4665
6223
7061
3315
2672
8966
7456
1599
7103
9427
9590
3839
9513
2992
3111
1653
1995
2371
6774
6631
6023
3708
4024
8700
9357
4795
8491
9143
2452
2649
6546
1636
4873
629
4976
1607
3050
7069
4521
4924
4994
4343
8458
8383
8632
3312
4381
6449
9466
9253
1021
8027
4511
569
3304
3027
6757
4875
8345
4864
1985
8530
2291
3110
626
3540
5781
579
8487
2483
8444
7304
2864
2512
8803
7302
2199
7605
5074
9049
7766
4650
7234
8068
2118
478
8696
9193
1289
5405
386
8770
9390
8479
6467
1236
4279
4645
4251
1997
5969
8664
7866
526
3430
267
72
1898
5453
2195
5752
3632
6684
7733
4197
3674
2594
1085
7543
6329
1801
8762
6631
4213
7352
9457
9611
4830
2496
3896
9050
2879
7932
3515
6257
2330
8807
4408
85
6302
8322
748
3402
6788
3084
2375
161
1184
6163
6804
192
9362
3593
4479
1179
8290
7130
5336
5230
2779
6860
2209
2934
7316
7928
9092
9
9236
3805
8862
5241
5041
7638
4064
7969
5212
7165
5299
498
2903
2197
1218
205
3719
2355
2028
952
1125
5057
9457
2988
4036
5015
9155
2756
8025
7433
7270
1368
3217
8389
4305
3442
987
6763
3449
7609
5816
310
912
9678
836
257
528
8663
6861
4971
7151
1750
7700
2496
6212
4448
1200
5223
5852
1058
417
5645
2238
3168
1935
4862
861
5266
9583
8252
5877
8601
1916
3991
7312
5203
6176
5832
5750
9562
9057
3727
1250
6759
6807
2184
3567
5718
4492
7808
1847
2254
1935
6726
5041
8959
6235
7604
6411
18
1381
8823
8954
3743
4093
8206
8082
7510
1340
5091
4212
8157
8977
2720
2272
3835
2048
5681
8997
4168
808
1803
764
8433
3496
3208
9551
5980
6622
5959
7490
3111
9240
1563
1782
1442
6039
4456
4785
5797
310
5916
4904
1834
9625
2847
3511
7060
4416
8840
1353
5704
4674
4397
6494
4686
6342
1301
8602
3213
2125
1370
2939
7614
5371
1582
2350
2178
4257
3444
2489
8484
9574
7977
5915
1724
2114
6304
9497
8027
5730
7894
8309
3819
3055
8116
1551
328
297
4025
6712
3121
5851
6971
593
5085
1744
593
631
8927
4440
748
2063
6688
5083
4338
9151
5047
7647
3070
580
9196
400
6035
5161
7092
9576
5680
6398
6955
7481
2737
6472
207
3607
8520
8628
7070
1345
5092
5763
7555
7116
6633
8023
5470
5966
7260
2766
6839
5383
6719
4645
44
2319
3185
7454
4310
8651
943
7521
7659
7742
2544
3476
6085
3740
5699
6576
1162
777
9413
8771
9490
1687
4568
7265
956
2379
4200
9026
3643
5645
5127
2231
3544
5335
9483
3836
8526
8511
5451
4809
8151
2055
3597
420
4790
7766
5466
244
2202
4370
5434
9622
6763
972
5747
9117
4093
7062
1265
2080
4415
4769
550
7036
8157
2475
850
5479
2062
5631
4098
3126
1140
9228
8332
1263
3929
8179
8230
2001
5768
3572
8346
4714
1709
491
6742
8421
6169
9567
4541
3229
6058
3836
4087
8529
1722
168
7019
981
710
4873
4605
2309
1026
8524
3894
7127
2705
5226
7466
4868
5832
4735
415
9534
9344
1213
3945
7363
3168
2437
3647
865
290
4928
7839
722
6826
2377
2831
7483
3910
732
9599
1167
7082
9038
1972
5718
9486
5417
190
1146
973
2334
5242
3938
256
7148
8101
3641
7542
8119
7058
2603
6184
9498
2806
4630
9392
491
2940
2365
5236
6574
2844
5395
518
2281
9271
8543
2190
2906
79
1061
5520
9610
6773
3443
3564
1821
2021
6586
5014
210
2363
762
7182
5940
4284
4317
3512
9083
4120
5028
6623
3506
6075
3047
5391
2055
1123
2532
2788
8222
7523
1531
2409
9393
4600
1896
9211
8815
3178
3188
4661
549
8143
983
7212
8951
8617
3934
143
7526
4235
564
8642
4142
8557
6017
8467
2008
3172
2101
4628
9164
1662
4720
4691
8411
6360
781
888
8676
900
9486
9398
9680
7807
8151
4569
905
8367
385
6257
465
4977
6993
2862
7846
4691
1842
7134
5582
6171
2993
6058
9574
1260
8558
5199
3168
3875
8809
6408
6023
2346
6211
3719
2521
1913
7004
1326
4614
4103
2832
2221
7604
2337
8572
2971
4984
7356
5851
1015
3977
490
6052
8969
4285
6889
8955
2022
2001
5216
7033
9354
7029
7287
9641
4945
4673
5893
322
6918
3709
4089
2771
6921
1495
8270
2028
6262
908
13
3011
7764
5248
6038
9338
9193
3682
866
3499
646
1081
4601
1177
1588
8255
7509
4210
1071
55
9503
6304
4924
2246
634
579
780
3249
7042
2279
2419
2893
7883
2974
7941
3516
8459
4730
8153
6399
7277
6053
518
8854
3178
4475
8952
7367
7883
1674
5830
2195
9217
5723
1402
5590
2098
6214
8440
8307
222
9667
8861
5091
8819
732
1427
4672
2027
229
9237
6108
1941
4398
4398
6235
4317
1897
6289
2615
1807
2351
6062
6497
218
4544
5021
5133
8743
5767
8398
3037
4082
3457
5101
7312
2425
3154
3835
1239
1639
6107
3839
5748
3921
4272
473
8721
7433
8598
5376
4921
4892
180
6139
1246
7567
897
7564
2627
2971
534
5729
9483
8190
8225
6620
4632
3707
1806
1133
8828
3112
8304
1581
6542
2720
8736
9486
8382
4000
1218
2286
715
8480
3261
3006
8837
1285
423
1356
1833
974
2183
8145
3429
4015
3204
8737
2098
7019
3350
8226
3822
3349
4952
7883
5104
5605
3120
4680
6790
9166
7922
5751
6122
6100
5442
1063
5907
9004
7500
4613
1432
6718
2659
8445
3514
2355
1235
2411
8848
6247
7834
3231
7894
5228
8813
1846
5251
1559
3657
6063
7174
417
7594
5944
5170
3440
7632
1620
422
8344
4381
7387
7256
3554
3398
1374
3566
2483
8560
3737
7897
9580
6216
9129
2356
3593
2799
8809
7244
3329
1535
1235
2169
8355
7048
8160
6095
6412
9530
1793
6682
4882
3987
7626
9190
5957
4303
1130
6471
1704
2485
2621
3786
4814
9298
4360
668
5075
6626
3059
901
4398
2490
1878
9120
8011
3021
9668
8529
5020
3130
7243
2376
8742
8543
5378
5860
8678
2485
7220
6332
4554
2174
3594
6085
6889
8776
2622
8080
6677
7923
3381
6289
5502
1761
6232
2573
714
1897
4931
1802
1858
4263
1584
2050
1383
5699
2002
3813
1533
749
9685
5647
7979
2886
6530
1701
4258
2737
2577
204
2803
5991
2534
4352
2667
4063
8441
5379
4106
7997
8152
1571
6145
4935
5712
3071
9195
3619
4116
3425
2128
9178
5604
4324
1764
4534
8871
2378
473
2825
6925
2785
3031
8020
351
4685
3059
9418
1454
1004
6653
6489
3689
1039
5919
4678
6489
692
1534
4575
9134
26
6638
6239
6536
47
5909
6112
3882
926
1774
4771
6916
3232
3281
5245
5270
9662
2560
2563
2787
2577
3408
6545
5893
8641
5680
7363
249
2700
9071
2908
5839
8990
6241
9164
9056
1783
8946
3071
5044
5464
8427
2258
7288
5317
9204
8704
4294
6649
9454
135
9094
4448
6284
1824
1975
7155
2062
2648
1407
5592
8670
3463
5115
1692
807
3491
4484
4308
6897
3914
3766
9245
1170
2977
1958
2241
940
310
5079
3683
7210
6465
3246
6016
7878
2601
3232
5335
7828
6283
2165
4398
4272
9033
4
4535
8381
4
8100
3347
5262
4510
9213
287
1080
1279
4204
2229
4298
3014
5403
4448
1463
5619
8985
2798
3833
8852
5795
2300
9261
816
587
6391
6067
9235
8069
1379
3577
9575
9162
874
3671
3758
3419
6687
166
3601
7656
2352
3970
7099
8345
1616
6882
7955
9590
4213
5172
802
1545
1109
2313
1876
3439
1163
5889
2228
3050
5407
9568
3402
8866
647
7117
7183
7620
207
6009
8544
2608
7590
381
767
4397
6357
2868
8593
2714
8313
4066
764
8720
1069
593
2772
4781
3472
9249
4601
878
3526
8656
9041
4551
8328
204
7891
4006
1190
6813
7453
5892
3660
2499
2816
4850
2811
3020
9180
6513
3347
9150
3333
3192
1887
2776
6816
6311
8285
6868
6131
6613
8585
1230
5377
5556
4095
5983
3277
9565
4360
7043
6649
8729
7027
1694
1905
2875
9217
7645
6812
7009
6839
977
1933
9307
7572
3409
9625
1164
8379
3796
6924
7181
7966
5944
9275
8107
7261
5188
2529
2301
7950
8013
8119
7407
935
1872
4855
4289
8892
8478
5404
6916
4132
6190
8053
9696
8951
9287
7146
6950
6248
244
3561
7194
9167
1118
4137
8468
9403
3469
3349
2174
7177
6276
3781
7971
2565
3126
4061
2194
2174
7494
6085
3499
2050
2159
4457
7906
6760
4831
2947
8083
4892
7877
4625
1334
1312
310
7017
9705
6429
7803
1515
8319
4323
7146
1399
6925
3704
1826
164
5562
186
9664
6646
5209
9290
8092
3138
425
7170
7609
2652
329
2628
1927
5143
7975
9501
8373
8654
8764
1978
4060
7925
6500
5615
5468
588
253
6482
7425
7999
5571
7585
8050
143
9343
7532
8384
6585
7889
821
5599
5889
3976
9061
6489
5942
9390
973
1381
6400
9010
4048
7911
409
2773
1027
8897
3530
5575
7814
9290
4677
5820
3878
6280
8311
9214
7242
8969
8828
5188
6999
5283
5625
3330
5820
4631
8788
8185
1257
143
815
444
7594
9030
983
9239
3173
1833
2832
5613
6697
1996
6666
4954
487
5420
2995
3319
580
4185
698
9381
42
4250
4111
3156
3065
1247
2562
5262
2394
3018
6867
2407
1003
2309
1429
5075
8108
5452
4256
3114
7598
5791
720
6646
3022
3329
5854
5266
6782
8339
1259
5378
1760
4710
2489
2080
613
2672
4723
3563
6849
8091
8114
9082
7139
3890
8653
8208
5007
1761
2348
4134
9365
9244
7119
686
6438
738
8126
4057
7707
6413
1314
8988
7273
3945
4441
7596
2554
9010
4009
2391
2777
4477
4753
6565
7593
9102
7379
6916
7717
5099
6709
6060
7017
9618
920
345
139
4911
9185
8158
8534
3135
4405
2386
2984
162
1362
3940
4421
2216
7642
6073
7965
7334
3834
8070
7983
5882
6327
2651
5949
8201
2799
4903
799
8762
6341
4967
1015
8577
360
2435
8930
9610
5359
7607
1955
829
8827
1012
8139
1432
8143
4712
3564
2928
8627
2886
5800
3506
6533
9418
7927
3972
7323
3333
9530
4035
3768
5952
8794
650
9279
8395
7017
8377
345
9458
4686
9072
8165
1286
7779
1891
1373
3011
7063
5041
8772
6951
9270
3748
8970
9573
6170
9432
1674
7314
9636
6141
395
3368
5196
1287
3035
751
8469
2795
3110
2221
3387
5928
3516
3228
1653
342
6961
6454
670
5419
5717
3443
2338
5093
1405
980
8402
6099
6352
9609
3029
8200
6344
6573
8679
457
1903
6776
7167
7991
8352
8603
6284
9622
5566
7234
7984
680
3108
5984
1531
2200
6264
999
7647
723
4733
1040
9610
4105
1180
5743
3859
3479
8175
6141
9117
2310
7700
1789
7350
8149
4540
5331
1564
6907
9226
3233
9615
6031
8593
3534
9041
7905
3814
5879
3209
6054
3338
7807
7580
5373
8661
8925
7400
5625
1112
3675
6125
2683
6276
1244
1359
8736
8003
3015
5086
645
8198
6714
9630
6450
7884
4079
7619
9145
444
8345
627
7272
5790
4045
9179
3494
4049
3375
7317
5746
1379
1544
471
3764
7642
5949
7185
5426
4028
7019
136
2341
4272
7618
4145
945
1889
5972
7880
8882
5920
5049
679
9123
2796
9570
2297
5442
1983
6603
8594
8954
6268
5610
4356
5138
3221
538
2431
2113
469
5295
2631
8137
1490
1480
1596
9720
9184
8718
1467
557
8734
8688
2579
7723
1380
5315
6444
4709
9081
4294
2752
4925
5393
1162
6389
8071
1376
7080
5234
895
8554
9378
9264
6802
2410
5153
7717
2093
1735
8069
932
7109
1966
7237
5937
5771
4222
3554
1591
9031
4963
2232
1733
672
6616
4529
4741
3504
7408
4275
1493
6972
7885
5430
6173
803
7741
8038
7425
3715
2631
7081
708
1231
7920
8971
9325
8320
198
6202
7676
917
4761
2910
5873
5651
353
2796
304
6575
3330
9650
686
2539
3248
8180
9115
3046
5745
695
6188
4862
1845
2829
3631
7885
9236
8404
3369
4024
7164
7155
6419
2123
738
7445
8009
2172
2891
9461
531
4336
9057
2010
11
1972
8096
8753
1092
8829
2301
6128
1061
4608
5199
9512
9358
7457
5096
813
1555
7082
621
4578
8320
7579
2984
6043
4960
7064
7481
9165
2192
5801
1600
7007
5406
6601
2282
2497
977
4919
1026
9541
3563
8553
8482
7897
3921
8959
6206
4067
5472
3396
3253
2949
3731
7298
6209
1240
8949
4787
3216
3346
1954
855
4198
9214
6703
6033
4857
1304
2218
4006
1867
8335
9691
8538
9368
4407
6219
2719
1338
7713
6680
3923
1171
280
8525
950
3929
319
1098
4255
7170
4922
4525
1583
5794
1172
458
3690
9369
7986
3815
2660
7877
9531
6704
5397
8086
5200
5363
8797
5709
7765
3181
1763
1998
7556
4623
3438
3320
7484
4828
4128
2048
4528
1883
620
7433
1095
4598
2863
6644
9262
5793
7854
5921
5969
2043
9138
9161
6260
9610
4782
6302
923
2639
2367
7635
7108
4210
4493
3243
6633
115
4298
7909
2666
5119
3829
2418
7669
7887
9331
7872
2267
8761
5608
8632
4528
8573
8344
9638
2381
97
8111
7279
5
5402
2577
2279
5772
5348
8943
2758
5363
6300
40
4891
6700
4990
7982
6561
1081
2644
5573
1153
2367
1132
8945
5011
5020
8685
2223
7688
7773
1647
2616
5190
3094
6442
7612
5855
9306
393
7797
7591
4849
4728
6465
4258
3856
6925
1477
3254
4936
9317
8959
8921
6694
3216
1528
6257
8288
5215
6664
4530
5259
1371
8927
3285
6166
2083
4351
5148
7026
4567
3809
6203
4574
8712
8090
3377
3117
7589
4369
7466
5151
5380
9581
9303
7243
1240
4225
8676
8095
8430
971
4422
8519
7228
2848
7021
5983
7868
7071
6084
7524
1979
9280
7829
2629
4365
9249
8484
390
704
6481
2213
8161
2728
2145
8500
4815
8626
2506
5526
938
1182
8536
2048
5534
2888
5439
1839
6730
4432
3230
1857
4180
1386
2902
8066
7416
1219
7408
5584
6783
823
304
5101
8610
1216
2798
2644
8946
7914
1149
7095
7812
3674
223
7793
8235
7923
9624
3800
5346
6114
623
3695
6054
2991
8680
3
8566
1157
4739
2950
6406
3066
2057
2837
3561
2399
8382
3178
7015
3371
7294
8723
7798
2462
5058
5662
1756
7450
857
7820
9442
5881
4067
3052
7497
6822
8483
7632
6945
2720
1401
274
9654
1139
8410
8355
5055
6487
6176
9275
9383
1875
5979
8274
2944
8677
6297
6569
2147
1254
2372
5567
4118
5014
1425
1915
1116
4595
7692
1468
1409
9006
3075
7500
1793
5921
171
5610
959
3039
5060
5222
1997
3541
3985
4582
1296
9599
2969
8084
1250
3799
4369
7833
4717
1103
647
8597
3297
6127
705
5947
2345
9039
5991
5173
809
3028
6150
768
2223
8222
5102
4303
8576
6224
3357
7008
1268
3652
1793
3088
2652
2819
5752
1591
3983
5121
8429
5477
5965
3066
258
4296
9485
9115
3680
4376
7671
3828
6240
8967
3564
3617
3243
309
2869
1755
6656
1970
8740
2055
9505
7779
1317
2749
5875
6681
7502
6473
9478
5679
8968
3907
8697
4041
6449
5957
1374
3879
7380
7768
4081
1315
2930
9600
9570
3133
5276
2556
5326
2209
3885
3970
5471
8445
4619
8508
4025
4873
4022
1768
6376
1416
162
648
5800
1174
4146
1722
725
7272
5623
8234
9705
4241
1427
1836
1577
5400
8942
6258
9584
7103
1608
6279
1501
7393
727
7763
7217
5412
6420
4972
2258
5808
383
9532
7874
6363
5342
9436
7047
2760
1915
7673
5260
1702
9491
6485
1876
7318
7834
4101
5226
7839
6960
1695
4797
1073
8198
9159
9516
5423
4576
6476
2985
6833
8990
2488
7616
4842
3737
9727
427
9023
308
4058
9648
3935
1836
7816
2540
2181
4315
7289
3847
1400
5299
3435
5558
7673
4805
6307
355
2431
2827
7224
4994
9261
622
9692
5931
6776
2393
2174
4982
7110
6667
5036
5545
5261
2481
4432
4259
1938
2630
6912
9086
8943
4992
491
3084
8217
1271
6214
7173
8755
9248
2504
7429
6832
1936
2919
4788
7036
9114
6007
3670
575
3992
8659
4267
6831
115
6280
3915
5990
9136
3492
2709
6994
4279
3549
5982
4612
9094
8802
5809
6368
1851
8353
1640
7422
1196
1029
7748
8957
6062
1721
4726
8422
4047
814
1001
8920
1553
848
2790
6516
605
8833
2443
344
4791
4425
3994
7465
2694
9322
9548
837
2176
8466
2706
6353
7044
2968
2170
913
953
9727
9394
7624
9056
6939
195
97
853
7539
5522
6555
8065
5003
1907
6895
7670
3372
4247
6673
876
1616
4283
4967
4518
623
2183
7548
4159
8945
3854
6415
8434
6472
8862
7009
9246
6785
3989
8689
3682
30
9359
5018
7517
3019
2228
2987
3812
8893
4215
2646
5063
2698
529
6731
311
4039
1124
9277
8134
8323
3140
5179
662
9341
6598
9292
2195
9555
4578
4837
3919
3444
3258
7092
9351
8105
4242
5512
207
78
7329
4771
237
4768
2163
1452
6335
6220
6988
2603
5920
8411
5411
5278
7272
389
9106
4342
1071
1967
5590
8779
5708
4103
7349
8639
7068
6891
7324
5240
43
2420
8591
1113
7144
6896
5818
8237
4245
207
9031
1181
5923
6671
3455
3169
1030
4084
6627
3411
5758
3274
3633
4691
6301
9432
541
4762
758
1491
5341
9559
8700
8535
5456
9011
4250
2837
7603
8636
3003
7300
9654
9078
7612
4178
6259
3268
4585
1762
8323
2099
9085
8020
6560
4541
4450
1064
3016
3692
6354
3591
6736
5614
6189
3231
1947
9076
6630
710
9004
8915
4509
2573
7321
8568
8152
6406
6657
7506
5474
6619
6141
4907
4894
8699
1389
8608
3367
1419
7034
4876
3782
437
6185
4079
1059
6041
1849
5578
1217
4630
9456
2006
4645
6592
1860
2128
6466
6902
7070
5570
131
4270
3799
2599
9348
3563
278
3783
1680
6352
1382
3657
5835
7062
645
4634
3031
5400
9139
6951
1402
7035
2654
178
5859
2076
4073
7317
7861
1896
3935
5545
1181
8488
8627
9527
5695
499
9015
5062
5962
268
8619
8850
5992
3126
2816
7264
2915
9271
948
1311
4882
7104
4440
6392
2926
8086
7063
8898
3425
3451
9377
545
148
2232
8613
6115
5873
1225
745
8266
2227
1862
1870
7237
442
3119
2339
787
4810
6049
7196
2443
7478
7845
5901
3107
8462
8468
2148
1886
196
6651
8453
1619
8004
7090
9208
1013
2842
8896
8456
5247
6286
2445
4167
9424
3746
9493
5021
8379
1135
8529
5731
5670
8782
924
9020
6384
5578
4583
3248
4321
5042
5269
2766
2178
3822
3738
4730
9565
8278
3627
4824
1604
8856
5900
3001
7310
2795
7281
1495
2499
8121
3747
3445
8941
5684
3674
898
9053
1181
8782
1836
2815
846
1376
3087
8433
7638
6385
6314
9219
6085
5678
2068
3317
5111
7773
8114
740
3972
8084
727
776
496
8013
3888
8365
2479
5744
810
7450
9701
6868
6445
610
9283
5454
1417
3053
4384
4907
7613
2964
4757
8362
7843
115
7415
2481
4398
1273
8092
7297
7250
1428
6772
5766
1273
2981
509
7547
522
7269
250
5535
9538
8663
9177
9396
3916
4609
1463
5606
1621
260
6020
7562
8021
4676
6122
328
3558
4357
2388
4008
1381
5398
2625
5097
2144
6146
7375
7384
4445
2439
2169
8600
1630
4730
1113
5845
2179
4654
3819
3821
2194
8249
6382
8889
793
3864
1987
6542
5071
3631
527
4469
1017
885
152
7688
7002
634
5197
9496
155
9411
5986
8531
4217
2076
715
9177
2026
3648
8439
7275
7068
8551
6488
6134
9710
6763
8598
9072
8418
8529
7989
2506
6402
7107
6809
3190
1059
5701
4951
3757
3531
9001
8870
6500
5292
3952
653
2718
3589
2882
5928
8757
5066
902
7372
2810
945
8641
7643
4434
2143
7321
3927
5078
7892
6650
2130
6789
6533
2070
3436
3294
4719
9137
8761
1481
5614
3809
4850
537
8879
1954
546
4746
8200
6436
7488
1897
9565
8606
7192
1243
9658
356
6046
4491
1786
4121
2077
7230
9506
7943
8201
1189
2794
1747
6385
8667
6025
3809
3992
3206
3148
2692
5104
5843
493
7191
9382
8926
730
6098
125
835
6142
3260
6622
702
2815
4895
2027
5645
9233
9273
2510
5449
6056
6271
1475
3272
7679
1882
2458
7617
2082
5693
4238
6322
818
3783
8327
2685
4380
6581
6757
6900
5809
3702
9318
7907
6975
2894
6368
7736
1006
1707
1015
1243
8445
107
9102
466
5844
1138
9431
4104
4894
8846
7134
314
8577
3077
6621
3299
1776
5072
7725
3596
2232
6352
9173
4738
6403
3859
5389
4867
8936
9187
6684
4328
201
7447
9393
7788
9309
1461
2822
1729
203
8927
5242
4643
2721
1570
56
7165
6526
7171
9417
2425
6007
8426
2865
4227
8607
1473
896
645
5815
3826
1975
4621
1518
4249
9089
1952
8284
5521
1965
7399
78
5686
43
2980
6321
2983
8003
3743
8336
7719
5816
3415
8841
6169
3698
4599
4787
5545
6152
7141
3894
9563
8728
7720
8027
2200
9120
5345
5257
9285
3041
6277
1108
7836
4399
6651
1140
3703
1325
309
4220
4547
3108
1189
4332
8076
3497
3037
4821
3900
4310
2772
8447
7583
1820
6729
1036
5910
9581
5201
659
6536
2987
9570
6877
1480
8699
565
7226
1884
942
7994
4393
2186
382
82
7210
5473
7060
2886
3497
8725
8200
3829
4823
2184
3561
1199
8699
2381
4452
280
3984
3420
3530
998
4336
1776
2880
5955
6298
851
8541
2817
9425
5449
8114
7126
6877
9572
309
7173
9668
3120
9203
551
8109
4339
775
8048
598
3725
2193
873
1150
4104
1630
1543
9582
4052
3053
6310
4517
8836
2857
2048
1875
1875
3035
9261
1361
6864
8384
5210
1601
7442
2411
3990
1931
7817
8445
5581
1598
2347
4005
5915
5940
4505
920
8450
8876
5280
6265
961
2290
439
3305
8030
8010
5098
3519
7693
732
7397
2519
2578
8843
6395
7849
7033
787
4556
5369
631
995
577
7467
6059
4684
9234
5928
2858
9320
6862
4689
5903
7175
2466
1607
4251
2812
9718
5165
5901
735
7226
4139
3137
7994
5017
396
5194
5533
5657
3050
3471
7740
5330
4277
1432
310
3737
5925
2165
2524
5324
7784
4773
2459
2683
4841
9523
3445
542
563
7979
550
3933
5339
6557
36
3818
871
7084
5903
6090
4283
2680
7342
7607
4683
1042
3424
4206
7791
4850
7502
4855
992
8314
8782
5057
2847
621
9
3502
387
2074
983
4008
7874
214
9700
6576
2505
3855
7166
2719
4108
6225
3340
3448
2480
8869
2108
8143
7790
2780
5420
1193
44
4006
616
5312
8620
8424
1648
8409
3910
9086
5797
6902
7910
1103
4958
362
7516
2536
782
1667
1684
4214
1170
4485
317
4808
6791
358
4342
5882
822
7724
5176
1119
1517
5498
5451
8099
6916
6118
6891
6617
1948
7374
764
9592
7922
9235
1980
7867
6730
2650
8383
4715
8527
9202
7733
4252
6330
4547
3715
7781
5580
8725
7135
2319
3067
580
3371
7712
1765
4076
1768
1003
2850
289
9652
968
4040
548
5020
3126
9222
83
1542
9644
9638
7698
3100
7675
2277
1581
3611
4308
9658
879
3889
9401
5020
2610
4600
1681
1263
8073
4903
8853
2629
6950
6363
3603
8932
7030
9158
3611
2070
8960
5137
7389
9452
4681
482
5052
6660
7274
7027
793
5910
743
9598
5198
3653
9132
6449
6107
7692
6291
4024
8415
6797
3385
751
5185
8190
1883
2637
6295
5128
6522
7590
8163
5719
3207
1781
9244
1433
2757
9478
4689
6129
4174
71
7773
6810
9116
3040
2613
3287
3032
9156
8629
393
1913
8461
7239
8634
6055
3347
8885
9065
8702
5561
4457
105
5531
1161
1708
1811
8862
2022
5733
3902
1208
7
33
9346
6069
3880
4144
6840
1388
3502
1384
7655
7395
5098
1351
2338
127
3607
8044
9254
907
4144
621
5950
4339
9680
8219
1968
8512
6567
7673
1773
7460
5567
2891
8970
1305
4998
1325
8902
2667
7327
8570
2657
869
826
2634
5273
3064
9083
5133
7397
734
6095
6198
2133
666
5130
4169
2086
939
5658
2900
5582
4530
1032
6676
8299
4597
828
6770
9382
5729
5340
2575
4116
7255
2578
2851
6317
84
7396
6798
2285
5037
1381
9569
2650
666
3264
9052
5965
852
354
3251
2771
1280
2325
2854
177
1235
6451
7656
5691
7364
2902
9421
7676
5627
994
2727
4485
4752
893
7145
1044
38
1403
6674
6924
1942
3916
1171
2315
1274
5696
8525
3354
2111
2025
3181
2512
7420
6983
5492
9326
476
6381
6013
6113
4895
5265
1014
6622
9529
3714
8133
6901
1292
9427
6490
1928
8057
3539
1686
5093
4271
5541
2573
8581
3642
4673
3395
2952
4863
6812
1523
4459
158
5318
4233
8275
2015
2003
638
864
3714
6101
450
2998
4018
4470
4035
317
5929
9463
6776
6809
8605
2176
7123
4842
3402
7789
1601
6323
2766
2618
9443
7496
4526
8306
7238
784
6758
8616
3941
9493
6468
6851
1482
8236
575
3397
5974
1017
3689
6728
6492
3296
3065
6447
150
7157
1039
7796
1400
6367
2525
9105
6469
897
4932
3817
6299
8536
8325
6069
3690
7869
4943
1100
344
4613
5389
2160
1491
8990
1178
6352
1206
5378
2480
7320
9709
597
8979
2881
8332
1325
8993
5614
5236
4887
3836
9263
5837
5324
5627
1616
1566
8766
7880
7874
7685
6426
453
3186
1137
5426
9082
4528
839
6014
6489
4672
1385
8672
4394
41
7927
1942
8539
6590
5988
3547
5695
8790
6316
8806
8592
4084
3763
4887
1977
2933
5711
3247
6761
864
303
4338
6322
4590
9700
5204
6298
5533
6161
3348
1268
6760
6623
6975
6475
6965
1722
806
3297
7882
1286
5210
7854
7477
3316
2358
6039
4012
5208
8184
41
721
5299
7638
3122
2509
5913
8321
4404
2565
4887
4069
1003
1479
7644
6902
9284
1774
5801
9186
2461
496
1231
6028
3426
5837
4235
1523
2637
1775
1180
899
718
6638
6685
5587
4796
1700
3499
8775
6164
1118
9506
9397
5814
2069
2312
1479
3833
8690
5628
3378
3777
9162
4226
5439
2863
7510
6013
162
4083
2470
3667
7438
252
4569
7200
3143
4063
9322
2264
5452
7863
3548
3535
6793
6425
1457
6145
3843
8970
1767
6414
481
8478
3751
4199
9436
2730
3048
3044
577
9670
5715
6999
400
9066
5815
4994
5074
9163
6286
3197
7680
7342
1043
8188
4795
7518
3006
8218
904
8896
4371
9642
747
1633
3534
8537
1318
4426
1279
1189
8660
3461
8669
7
5754
6183
3084
7214
6263
6784
5616
2759
8192
2829
3298
5289
8143
3117
4665
8425
7733
8109
1917
3557
8125
5764
4747
4762
6465
6473
2130
4664
9346
8047
861
56
8540
6354
5459
6795
6346
8055
2940
2565
8629
8556
8453
61
2009
3568
6658
8667
731
7606
940
2712
3814
5886
4138
8703
5612
7059
6248
4760
9031
4279
7234
1716
1051
7330
5773
1362
6006
149
2496
3436
5400
7417
6022
6215
7130
7899
2272
9432
7722
8695
9196
1859
2195
8736
4246
8583
7800
7728
7371
5720
6321
5688
1516
7867
67
4361
8459
2679
4446
7570
1172
7238
867
4269
1364
139
8344
9478
9226
4053
8005
4421
3913
7996
7242
9466
3934
4663
276
3499
4746
5273
5138
8151
9710
204
8439
6934
3242
7600
8118
4121
7073
7799
5016
771
2505
8311
5923
8873
691
5200
9122
5584
2714
8475
45
5219
6266
4469
1512
7733
9218
8431
5546
4379
4944
6047
5503
4449
4574
9423
5379
5554
1396
9160
1115
4514
172
5233
3491
4002
4699
7572
5115
2176
8871
5987
3106
7095
3350
256
9384
809
3448
7720
2636
8588
8600
7886
2762
8613
8904
7211
1605
7837
2451
3040
6085
7961
779
339
3350
1381
8556
6046
7697
6596
7188
1126
8142
7150
6823
7643
9304
495
723
7343
7945
1164
5140
7956
2445
4054
2682
4201
9677
5159
4766
8792
5359
6058
4228
8417
4103
5456
9206
6660
8606
467
3266
5540
5504
6098
2461
5918
4818
2602
8733
4146
8388
267
8486
5207
3659
9472
4748
2082
543
7249
6244
9410
4494
3300
7631
2318
9212
5973
6512
2784
7900
2616
6203
6788
8832
4428
8360
9521
9598
8135
1911
5394
5162
1226
1179
8378
201
6548
9420
665
1807
1354
2393
6123
4861
914
6897
8327
4554
3449
5737
6785
5560
1240
6269
2934
4590
4324
4868
8639
7528
248
2627
5581
5149
9069
4013
3794
6690
3164
2682
706
9182
6275
9234
1162
8648
4137
3498
4255
4522
1665
5556
2623
8108
9391
2677
4148
6835
7518
3913
8151
2399
8498
758
8637
2190
265
4449
4499
4584
7125
3102
1234
9201
4520
6966
1369
499
5400
1002
8870
148
2459
3290
1453
5112
3352
4073
454
5408
8743
7126
3094
8749
6805
9579
7101
6826
4049
3026
6169
6289
3798
5283
7481
12
7342
2620
4601
9136
1383
2700
9635
5015
5678
4008
7949
455
2751
5516
3034
976
1806
3741
5422
2561
8905
3888
6163
67
6867
5031
7791
6160
5432
3218
4544
1640
3666
4757
642
2927
37
4146
6937
3393
518
8653
2300
8711
4492
8013
3405
688
1000
6873
4531
5234
7829
6586
1687
7034
4716
9146
864
4877
383
926
2562
3790
1709
2717
2637
5475
8097
4941
3235
9554
5034
5592
9452
3796
16
577
2727
4118
2640
6216
4662
523
1771
3534
9124
1362
8988
5361
1601
3387
6983
1311
4547
6622
4450
2157
7845
9396
8772
592
2043
1009
7893
8816
3858
5182
6486
6506
7596
7832
3733
7969
1610
3836
7249
4796
5722
3223
3286
2895
5478
8269
5360
5918
4478
1215
1793
2121
6361
9533
83
134
8484
7904
2495
8234
6388
1124
2561
783
5013
2342
3344
4317
9343
2002
2176
5353
8087
7965
8427
3480
5371
6029
8964
4808
7024
1869
4353
7189
1217
3734
9390
4239
1579
5179
135
6509
8105
8906
2820
8186
4310
4833
7925
8448
7489
2804
792
1387
8268
4548
6908
1113
700
3189
3063
2647
5253
9160
2957
9646
629
865
8996
679
7678
8498
31
5712
4292
9488
5097
1274
9581
6274
3642
5910
9711
9233
9647
8599
1323
9701
6339
2156
2088
1332
8199
1527
6825
9598
8060
1964
2640
6401
1653
1158
7596
2282
8967
5016
7875
2089
4000
2514
1253
4153
294
2882
2514
8926
8036
5119
2043
1230
8536
4428
2396
814
1996
4454
3287
3923
9707
3028
4277
7601
9494
4152
3485
4783
3954
8002
5434
460
6680
3790
9633
9007
142
455
4338
5566
8752
5310
3173
5316
1695
3285
471
2507
2611
380
8590
8075
6485
2664
8512
186
8070
8405
9239
5967
348
6706
8304
4585
7190
5732
1494
2770
2236
3615
7142
15
1246
1026
2038
8811
7942
2186
305
8590
7332
8167
8275
3081
5643
986
4269
6504
8515
8144
2150
8572
4884
5653
2379
5601
5619
4357
5328
8515
3176
9316
5095
6228
1105
9569
6805
1917
4094
6250
437
3903
7261
3669
1759
874
4620
3338
1294
9196
714
6814
920
1525
1570
4702
6643
2850
9071
1587
2903
70
8346
2513
3707
5263
4967
4571
3154
2939
3212
3644
5400
7625
5689
1942
4914
8534
7927
8
4832
1519
8392
3046
5200
5797
3010
345
6477
7694
6107
1240
816
8251
600
2085
4162
8330
4293
1588
7858
8999
9489
2185
2098
6724
6347
8429
7868
3430
7496
321
2692
3931
5752
5438
6770
3647
3725
9651
1016
3475
8701
3089
6864
3015
2141
9196
6811
3429
8222
7846
4673
7890
1183
4676
95
3225
74
6217
2764
533
449
5235
6519
6145
3010
4514
8881
4585
6941
9685
6296
8074
2725
3865
7902
7745
5428
4842
724
2360
7875
5221
2891
6794
5994
1679
8161
1197
7016
8529
5452
8134
7379
9221
9704
3429
3953
7432
8353
4574
8968
8462
463
1169
3116
6350
3054
5572
8454
2431
6764
6737
6940
1275
656
711
4989
8979
6436
1711
4901
2547
2315
1746
12
7401
8002
6230
6274
5906
9431
660
2059
8600
3828
2781
7183
2577
9113
7983
5084
2277
2308
5465
1928
3358
2275
2888
7244
4325
2924
7604
9014
515
4874
6273
4910
3479
4777
3233
3075
9720
1147
3260
4743
4541
6220
2035
5232
117
2438
749
6244
9592
5513
7774
8155
4168
7803
5382
3772
1145
2905
4436
2462
2964
4680
3638
8136
4315
8974
422
8154
9252
6645
2892
632
2317
2083
5790
1178
9242
5674
4523
3601
4004
9513
3131
4943
4765
8449
1525
4937
8240
7205
9616
7869
4969
9
5850
5966
258
3582
8220
4467
2033
7668
7234
6097
9037
2353
9169
710
1196
3096
8030
3685
8657
3950
8020
2919
1287
9516
1126
6801
5497
3944
7084
3476
4931
7994
9057
4740
1655
2569
8339
1031
7687
5767
9048
1241
4989
8163
1458
1243
377
1560
3775
7290
4437
2002
7632
4939
8186
8380
6304
8372
6311
9167
4015
8099
1907
3879
8384
8682
9350
9648
4873
2887
4980
2610
4256
8215
3647
8595
2863
4631
9699
1631
495
6709
9224
1947
6688
7376
7188
1943
2885
8287
8307
6121
9469
9340
7342
4822
7068
6639
7239
2777
5297
4655
211
2246
52
2772
3888
671
2713
5707
9421
38
6386
6123
9382
3237
4281
1133
6485
1226
2352
567
1491
5755
100
5968
5717
8383
1991
4804
1292
8782
6815
5030
623
6654
2707
4581
4098
2523
8510
3872
9357
2479
8414
3987
5748
7864
691
9373
4672
3599
8088
532
9221
5205
2653
2888
3574
2467
3222
5251
9652
1679
101
7947
7131
3266
1008
6833
7914
4403
8560
5185
674
5016
4013
4427
2328
160
1556
2469
5586
7125
1887
8036
1653
8028
766
5370
8961
7061
4985
7133
7606
9220
7703
8535
9329
9539
3945
8469
9552
1174
3833
4739
4825
7259
7842
7990
1801
2495
3279
6981
4765
7500
7945
4668
4026
2050
7001
1879
43
8636
4654
3685
1574
5941
4888
3656
7058
4084
8273
8676
6889
9245
560
7856
8244
9554
1963
6457
4036
7146
5316
3566
7175
117
2349
5962
934
3038
163
4739
2648
5217
1837
2077
7651
5558
8336
2474
7120
7438
3355
7247
8610
2828
783
9444
9498
7400
3898
58
7821
9251
6112
528
2049
9499
7762
3175
688
5722
5513
1491
6742
68
3771
4829
9061
2073
6674
2852
5390
5613
9634
4162
6560
2293
7064
8214
7600
8105
7149
8062
630
6452
343
2317
4858
2714
1238
827
8364
1264
8567
1463
4405
8318
2036
1217
6120
4450
3048
8109
2385
578
8572
9686
7144
5642
5377
6135
4982
8832
6760
6572
7556
2178
2979
1801
5892
7652
3264
3030
227
7028
1299
8300
6936
64
7751
2032
6978
7316
3704
1191
8047
6986
1021
6037
8189
9529
6905
2705
9059
6789
9307
7142
788
6252
3789
2227
1465
130
6278
8318
8540
8624
9544
1560
5016
1272
670
4528
6844
8840
4822
119
6497
2179
7345
7167
7745
7549
3730
1963
6957
9163
2493
9694
8972
9043
5019
1102
441
5171
2561
125
8907
6557
5678
7957
749
4929
8005
5100
8585
1242
3365
2251
7400
9464
4517
8612
7908
576
6925
9501
2999
8795
1906
9473
6187
1890
529
1604
3462
8604
1135
6927
1435
4702
3654
6202
8964
7214
2179
160
4982
7604
3959
2874
161
4807
500
3265
6345
5404
7907
1583
3701
5895
8040
3085
8650
9142
3018
9549
3956
7020
6148
9519
2920
253
158
1881
3065
6457
1556
2205
3626
8506
261
7434
3398
2709
8170
9391
8758
2740
9473
9025
1720
3220
6510
1300
3243
3538
8360
3659
1690
8105
954
2822
2570
7543
9363
7046
4715
8570
3982
930
5343
6547
711
3835
6690
3960
8687
4047
9188
8007
1995
8841
3854
9003
4500
2020
1855
318
8868
7172
2371
5189
1149
2961
747
3352
2269
7416
4821
278
7500
3957
5860
237
8348
9217
8893
461
5295
9123
4784
2314
2621
8586
2121
3866
109
8944
3563
1309
8297
949
4043
7901
4855
4249
5379
4538
7291
2070
9268
4030
8352
3147
5370
7055
8599
2126
9518
3437
4758
6813
6552
2258
4594
2664
3101
2571
9442
6908
6383
4101
5699
1603
4356
5758
1406
6543
9560
2462
3983
8574
2474
5796
395
3614
6320
8160
8989
6589
8932
9676
1941
985
1758
2621
719
4434
5135
7425
6012
880
2613
3740
7412
1453
366
1080
9698
253
1129
8456
3244
7669
5554
1082
6315
3135
1731
455
1411
9452
5037
4472
7332
2202
6726
2625
6997
4548
654
5739
7741
9449
3890
7434
7986
7315
7757
2346
8322
6169
1057
6331
6536
4188
1145
7524
292
8353
2894
9085
7900
6813
4648
8125
7967
4631
2283
612
8679
5069
2268
6149
8150
7904
8947
9537
4078
3003
4116
4449
8869
7067
4400
7816
25
2922
4237
192
7814
6482
9047
8311
7947
9632
3850
3646
2125
6374
8708
1282
5875
6652
8784
5800
3533
3424
3951
7317
2123
4384
2497
5636
6077
3599
7359
7297
4300
9226
168
8405
1920
1745
8925
8405
2418
6082
1700
5771
944
8681
7614
2774
3096
933
4198
9701
9209
4616
4809
7301
1311
3565
8650
5217
9035
6473
7914
3411
947
8293
1342
4208
5319
2166
7060
6882
1992
2410
2641
238
2874
996
4087
9411
5328
7876
6231
2821
3316
8173
6868
7813
6899
4940
5976
5021
3381
5059
8529
3301
4940
3446
5341
3431
3137
3481
2753
8278
7983
4440
2776
2360
2966
1035
1144
7812
2742
1171
1127
8383
6550
7516
6609
3389
8662
8417
4295
8202
6098
6387
6334
7590
8262
1410
7650
8685
5567
4123
7230
5307
4176
8253
4667
6927
1152
1646
7179
1245
7274
1220
3837
8852
5641
6591
7745
2706
6107
9297
4030
8626
559
5175
6886
7721
98
6908
633
5518
7675
1008
7464
7281
8875
3499
8312
2315
1136
6965
8193
7993
9009
7669
4193
4002
1482
9640
6365
5040
7825
6221
2522
4626
7418
2753
5050
789
2762
3151
5798
2367
6639
1631
7602
5107
2574
2536
9000
6090
8571
1730
6236
6843
8214
9045
6732
4720
1824
6996
298
874
7971
9708
3320
8464
7416
6363
6161
6664
3474
3631
7430
4361
6121
2745
5575
2875
6186
6177
9495
7225
2130
1837
7670
4410
8446
5263
6069
6934
1481
4050
6851
3963
8988
732
8036
498
4636
1038
9687
8625
1015
6400
4762
4481
8235
5561
4229
1973
6367
2711
8863
4119
9145
3653
4632
1753
3273
1753
7889
6748
8115
2888
1972
7239
2076
9365
183
3411
2679
4583
3900
265
7251
8178
3661
9584
7207
6764
7511
3697
5215
9055
4080
2024
5310
8983
52
3565
5337
4393
5010
5183
3409
7587
7404
6975
7831
3940
9293
8403
8292
8818
3102
8721
4327
1244
7871
1221
7144
8442
1740
5321
4285
6804
7576
7383
583
2860
8030
3113
7272
7912
9221
3241
4892
5142
8049
7100
1120
7410
1195
3120
9350
5170
356
8797
9179
1842
5382
5839
6702
1255
2970
1871
3119
5569
5410
4368
6499
3160
1121
4678
1893
6027
9149
4324
7724
5132
2014
2090
6604
546
6699
479
2739
9303
5098
2711
7807
1224
8322
408
6407
1301
7391
2526
3123
2383
7375
8477
5778
8292
2798
1801
5329
3030
6656
5294
3417
5204
1671
9400
5490
8294
99
9298
7968
3094
4350
9009
6280
352
1891
2762
6933
5852
2403
7499
7754
5985
2977
8471
3371
707
1802
4221
9339
1230
7328
1027
5579
754
8239
7507
8891
6139
4071
4214
5544
1893
9113
6627
340
8291
8101
7050
2498
1356
3041
5048
835
559
1678
1088
507
4499
9480
1650
6707
330
370
7352
1060
808
3785
1407
1737
7265
244
2694
2227
6476
5762
9198
4264
5367
9346
9300
2817
5422
1868
4751
6634
2002
3564
44
2575
2829
4393
2758
9145
4480
4745
7570
6806
3232
3975
7617
7419
7901
8057
4109
9234
6000
4953
8715
5822
3944
8304
7445
8569
730
7495
2715
5989
6005
5331
5136
2863
6659
2362
9204
9677
9545
6054
4700
222
6389
6275
8261
7801
6606
3439
4153
4368
3216
1319
5998
151
6260
8319
3879
1446
8739
1126
2788
3009
8353
6277
2352
4235
7953
940
7165
2167
281
8722
4871
948
8436
8587
3581
7504
2368
685
5255
2007
5551
8120
1847
8223
8252
4876
8098
651
5417
6846
2547
3015
6015
3245
1471
6696
1813
1349
7352
4459
3345
3362
2323
8433
5842
4704
8420
8083
7910
3869
3302
7226
4806
7662
2484
9344
8383
6209
3320
3534
9153
6884
1311
1066
9279
5563
9494
7371
2379
4125
5397
4310
5229
4386
7675
2711
3160
257
8720
6789
5016
5287
6238
4454
595
8181
2607
3216
658
2491
6658
4409
9093
3403
7181
1260
3207
1116
2138
5429
7076
8409
2100
2874
7477
4864
1780
7956
9043
2871
603
8834
3903
4902
7909
7521
6216
7823
7400
1393
3264
8922
5347
1963
5765
7832
7933
4861
9232
6
2260
721
9025
6920
8633
9504
3545
1291
3717
4547
5750
6893
308
5317
7170
654
2978
2193
9233
8006
9157
7457
8803
3668
5052
8050
2375
2569
9200
523
8680
984
475
7193
3040
4310
9537
2502
7152
4841
8576
7391
8931
1622
3235
4436
8493
3278
3176
8815
4521
1629
7447
6165
4675
1635
5467
2445
2686
2536
6680
4760
6944
8482
8684
1448
1145
4044
5147
5931
1135
6951
1835
6333
396
3812
6502
4746
7431
5118
6478
4036
782
5535
14
5333
2402
321
3405
685
6545
6600
5819
7898
8586
811
7865
7398
7990
4636
7686
6508
9389
7172
3441
8354
9212
8525
3949
3366
5043
6323
4661
6697
1838
8372
4146
4063
9165
7301
6735
4536
7097
6032
5071
5341
4532
6636
5143
5408
1230
4660
3233
8732
125
2304
438
4837
9017
6283
9490
1369
3641
8938
121
7166
5547
4715
3580
6111
4264
8406
3529
8963
5913
133
3470
762
8299
9551
8062
1025
9686
1354
1964
9149
4998
1630
6793
7783
9539
709
1844
9242
821
6336
8161
5882
4686
2409
1490
704
7433
5696
5794
5009
8243
8881
1459
2420
8364
9523
9200
8832
5203
6770
7131
2007
359
5841
5230
4339
7815
8701
7818
8337
7795
3068
956
396
713
1153
2674
4541
3473
1792
7457
971
9012
8243
5005
19
1841
1356
7065
7599
8890
4425
6394
336
8317
3505
5314
7485
8144
3212
2452
1033
3761
4795
4116
433
2976
8215
9277
2974
5074
3727
5839
6962
855
7332
3255
8929
6192
7168
1442
4891
7289
495
1836
7744
1011
1073
3476
3402
1368
4444
480
5255
1514
5929
2209
7965
7750
4123
1672
8765
2338
3330
4034
2904
192
2068
8949
8154
3906
6314
3552
6799
474
7543
5101
2364
3919
3796
1273
2707
8010
8537
1378
8233
6262
5736
5668
5548
64
7499
8404
5753
7352
6486
5953
551
3226
5628
4800
3159
7197
503
3834
6293
5756
6874
8350
7338
4583
7756
675
1138
9547
883
4173
9056
2923
9553
6023
801
8343
7071
6735
3799
1271
5425
1160
7566
1382
3209
3932
7866
778
3515
4387
4413
1559
2727
9633
330
8166
2477
5592
6985
7294
1595
5366
8212
3176
7019
5714
533
421
3084
5045
9599
7248
928
9279
8704
2101
6028
5929
1830
1844
6830
2137
9322
313
3056
5876
6200
4683
3264
7821
2982
6850
9125
9412
1935
2551
587
4022
4409
7095
1551
2003
1499
4650
8404
909
3833
7843
4728
1197
5920
5492
7246
9095
1088
3882
1429
6049
2966
2219
3201
1491
4593
2359
9434
559
5970
8155
281
7971
2006
8359
4241
4309
3145
6894
7993
7806
4296
1424
3349
6775
2833
2965
2280
3869
8374
2994
7310
7364
559
1535
8131
8284
8730
1967
8849
7533
1854
3244
3390
1088
2295
9119
9037
1123
6624
6432
4249
814
442
3620
6237
5793
8066
690
7957
536
3385
7081
5970
451
1924
8002
6415
8938
3865
3327
5589
4892
8265
2451
9095
34
9538
7513
8744
5381
450
5861
6842
3446
1112
9597
6672
5197
7665
7167
4136
4804
9402
659
453
4696
243
5234
9398
3575
8829
2208
4149
1420
1736
9244
4992
7033
1466
8584
8509
9470
4163
2799
2287
4192
7462
4753
8911
331
9220
6521
5932
8188
8645
2877
1609
1488
1876
4814
3787
2740
7230
8188
326
3517
6193
8920
5659
2949
1416
7014
9196
4281
2688
7703
3607
3418
4301
3424
4112
6973
9342
4300
4432
7051
7664
5254
4530
8544
6455
2781
2661
5588
7825
4847
118
40
7966
219
9147
6266
8840
9354
6196
1463
6152
6051
5588
1053
673
8600
6259
3997
3016
1916
7721
4813
4984
2839
5650
5914
846
4099
2512
9114
5643
2142
3738
9716
3853
9127
7478
2280
2189
7775
736
3490
9181
2943
385
5362
1970
3091
9632
7790
675
7536
327
2895
1182
1275
4527
8391
2841
6440
7431
7529
5334
7991
1602
7040
9276
1825
1016
2427
4780
18
7909
1222
8283
7802
5628
6641
4875
5647
8515
1220
8042
2203
313
2670
9169
4161
7220
8350
54
4373
356
2033
3904
152
4183
2983
5127
535
8817
2028
8836
6858
8698
1177
2100
1449
429
7048
6367
8855
1938
9160
8095
7397
350
8678
6946
1787
7415
1247
7602
7924
7212
8914
7168
5373
1694
2460
3690
9542
4915
7459
1248
4647
2438
631
1565
7519
7314
5678
6520
6449
4743
8606
205
9460
41
5705
1322
8750
2063
4297
4491
8215
5786
9159
5065
6449
3099
3192
5430
9495
2569
8241
8856
3876
5171
7918
4414
8857
6043
9311
3377
7584
2391
2794
28
3453
6044
9462
2837
4833
7195
6014
1398
9328
9435
1859
954
8356
8071
7347
739
289
5431
4494
5693
9178
5141
6170
4373
2071
7753
7149
349
5031
6254
2997
7133
5126
8841
7679
209
374
4426
5305
9498
7146
2701
4901
6908
3185
2550
5335
9656
818
6997
9445
3990
4566
6144
2139
7256
874
6298
6825
1609
1155
5690
4804
7649
6628
1119
4694
8355
6106
2842
9638
4921
6127
7929
2395
8432
7677
6557
1869
4237
6214
1607
2368
3462
9334
3085
7481
1400
7788
698
6466
3651
7432
7882
1936
7808
7566
2651
3409
660
637
6889
9403
2592
7946
6911
4583
9041
6338
3859
1708
9216
1863
8610
7234
4673
6370
4775
54
4046
1531
1094
1805
6101
5370
5496
5996
7700
4805
5419
2494
228
4915
799
3772
2871
2949
1305
7716
1555
4628
6917
3869
3098
9663
2895
672
338
5026
2142
8670
6406
3882
7512
5879
7378
601
1486
5213
8361
8259
3618
6653
5205
9215
1003
1348
9323
8075
8281
6374
2099
6103
7702
2545
8042
9224
1107
7126
1214
4523
2305
5185
4065
9552
9659
9466
95
8930
785
108
1001
1118
1797
5265
1320
2959
8943
7592
4131
5000
3705
8582
6329
6314
2255
2851
8470
2783
1159
7194
9504
6410
602
5831
1513
8229
4865
5429
2968
4070
2874
2238
708
4415
1044
1049
8440
9331
4923
1444
4777
785
5174
5183
3290
4707
7084
1782
8383
9645
8971
159
5590
3032
647
2945
8948
7606
5128
649
2076
4693
1305
9359
3115
8386
5229
6438
7110
9030
9649
307
7556
7771
9423
2022
152
492
5562
7330
8890
1275
9031
3508
6352
7761
2844
9158
3638
3833
8522
3556
2065
6485
6263
7447
5184
371
4999
7594
1596
8298
1781
1296
5085
7506
5214
7697
8858
5566
1745
1396
428
228
7332
3955
5506
179
3745
9536
1249
6245
295
8091
5355
2023
2585
9666
250
3976
8012
4747
4513
5491
826
1908
8393
2191
2343
5941
1690
5398
9426
4206
9222
2252
3603
6120
1857
1536
4916
1057
2377
5553
8086
3462
1277
7471
839
6791
7429
5940
806
5885
3960
8030
1713
2184
5845
5518
7950
1116
2301
1205
805
892
6265
7994
5272
9422
375
8794
3537
4368
9093
3374
2712
7258
2439
7282
6480
738
8990
8950
7710
4858
5762
2721
6658
4527
6220
3141
7717
255
7152
1213
8931
7441
426
1359
2519
5201
2259
5970
6205
8496
1508
1233
8492
9392
9037
750
4265
9269
3564
1606
1800
7823
3923
33
1111
3121
4583
7573
8813
6449
9000
8446
2202
1956
7623
6210
2878
5495
6966
9669
2963
258
5216
8930
1015
3025
8525
3815
5093
9418
3994
8384
3373
5681
3456
9216
9376
5579
3747
7642
7833
2093
4622
5066
6506
7218
2640
4715
7682
753
9638
4963
6327
5816
588
899
2019
6273
1258
8435
8357
8706
490
1119
390
1119
3513
1325
4991
4786
3807
7401
4316
2560
5395
6079
5147
6128
8964
2003
7642
6723
435
2861
1894
3323
8322
9593
6917
1005
8282
157
508
2205
556
4331
7830
1890
712
5242
2283
6244
6114
5686
2101
9263
6356
7326
5149
4757
243
2240
5015
5753
593
3497
8077
4980
7627
5063
7114
5164
534
599
5046
1450
5476
4185
9540
5824
6655
8263
4021
980
3417
6560
5191
4367
2433
9141
4636
386
4680
2559
4356
4224
7442
5720
4309
8005
2193
2816
6434
6248
2992
6354
1412
7445
5611
2817
6484
3694
5620
5701
1955
4277
2576
1489
2986
2570
8426
772
1918
509
1373
564
3281
5055
995
4855
1159
4261
2541
578
3590
825
6763
4947
237
9608
8274
6084
7877
6678
3795
4019
4675
8543
1796
3966
700
4853
3946
7640
7142
4194
2675
3584
732
9377
7754
7703
9528
7260
2987
2223
7015
2295
2585
6199
1675
8809
4550
9001
9182
2174
5206
8100
1675
6082
9257
9725
1056
8100
2193
6025
1168
2361
5634
3667
7179
3147
1273
3612
7796
3195
2310
8096
1105
6728
3085
7865
594
1897
7342
7696
9657
9507
9702
4312
2608
5458
7461
4699
6257
2212
9423
7891
9034
6400
3568
9624
5451
8456
5303
1737
6015
4961
2322
9554
4830
1860
6470
7601
304
7154
7410
9420
1976
9014
2305
4661
3167
5790
1819
5164
3898
2195
8365
4670
3068
9052
5560
273
5001
347
3329
3395
377
1059
1301
4542
9021
5710
4474
3330
5986
8052
1657
7913
5033
5212
4978
7537
5796
2888
5939
2233
2612
8933
1067
8570
6239
6665
9525
8634
3514
8384
4954
7064
7215
711
5893
5089
1924
2896
4247
1743
3858
2937
1549
2855
1919
5573
1895
8179
7240
9686
6016
6900
3975
6100
5507
7019
3214
9396
8924
5847
5453
6152
4173
3531
5884
5305
942
5446
9264
3960
1391
3054
1343
6677
7419
7578
6710
4461
5833
975
3108
9543
5182
5513
1720
7080
7488
8093
3690
5896
859
3868
1726
1905
4953
3669
9234
9197
4825
9073
2265
303
1039
655
8914
8788
2276
3399
5539
7397
1311
1953
894
4351
3217
6153
9263
690
9217
1751
3157
2317
7905
7704
8189
6546
203
5
1930
2175
5433
49
8540
3370
5460
3408
8278
2783
9441
2612
2466
3090
2790
1285
9205
9666
3774
8519
8766
5079
7048
5818
7147
4901
7246
5293
521
369
9063
5469
6802
7515
1397
765
9265
9457
8582
8383
5285
5883
6939
9009
6204
8865
881
9392
3087
8758
4611
1656
2931
1124
2178
6918
2061
2697
4561
6721
8351
7441
2130
2396
4572
9725
7819
4954
8392
9487
9691
2760
5297
9583
5266
7708
5172
8531
2568
2932
8055
662
8615
5899
2870
8314
6078
5399
325
249
8404
325
5099
3207
9359
8574
3493
9077
9410
5836
1050
2649
2176
1165
5092
3336
5810
1587
4914
6826
6421
37
6365
7307
2744
3965
7002
4331
1502
5850
5365
6065
6010
8060
4821
6454
7984
68
277
4521
5224
7834
2222
3824
3674
3541
7940
1242
3450
4999
4655
1283
490
9496
3448
7976
2185
8334
928
1894
7660
7386
2412
5327
1959
5561
6976
5696
6899
4935
44
3234
769
2474
325
7417
5768
8576
797
7148
4706
3083
2852
9085
4275
7434
4352
5591
6274
5841
5853
2306
3301
6690
8981
5729
8739
5718
5448
6460
103
678
3316
2839
3199
4519
5374
443
6732
9062
6639
531
9332
3790
8648
7669
5041
7042
9148
9429
8068
1206
8239
2327
9726
5632
8783
8819
6843
5519
1089
933
7942
3116
4089
6935
6380
6318
8778
336
1918
7814
2563
6503
3586
3648
4091
1847
6154
3091
4517
7691
3679
6992
8134
8692
1926
2998
6235
4224
2663
8682
3839
7723
4309
1577
6955
5047
9086
2952
1020
36
183
5246
9227
3365
593
7830
6681
8236
7328
8842
1859
1787
6069
6292
1296
7966
8742
3596
2701
2752
6508
5574
8606
6697
1506
4925
6051
9258
5887
7531
6315
1638
5125
9193
169
936
6254
7161
8510
9042
383
8144
3481
7477
5125
2308
8717
6992
5333
6532
8034
1129
9253
2907
3798
8060
885
9689
1294
4075
5194
7064
5211
1882
1584
8473
6062
2836
1287
1952
1230
7813
8644
489
7404
1963
1114
2674
6429
501
4467
6799
4886
254
7619
1797
1720
2810
8596
5345
1441
1348
4405
5351
1923
5969
6188
8493
7804
4491
3335
8170
245
2180
8656
3295
5198
6485
8114
6185
972
6150
5231
1974
7154
4803
3791
2507
6445
8764
5285
542
8069
4026
5135
719
565
3760
6372
109
2528
6667
7192
1971
2601
5889
2503
6839
2011
824
7703
4648
8332
3299
4217
6876
2293
699
4403
9204
9498
3881
7097
4784
3880
8433
3705
6924
7097
5019
4729
4881
9086
387
566
3000
4511
6207
1400
5155
7595
2040
7777
1294
986
4957
4514
6751
1686
8723
6733
5939
1844
9359
4962
2971
5437
744
4847
20
3984
8935
8807
5110
4731
8747
3324
2341
1747
4520
2882
6031
9556
2147
156
3479
525
5850
1432
3367
7655
7278
2701
6678
8507
8233
37
7185
9578
7283
5642
1382
1654
7518
5805
6561
6330
7643
3309
4590
1337
1286
3766
2597
3836
6928
7393
5219
2151
1661
370
2570
8069
6885
6763
223
7902
5181
4692
7874
3120
3384
1609
7059
7942
712
2641
7251
5143
8676
2711
4785
4440
8339
470
9094
5490
5637
793
5122
406
1334
1346
1506
8635
1450
777
4785
8922
6301
7623
9623
881
689
2972
3494
364
8673
7682
3278
7238
9040
6091
5638
9029
7382
3867
3318
9141
150
2348
5003
395
5742
5676
2495
8922
2169
3052
6414
1400
6036
5683
4215
2828
809
2516
594
3929
141
2179
7256
4301
9673
6206
2704
1818
5709
6020
4990
2626
8325
1424
9510
1366
8379
434
6441
8811
7099
45
7813
8790
8716
6997
4309
5753
2719
6778
6134
6763
4179
7458
3344
6178
4742
1539
6412
8171
4321
4101
8730
318
6707
7100
4306
1251
4800
5845
581
4244
6549
595
4091
9294
8148
8176
6108
8610
9433
3944
6694
7788
6456
5621
7027
2348
5019
8532
4984
6037
1178
7591
7746
7924
1398
3403
9483
6530
8360
224
3574
5871
3995
2807
3989
5286
6518
2387
4907
7619
7780
3851
3005
6593
9378
5527
7346
2569
1966
880
4763
5474
8820
4642
7328
7107
2594
1877
3373
9724
8940
8998
990
5001
2158
9328
2721
4981
5934
666
2648
3463
5711
7383
7685
5763
1713
5589
5763
3037
1947
6473
8647
4381
8971
2380
3409
4359
7577
8308
7499
3367
6172
8739
7175
1097
2504
2801
5891
1551
1410
1549
5335
3923
3333
3281
1193
5258
4664
1919
5858
6836
5066
5268
8495
7049
3418
6869
853
7379
4276
5439
5165
1709
8669
7020
5976
7456
6357
7116
6680
8350
1977
1743
7546
4291
1253
5158
7545
5300
2776
6576
837
2575
5310
9001
4186
7602
8605
8725
5746
1010
1394
6706
1338
8395
3394
5376
7955
7602
7861
7731
6797
2812
3267
7558
1266
4474
5129
9056
4754
1726
9502
7187
6188
5929
7075
9419
4294
7844
1703
4637
9004
353
6166
6743
6535
1300
3314
119
1009
9175
3577
9642
4807
1590
5142
1553
7915
1473
6494
6503
7338
3450
2561
5236
4851
9403
6026
6413
7472
3796
5529
9708
4644
8633
51
2336
8647
1417
6189
5151
7238
7349
3088
2344
3025
2549
4933
9280
2386
1552
1717
8011
6000
5169
4145
7720
7203
1999
6899
7887
522
1676
5046
3595
4960
903
6690
6448
8609
2556
959
1658
2206
4887
9254
3584
2300
8883
4359
394
8355
3773
8142
1310
1709
3077
3091
5333
8703
7070
6227
5130
6628
3036
1342
197
8882
7072
1990
5876
3576
7393
256
4595
6417
40
1309
2245
7823
7074
6489
6567
9146
471
7714
5975
6064
7497
7053
8249
3787
6126
2592
7582
7635
919
6403
3749
7434
3644
7784
3553
3984
4996
1294
4645
9629
7629
8609
2655
28
4438
4844
9427
7123
7085
8613
4753
2549
7374
3432
7980
1761
82
5169
6629
8834
4606
4320
2004
100
2104
172
2217
267
1462
3985
8920
3383
1516
7970
1750
202
7268
4098
4245
4430
1670
7052
9288
5299
9232
2050
4200
4394
8398
8269
8726
4523
1162
7180
834
7504
991
9520
2583
4456
9600
6930
304
5633
23
2743
8940
787
749
186
9301
673
4177
9727
9609
320
1590
8486
8484
84
5076
7311
5425
9169
1883
2242
9060
1872
6955
9481
7374
9169
3947
3857
2289
3151
3513
3474
6200
8409
1715
8826
8550
1095
7113
8341
7665
3962
9059
4497
6324
2292
2493
6068
4335
1758
4572
4994
2019
932
2792
8628
1384
7665
125
7077
5539
6227
4763
3110
6489
27
8490
8163
3007
7199
8800
5042
6257
1391
5384
124
4506
8183
7304
8927
4699
1827
3287
1929
8970
233
2623
7085
4603
7304
3859
1585
4389
4893
732
7799
6761
2847
3199
3797
2324
2029
6149
4466
7302
3471
6350
851
563
7067
7653
8768
3729
8385
625
5951
3115
133
2004
7636
6372
