3 85 44
6968
7440
2630
6429
6171
7721
5879
5376
6873
1878
4939
7435
5531
186
6250
8185
3024
5997
7702
8554
3841
7927
639
4767
2795
4894
2870
9010
9055
6880
6873
5846
8105
7737
7319
4014
6329
6367
995
518
2217
9622
6817
187
3346
2830
7201
2128
2168
7963
6168
1323
8106
4656
3231
5688
6674
3627
6717
6376
6060
7558
2241
3575
9497
8896
124
2253
7309
4350
5634
5385
4058
6511
9388
2839
9527
1463
6939
8083
8889
7065
1978
5437
6520
15
28
67
52
82
83
36
18
63
79
38
19
70
67
15
28
26
3
17
29
18
9
16
46
4
8
6
17
27
41
55
1
49
21
48
17
57
28
75
8
41
12
48
50
