4 9805 9566
5400
4238
2083
8833
9229
5402
6107
2064
9708
6983
3677
2157
9828
9680
4394
9882
2361
2368
1190
9439
3349
814
5530
4870
5715
9532
4909
882
1084
1054
8842
9783
8959
2533
9081
1674
4927
3223
6626
9660
7690
6929
5395
3190
7609
4089
8327
33
1659
4222
8065
9670
3459
6609
8250
2797
7083
7707
6572
5220
4281
7170
3730
3745
988
7803
8895
107
660
7977
1325
7652
2079
4102
6599
8864
6797
9799
4050
9943
2633
968
4542
5148
3483
1077
2108
9282
8869
5914
4397
2791
7826
9243
2878
6717
9578
406
9576
2065
67
2994
6874
7992
300
1015
7718
2971
9033
1157
1083
6703
1876
599
999
5161
4360
2120
4338
5923
7036
4435
5753
5090
6601
9180
6893
4751
5129
3986
2176
8385
977
1396
2063
5519
3658
9735
2836
5855
3585
9696
3835
2633
1617
8757
1490
9318
7876
4942
7187
1267
4315
4670
2812
6416
4888
8091
4630
4789
5256
3472
521
2508
2493
5809
6653
139
3846
364
3457
8231
8232
8719
2464
1316
758
7568
3541
7747
4686
5446
8343
9363
6319
6764
5327
7793
9025
5698
1812
9544
2560
2222
4427
7745
9788
2911
1188
4704
1906
4115
5866
8537
3021
8538
3855
3516
6230
2273
7363
9581
3236
4591
4211
6764
5395
7668
6634
3297
9826
4561
1729
1830
2209
5845
6226
3157
8043
6370
2938
1669
6264
8828
207
7230
4153
5032
706
9531
1536
1657
1230
3480
1706
3829
6908
733
5303
7257
7709
257
4886
1851
4526
8162
7149
4403
4081
8478
5787
3641
4269
8964
6510
5645
7399
4675
5286
4546
5828
2680
967
1735
6906
3964
896
4073
6468
8767
4621
442
3966
2333
2558
5502
3458
1697
5110
5850
2145
3187
9659
650
2212
2968
2676
9325
3314
3031
9931
1140
5065
9915
4181
5214
7289
4353
8245
1901
6275
4088
1440
7798
171
3673
6862
3997
2533
2503
3099
3701
869
8098
1904
6194
1590
4846
2837
3848
6149
6059
3397
4278
4381
6647
6619
7624
3734
1571
4254
3542
4825
377
2889
6750
4076
5422
3137
7838
1564
3673
566
7208
9157
4621
4422
6902
1128
574
1778
1876
1617
7987
7263
4671
5949
494
2668
1048
9115
5509
3343
3796
398
2560
6960
7423
2521
6665
2869
7921
9305
3729
1258
4552
4335
4962
5757
2250
4618
4540
1787
5723
7766
4918
8943
644
3813
8237
7155
9625
9473
9441
7442
3958
1675
8194
6627
7261
4185
4635
5731
946
3621
5625
9843
6280
7668
1587
4136
5879
5371
8320
9048
7516
7484
4286
7188
2139
148
235
8121
6731
7043
1883
611
6991
4150
9006
6023
8528
4359
6920
7256
6845
2515
7806
3243
8688
6072
5315
7954
1876
4678
3147
2887
6270
1209
813
1383
7113
3441
5410
236
3091
8588
4211
4360
4604
1495
3287
2579
5254
9876
5444
2117
4423
9322
4789
8736
7963
1148
7075
8328
8881
7794
7990
729
7360
1280
7947
2921
6544
9974
2772
8196
4230
5947
4919
7956
2793
6486
1076
4121
2451
2396
9196
9155
3501
6422
2277
6762
1362
9078
244
9762
8946
9941
2232
8927
3778
5126
3257
9909
2587
128
849
1117
2225
6029
4075
178
6505
3798
3300
2613
8734
1716
2589
9390
1167
3015
4972
9533
463
8179
468
2404
7724
6500
5742
8855
7895
672
5043
4236
4495
9089
596
9451
8367
5625
6422
3497
5484
6774
7147
5274
8216
1121
927
8588
2182
8773
742
4844
7425
2678
7720
4831
4265
8477
3310
1239
7524
82
2239
425
7667
9609
1489
8822
9887
6705
5238
7308
6188
1955
9329
898
9021
7118
748
453
8774
9026
7876
5591
6726
5381
7409
2391
6609
4188
5509
717
7811
4787
131
8012
1040
9351
2561
3666
3097
5014
8022
2091
982
7397
2032
66
4554
6119
2319
7252
8678
4279
8349
2589
4783
9505
4747
4776
9591
9757
1072
8020
2563
157
6522
4916
8442
7643
6232
9944
8641
4409
8959
3389
8204
3643
838
3357
508
9773
1604
9411
9874
5592
2057
6374
8074
6674
585
9259
1038
3007
6574
5487
9073
6403
3020
5060
9743
339
649
7309
2787
351
5259
2911
7583
5534
2111
2186
6358
2108
6616
4453
4870
3884
4605
2602
3386
4825
3804
2294
604
1731
7078
5205
1710
3810
7403
1456
5059
8362
3936
9351
1022
8072
4749
9439
3024
7917
9049
7768
1082
7758
3038
7123
8382
9969
4405
5111
1436
9356
5368
2790
6236
481
2987
734
66
2804
1849
5838
3201
4789
9538
5082
4016
2308
2717
869
1983
4306
40
1900
9451
8127
6329
75
4772
9198
5073
5769
1222
886
5314
5188
2249
3830
6778
3373
9112
4997
9552
8530
6212
7375
8063
3462
5287
8213
88
3446
9151
7391
3493
2252
8227
4061
4773
4540
7727
6942
9963
8121
5201
1598
2559
2474
9925
9522
9282
3448
8026
8358
8455
9527
1954
3125
4365
1594
1710
3025
8210
5209
8905
4671
6829
5025
5254
5660
8413
1123
8559
2143
4602
3564
4543
7687
8602
4442
9978
1508
7057
4848
3737
8157
6564
9603
3750
4101
3423
8508
1665
6012
9162
9829
6739
5844
1569
9559
9585
5889
403
7669
4202
3806
8719
4430
4430
750
1505
244
3050
6004
8925
7426
1662
9460
6587
7375
1931
5715
3125
4095
5104
2460
7430
8285
3430
6638
9781
8229
835
6565
7526
8704
6036
2988
3894
4292
8408
9750
8508
8600
5743
4645
3769
4722
3768
701
5310
1156
4183
3225
8393
7616
10000
6347
2382
2620
5957
5676
9466
5188
7946
3828
5722
338
2778
9241
5221
4816
8500
5630
4884
7452
1841
9359
6795
4466
1532
4805
7127
6965
2144
3363
2496
1409
3756
5852
7763
4330
2307
1278
3200
1493
1135
9852
3109
2399
3150
9495
4622
2461
4083
6954
2085
4422
1580
7687
7507
4403
1487
2415
7419
3375
1473
5994
4898
8787
5434
8926
2469
6987
593
4578
7452
3354
3797
878
9371
5248
1721
2225
8840
1043
2237
3420
3978
6766
9989
5015
5162
9515
8836
3910
5282
8903
2502
5405
929
8122
9784
4895
9017
3420
5909
9728
4731
9241
7912
6785
230
8586
7634
2656
9594
162
1672
4986
6041
3329
1717
8612
6291
9631
5113
8940
4546
1183
4568
8707
7066
9761
9637
6312
5130
533
5475
3170
522
5091
3436
4950
6883
6524
8970
4258
2711
88
9093
2294
6904
3685
2440
3333
1353
9282
8996
7050
813
8480
4711
2541
2078
9453
5673
660
6204
3391
4248
9774
2406
3896
3760
432
3013
8910
6901
6493
3208
1214
6538
9511
5626
2775
7232
9482
3053
489
26
2965
1318
3089
4420
912
9156
4271
2201
1634
7813
8893
7637
7431
1716
897
8402
3876
125
9786
9748
9737
4939
637
2643
3374
8396
4683
8052
5471
7624
314
8746
6478
2601
4891
2110
9100
4239
9238
3024
7855
9882
3242
829
2985
8629
7328
7950
2699
6009
5960
1237
3149
886
5079
129
7203
2534
1976
9015
4066
4534
5964
7016
81
4759
269
7888
4795
2579
6350
1931
2084
3395
9510
9026
2065
5728
6952
1802
7035
5549
1521
1706
8854
3210
4675
886
4387
2641
8429
1911
5813
965
8415
7104
3078
1670
2544
2674
1257
5365
425
3970
6835
3787
7282
9580
6028
296
9609
4957
5872
156
258
8548
4026
91
4088
1543
7267
2116
179
3300
1815
8657
3182
7617
5171
2450
6303
7573
9980
7011
3285
9609
6201
1106
5959
3895
5407
3411
3001
8582
3742
8256
2502
7799
5886
80
3983
9529
5628
5473
3539
2930
1658
1787
7685
1744
6697
6808
177
6114
250
8989
4116
1429
6993
3029
4230
6503
6198
4842
945
3524
5878
8724
848
9607
8828
434
8737
7811
7585
3316
953
6692
5782
7035
2905
4131
6716
1047
5276
4974
1194
7394
5133
1504
2212
7416
3269
6883
6056
1911
8653
1506
1813
2155
670
8501
8073
7645
8134
212
3596
1276
8775
8349
1580
3167
6505
2697
962
3903
7879
1508
8318
4
5619
4536
8343
6781
7947
6379
9008
6673
3886
5739
2818
1937
1268
4760
390
4294
186
8815
4421
8218
6132
240
802
4436
8301
4457
8576
639
1629
581
895
8358
558
4297
4770
2640
7495
8988
1332
5733
1148
4835
4187
9621
4599
4939
1085
2209
7912
6911
8031
1591
1487
8890
8961
4941
7775
7699
7547
7104
9014
9352
421
8098
5430
2222
9396
2505
3849
9108
6848
1558
4084
599
4729
5584
2679
6282
4831
5165
5802
1224
5008
1981
5596
1653
1654
478
9018
1939
1353
6597
4418
3728
4017
6492
7776
8323
6937
443
7286
2740
4706
3154
7868
978
9039
7818
7354
8193
3296
8561
7751
9755
5094
5478
1088
5823
4785
8474
3876
7374
1532
6890
6271
1717
3278
9285
7492
9199
9199
5663
9861
6760
1297
872
7832
3152
4495
9139
1758
1721
8893
1328
7618
4256
9769
6832
1750
3179
5065
9391
7620
910
8444
9616
9217
839
6831
6797
4704
5003
611
1787
682
272
681
1582
6224
1075
8163
1356
8245
4738
2647
8498
876
6849
1995
8811
6512
3264
7620
507
663
6778
422
9925
4502
2495
9206
6838
2079
8823
3682
598
9643
9973
9119
8235
6470
3221
3067
7919
5327
5240
9533
4856
397
567
7727
6535
8365
1338
5302
5578
1968
390
3132
1189
2815
6255
1981
8371
9823
2652
9725
8399
4661
8
3107
40
8271
6500
5732
1023
2944
9891
9372
4013
6624
2250
3916
2273
4482
9610
1423
3652
7177
8538
7937
2881
2573
251
2036
5959
3057
9360
2714
3658
5537
6024
8686
4446
229
2336
4670
5969
6583
3371
774
3238
1003
8460
8177
2571
8610
459
1496
5689
5623
4763
8026
2224
7771
7086
465
2117
4845
3643
7841
2210
1219
9125
1621
4784
3191
3095
5590
6387
8179
5571
2180
1511
8994
5999
2571
6205
3394
7758
6426
384
3616
6686
6276
3016
6646
2513
3118
3862
898
4693
5633
533
5532
2327
8663
6244
828
685
4528
3373
9968
2662
2191
6987
8046
5587
5866
1780
8699
5103
2667
3604
9421
2771
777
1914
498
9048
6913
2208
4693
9563
5445
3860
749
3909
1353
793
2267
8377
6433
6264
3127
4519
4766
1168
2148
9310
3149
9747
7582
9004
4487
5857
3072
6740
5539
807
200
4482
3673
8481
1670
8525
9670
7770
3086
1407
1744
2429
3153
6846
7092
1591
852
9161
24
9655
6593
3205
8034
9469
4210
6383
7329
3916
5263
1125
901
8544
4378
2907
6601
2254
1963
790
6341
9143
8071
3001
7570
8444
5742
6767
6358
3270
3686
4593
6375
8379
8576
1415
5069
9585
4801
2044
7415
9551
1180
3509
7327
365
8114
9497
6112
962
929
4820
4346
7618
6978
8705
4667
6430
1264
1380
6517
6973
8881
6514
8674
7608
3349
7249
4846
9400
3355
5008
399
3076
8056
1926
7178
8797
5298
6905
6593
1811
3868
3122
1310
3588
9612
8953
4418
6625
3185
1222
3158
8116
2046
1210
5821
2375
8559
9460
6140
4125
4139
5983
6902
8101
5413
142
8500
8961
3009
7575
1326
4226
8828
8317
6839
9388
9919
6648
402
4101
3415
6336
5068
6167
932
6675
9666
7223
7153
961
8140
5206
2442
3564
2507
6874
6643
4452
6022
3001
8280
3908
2335
6772
1696
6949
9924
3759
7818
2157
755
2678
3439
5656
2089
352
787
1173
3021
5390
8956
3188
4979
5925
5433
2530
4971
8244
5804
5276
917
8401
541
8608
165
4534
4128
5912
933
3269
6527
4409
829
2060
9926
4289
5099
7234
750
1738
639
2646
1974
5826
4495
2634
3953
1745
8119
5221
2242
9264
3344
4066
5610
609
1863
8131
7787
8997
6504
6266
6333
783
7976
7909
9964
2920
8057
5030
1969
5976
9899
8599
9871
7695
5694
8752
9018
4995
4981
4009
8451
6695
6447
4025
8751
6300
8771
4564
9890
3361
205
1267
4112
8495
7001
8461
4601
7750
9693
5947
3101
1998
3834
5969
2808
7152
722
6378
2094
8822
1412
9775
9030
5287
8740
4125
24
8516
5779
3359
6253
2805
3107
4552
255
8128
7575
968
108
6414
8907
318
240
8741
143
661
756
7819
3993
5241
3030
5791
2731
8217
5961
2914
4617
4252
6546
7859
4959
4094
214
6935
723
5291
5780
8965
4523
7288
1322
4424
5045
4844
1508
613
7101
1117
5363
5518
6284
6430
6326
1139
2607
1189
3408
6864
423
2427
2617
5264
5670
7371
9815
6163
261
3585
4669
4637
6197
4308
62
4633
5848
2286
3794
6184
5242
3109
6446
6845
3633
1086
8010
1527
5577
8269
1945
461
8772
5096
687
4206
7752
229
6607
4933
6003
7965
9114
4142
1628
4289
3736
7068
4377
7844
7444
471
3468
5419
965
2272
3241
7756
9907
1426
4169
1550
8177
6240
8331
1777
1267
2183
9376
2312
2807
5229
2698
3127
2569
1860
4021
967
6536
8290
8292
9686
8490
3421
8772
8604
3204
8715
5496
8049
8058
4193
6071
1297
7431
7846
8707
7080
6164
2278
8318
3034
5594
8456
3750
2144
6985
1606
46
5520
231
201
1612
8458
9025
950
7875
5781
6580
34
9243
5632
44
2500
9656
4913
3337
7492
4653
5655
4275
9759
5977
4917
2679
8496
6999
6856
3129
5653
9401
3661
5440
2389
8401
844
4199
6253
3372
7650
6655
9229
3231
1816
7595
8934
5026
6017
5009
3014
6144
1843
7821
8916
2693
7311
827
2608
4894
5959
4613
7863
1929
1186
6044
5688
4240
6652
4839
6825
6949
9182
7282
4992
3678
8210
8816
5311
1769
2145
2649
8259
823
2901
5168
7934
3479
395
5054
3515
9958
3235
6225
8098
8182
1511
8811
3367
8137
870
3965
1977
5663
6408
8779
5994
7553
2513
336
476
2538
1299
9471
2196
5259
5933
8552
1569
2900
6908
3683
741
9555
9628
5365
4743
4338
8287
1253
2352
6394
2933
6155
4671
2684
5341
7210
2187
8013
6886
7334
503
3007
4310
3099
9418
3349
3750
8656
8990
9623
8510
6149
506
3763
1515
8268
6024
3934
5315
1357
1506
6912
1353
1611
5381
2979
4761
4952
8171
7149
6605
5529
2258
7322
780
9292
6901
7239
6154
7978
2209
9551
6220
2388
469
986
5958
3814
6216
464
7747
7314
1914
9667
4762
7090
6770
8714
7842
5231
6273
8520
5879
8031
4422
5700
6339
744
5969
5076
5989
4229
104
2313
5740
5696
2078
9960
3333
6857
4697
1779
8589
9333
9905
1761
8774
3862
3232
5393
5137
708
2029
5184
1728
8639
9029
5097
8737
8462
7651
2056
3869
3607
826
5453
4405
5255
4025
14
7397
9316
6431
3005
8931
3316
305
7779
9409
329
6736
9410
5475
6861
7533
4713
4919
6399
9061
1065
9634
5331
8557
2389
6947
5682
8409
2417
7065
7969
4921
4315
2101
5181
9667
6621
5382
9690
9108
8842
6878
8825
9307
9689
2766
3357
6230
5956
348
3809
3435
459
8964
9224
7347
2738
7856
2616
1059
5382
5470
2634
3513
1049
8760
9652
1643
3004
2501
931
6430
1290
6744
3063
6130
1366
6657
1387
7582
1524
1386
9606
7973
5361
8568
2363
1166
9954
596
7755
7101
1219
427
3986
4351
1480
95
2825
8798
4323
7334
9759
7909
1666
9482
7779
9435
7826
8923
8347
3912
5711
5733
8577
7613
5961
7594
9607
5422
232
9874
6001
596
8070
3202
1244
1025
5961
4974
3725
9133
3461
8219
6194
4955
3688
1214
9282
1368
9407
4923
7079
3719
7012
4843
8195
1502
6215
2503
9968
6907
9822
4155
3078
9667
261
1209
6250
4028
1693
2388
697
1367
824
7457
2924
6262
2702
7057
3795
1120
2673
9453
6292
5421
4864
3891
8905
9516
3763
8910
5223
5349
1324
7255
7675
8899
803
7412
8127
3248
3698
6115
4023
8809
1059
8301
1021
2390
8798
8164
3848
2060
7676
8131
233
9325
4677
8727
9487
1135
2046
5474
8464
6497
1634
7932
4491
3451
7863
4333
8489
9318
7900
1209
2729
6025
6532
1835
185
8791
8999
5064
1545
8501
3953
7319
5566
4322
9351
8231
7375
8058
4778
6605
5835
1916
2984
3249
8180
2001
4316
209
4397
6694
6
3600
9752
2579
9018
9632
9693
2621
6459
7702
993
5918
7605
9629
2294
9268
399
5998
8139
4043
4806
1908
7492
8608
4072
7850
9110
4837
3266
7480
1975
8782
6586
6426
9678
9119
8253
7773
5872
1265
8465
3198
8552
2267
5035
2789
7262
1223
3019
6682
6175
8607
1115
7674
3382
7892
2025
7773
1379
5682
6888
5987
409
5658
345
5356
19
5529
1431
6140
7802
8255
7154
4393
4476
4256
4724
9780
8978
903
5628
4191
4274
2647
9057
9285
5691
4438
4663
9399
1967
2271
2449
9698
1721
240
1716
6101
9514
5348
2317
2036
6891
3037
2488
8620
7112
3575
1322
9886
4706
9698
9019
4531
2073
1475
6852
6250
2389
3808
5318
4026
5661
7551
2981
5300
9244
9363
6039
3217
5636
867
6520
5888
9293
9990
9871
430
8498
9456
4853
9966
7899
1925
9121
5597
4381
9867
3359
8694
4265
4154
9732
1526
2313
1037
2262
3430
4598
4637
5570
1740
4549
6714
7086
6534
7386
9836
8560
717
7493
4321
5846
3779
1880
2123
8932
1543
7152
8349
9041
8186
838
4513
2847
3752
4055
8305
3515
263
2915
6063
2440
9075
877
3871
4753
3465
8780
2444
5762
6378
7245
8150
7923
4085
8692
4108
7271
3689
6084
8558
1437
9959
5427
1836
7234
8927
1906
5241
2307
5708
5127
2305
8849
1425
7677
1972
1200
8916
1034
7828
5224
8125
4405
3202
4299
1153
7478
5859
324
5627
1990
6118
3030
2402
4280
5710
4426
7368
6500
714
9186
3056
3430
7450
127
6225
646
832
8685
8819
4808
6382
3196
3009
2180
845
7452
996
1784
9795
9583
6504
3252
2743
1689
116
2336
8683
488
1557
9325
7606
5148
7368
9424
2798
8670
6909
2755
2382
7756
8786
3719
6829
8369
8022
1870
8993
8989
7056
6609
7861
2303
7318
9161
4073
4529
6656
9155
6612
6949
4209
931
5381
6711
2091
5475
9024
4327
4038
253
240
3205
6966
6875
3676
1614
643
4197
502
4286
5200
5814
9139
9390
8557
1858
2633
6891
8804
2139
8950
4904
6004
887
9381
3113
5506
5484
2103
8808
8939
9183
8138
9556
7436
1727
1879
5799
1740
1903
6422
599
5288
197
810
6267
3118
1916
909
4628
2329
4868
299
9859
1608
2144
700
9406
5252
4105
275
3543
2430
3735
5441
2591
9005
4731
27
1527
3029
758
1689
1278
368
3726
3432
1915
2725
6862
8388
8653
3928
3919
9871
4037
2018
4248
9445
7676
9511
936
6219
6142
8784
952
1183
3364
5534
4380
110
5580
9323
3698
7028
2163
224
8553
4761
5972
5202
9462
250
7544
1107
7345
9026
7186
9227
6345
2782
1277
8657
9930
2979
3976
2040
8858
6792
9677
6866
5465
8096
5636
4039
5125
5543
293
4888
3528
6803
5536
5925
1213
4158
5961
5403
8602
6018
1679
3857
371
9422
8893
4549
9603
764
9820
1659
3349
2375
8481
9463
6539
8166
4372
749
260
8058
2195
2641
2602
7331
4716
2124
9879
4506
1356
3886
7169
4078
8844
7715
8192
1035
1045
407
8437
8038
5805
9693
1555
2781
4794
1457
2071
2856
6682
9157
4380
5719
2084
1927
4017
6024
8548
9524
5165
4336
5542
1254
8160
7522
2063
1993
2102
5061
3250
4678
5
2188
1831
2114
7712
741
4474
3700
1753
8481
5711
9703
7963
8619
7184
5649
4611
8342
1640
6636
8879
6621
9448
7138
5660
4549
2016
2752
4149
8568
5284
7214
3583
921
3899
227
1031
3930
1312
742
665
3903
3101
8175
4314
1020
6453
1788
3191
667
1179
2257
4918
6820
7178
5342
7696
7858
4200
6123
4024
6896
3971
5861
76
8320
5400
6712
3425
7231
7891
7652
3719
9801
4169
8630
7717
1011
5978
8701
786
9631
8570
5100
7757
5636
6387
451
1836
7180
9336
1345
6686
5143
1329
8203
5724
3717
8537
7154
2900
8151
5780
225
477
6088
897
2189
1192
4463
8975
4626
1824
1446
6391
1546
370
9468
5807
106
9379
7377
6195
2108
1325
8834
1234
656
3061
3231
5926
5637
812
3103
2844
1239
638
8046
9820
573
7082
5957
9351
8753
2499
9724
5945
4874
5414
1044
6483
5467
3061
2562
3873
2636
9818
9615
4529
3260
101
8068
1495
7771
291
9015
934
6638
6423
4358
3820
5305
3157
7067
5033
2088
4625
5446
2931
7158
5439
6157
820
1906
4964
2558
5827
3411
3963
1706
3886
4098
9737
6487
1588
3236
1555
6976
3279
2486
6178
6909
1225
871
1594
1326
7497
8978
5195
6999
239
1794
8587
6689
9128
3984
3047
9319
2951
4196
5173
967
5013
1341
1884
3114
3493
6837
4890
3249
373
2933
9486
8330
3082
9353
1267
8297
8612
4302
2756
9236
4245
7402
939
9468
6849
9827
565
4471
328
4718
3462
1226
8747
1400
2003
5436
1598
5328
6919
9615
3587
4013
3574
9738
9368
147
5170
3124
4988
8126
5384
2429
5818
797
9447
4910
211
1261
1937
5754
8574
5592
4212
7721
7070
9340
7886
5639
3791
9753
6072
422
255
2099
4601
4569
7848
3754
6437
9875
2915
4458
7597
8267
6587
9526
7005
8193
9940
568
6010
4186
6623
6633
4787
6201
3962
9519
4328
8734
5100
5638
5838
3630
1668
5334
7026
1139
9566
8170
5179
6966
9977
993
5544
5683
9707
4371
3625
5977
1348
1664
1329
735
2248
237
8159
5468
3223
4125
2764
6886
6852
2252
2957
5794
2940
4044
9118
359
1577
772
8467
6542
4945
4441
503
2620
2146
2625
425
1853
4664
9665
2370
2943
9200
7647
5179
3642
6789
3174
3317
113
1277
5233
9105
5372
367
202
3907
1160
1884
1178
8892
904
8541
2530
8614
6174
1687
3167
1690
9494
2492
6332
427
3816
2687
718
1040
3637
1774
9514
8093
592
1976
597
1041
5577
8563
2341
4222
8610
3529
5016
4242
7371
4305
4744
2202
2769
7316
926
7299
8046
9482
3417
2251
2111
4072
4722
3057
6386
678
2
2879
3299
6895
5403
5598
9353
4089
4131
5
513
5116
104
897
7368
3999
1328
4891
9898
487
8231
2363
7728
9673
9347
1367
4704
3639
7224
6237
5469
7771
4188
6832
4659
2671
4307
5285
4422
9231
3611
7737
7279
6132
6475
636
5863
7607
5606
6179
7414
3760
3334
8446
8636
576
9805
5028
7877
6433
6065
8689
3236
7927
8203
7974
4010
6109
5509
6466
7423
1992
8244
7781
5053
2103
4930
1264
6117
7246
4330
1403
4595
3957
6482
6676
3144
5502
1
1791
9499
8847
1171
7006
2749
5479
7677
4029
8450
2585
2004
3059
8553
9238
9375
3189
8562
1217
5914
879
3354
3400
1411
3042
4670
3929
6404
3257
3772
4097
9436
9156
8643
6657
1034
5690
1405
2966
8901
7720
6236
2722
9608
1152
1105
2820
4537
4269
5241
7857
8166
5393
7544
6084
6180
8738
3384
562
2829
6319
2040
7525
3019
7546
29
8911
6122
2060
5344
4654
1202
133
5394
3950
326
5831
7448
2238
1626
2721
5265
3305
8459
7786
5295
577
1811
9807
940
3833
4803
3647
6405
5836
5289
634
4581
7456
4622
3666
6416
3441
1268
8783
8392
3554
4985
5462
8812
2148
1721
6528
5619
627
7301
6146
5298
1152
587
3036
1705
2710
3388
5748
9498
297
1207
7246
8417
9748
6228
51
3441
6209
6319
9263
8510
8720
7412
7513
3569
2523
8573
9906
9545
2478
7702
703
1354
1719
6315
1025
7606
6964
3613
5925
5600
8769
2994
4181
2966
2394
6458
2437
8648
4418
8062
6944
3769
2497
5981
7174
187
5804
4818
7219
1613
7792
5856
2700
23
3713
2374
9329
995
620
3017
9799
7188
1605
3335
5633
8614
7229
5354
2030
8605
443
3348
4180
1701
8425
1440
1282
8332
8714
2304
1760
9519
5529
486
8362
2023
3984
7189
1436
4225
3210
8869
6404
9729
8990
1369
9692
7959
3293
8590
8906
9792
4340
5656
2067
7316
1430
3551
7690
2204
747
9618
1011
6637
2478
4768
332
2855
4695
4529
5915
3396
5116
7663
1824
1002
5100
8939
2192
8715
2100
3219
3701
9697
5709
857
327
1347
3665
9569
5102
9136
4861
7671
9273
6108
1422
8961
4156
4655
6663
1827
6337
6864
9938
2002
5241
3971
8236
9811
6007
6723
6263
7417
4731
1665
7980
5484
8510
3735
4050
7766
7415
5950
5543
3077
2510
6786
9910
7575
4232
4835
990
1996
1533
5332
3577
6734
5323
9873
3641
2952
2218
6179
8063
2962
8657
8446
2022
7266
60
8155
1730
677
7893
4888
8298
32
4601
1351
128
2698
3153
757
6371
3737
2722
6230
5172
4973
7867
6437
1421
2750
4559
5396
1246
5694
4014
3085
8875
4012
3672
269
6367
1378
4883
8738
202
377
4826
8240
4992
8897
1413
9325
9570
8622
2840
9993
1116
7213
4844
6226
855
8672
240
4531
5319
2640
7555
7542
4226
7334
1457
7639
5046
1843
5268
9075
8807
8239
1915
7149
3892
7967
442
6557
1787
3222
5143
9446
1894
1158
7171
1849
7254
6464
8377
1705
1756
1624
5818
1405
9469
9898
2099
5567
2822
5832
7336
4403
2634
1445
1567
6386
4989
4801
1264
1235
6319
295
8343
4731
6455
4582
7238
4483
2074
6678
7325
2567
5740
7868
2593
8023
7475
147
2186
9910
1557
3204
4036
4827
3004
8115
476
172
4817
7927
6924
2313
2595
929
2622
7113
5089
3316
1280
2144
2612
6040
695
8547
3220
9951
177
5616
4918
3861
9515
1638
6864
6808
1439
2904
2858
8498
3870
2165
503
1736
9619
9871
5409
5189
8252
7958
3965
421
5219
5557
3739
7248
9479
5436
7978
49
350
4455
1139
5643
5035
5385
5919
9576
7745
2578
2492
4588
8647
5916
4158
3097
978
5541
9856
4091
458
9528
6800
2177
4507
8613
643
3281
9935
337
4028
6952
9020
4168
8647
8066
3679
7590
2237
2790
7726
9519
6051
5748
3371
2800
4087
1757
5926
9875
2705
8286
671
5863
8185
8807
378
3913
7092
8373
6858
4321
7143
8980
3659
2602
6027
3817
7824
4627
7501
7847
7368
3573
7011
2225
6900
5758
3526
432
9746
9056
4184
5466
4348
2248
4576
6979
7425
3914
7914
4499
9313
7834
6790
42
1976
3117
7698
2328
4340
9304
4627
3110
2405
6787
7627
1830
4162
1080
502
3356
5657
6727
4019
781
3124
9634
7450
1105
8986
3300
9202
6908
5545
6935
5160
8147
1494
2675
1517
6633
6066
4094
9828
6227
8574
6002
292
4625
6961
9821
9714
3754
7852
1899
5286
1775
9750
8164
3851
4026
3406
7139
6334
507
5882
157
4951
839
9998
3151
5675
8329
5704
1280
2870
2488
4993
5040
2306
1613
3025
2554
9707
6479
8167
4420
2434
3055
8147
440
7718
7310
5854
3183
2037
8183
8852
238
9869
4319
6116
8972
9304
3046
3552
900
6881
8384
4567
7272
8397
4065
8542
2057
8019
5055
2983
6489
518
4825
1511
573
860
693
392
4849
8590
6908
5262
9559
8513
2292
8772
7661
7963
1055
3529
1634
4362
9925
5877
1036
4249
564
2064
2008
5572
9486
5323
9855
1245
9781
779
6681
6076
178
7471
5481
5407
8795
5214
772
6451
1538
2354
4495
2249
4807
2005
4886
9232
7175
914
1108
7391
8694
9819
4983
6471
7536
965
8529
3844
2898
593
1038
3402
8173
4717
7238
1411
6706
2438
6018
4268
5812
1189
2152
7902
9543
8074
6173
3909
9879
5169
1038
3494
3525
8006
801
6731
3842
2614
947
8684
2948
310
3891
685
5491
3104
2687
7102
9544
7995
9455
9723
6965
9704
6168
8608
1581
6026
5782
6351
5925
8231
8574
2615
6335
9086
8066
5947
4120
9512
6167
5152
8124
4847
5589
3914
6848
1131
2683
671
1877
7637
7366
857
5609
4742
694
508
8517
6370
528
1951
8639
9703
239
5553
7249
3611
9104
7892
7017
1063
3934
2752
4657
2760
9164
9653
7471
3814
8613
7751
7235
9275
1644
1065
1509
1751
2752
5606
1516
9412
3310
3534
2805
9441
1176
5427
4299
9342
4283
3730
3156
4747
5601
8958
6924
7189
1595
2426
9600
4814
7328
6141
9685
1325
2122
7219
7800
1988
5187
6199
6145
9157
3146
9297
2474
2770
6739
607
3938
1488
970
4491
865
4492
4927
2293
1539
7916
8447
6826
2306
5646
4506
6093
9658
7654
500
8532
9780
7657
7631
2521
4411
1500
5596
8779
3725
7656
294
7539
7058
3937
5694
9826
6089
8530
1117
2049
3160
7721
8130
847
7659
274
7365
2774
6810
6742
3288
1704
9365
6354
8679
6682
4021
7960
4620
5506
9672
8380
5609
1014
6618
9589
8291
4105
5124
9579
6604
1265
5704
761
8361
3486
7261
6168
5887
4829
4163
1379
2485
5238
3616
4252
5674
4831
5359
5027
6534
4510
5704
8645
3770
4445
4422
535
2685
3676
7725
8248
7107
314
7405
9957
5584
61
5756
1968
3310
9450
5921
4015
8723
57
7453
9406
287
5300
5285
3786
6859
4595
389
2986
2757
4137
7966
3099
6906
2546
2769
9896
1060
2033
8378
6502
7353
6580
7002
4283
8832
8084
3081
8737
4010
7037
5979
7964
2134
6115
12
9530
465
3397
7890
3185
3385
8373
4566
9701
1264
672
7892
7109
9615
8276
1646
6300
1973
9158
2336
7721
6255
8212
6579
9629
7074
1412
4868
2684
366
9193
5429
511
559
301
8796
1063
8428
7322
6031
9221
2564
1255
8984
2120
4671
9223
7709
1340
6455
2572
7534
3241
3552
1175
4667
5783
5051
2086
7027
8120
853
112
2027
3360
6884
9491
7926
1250
8544
6082
1721
5271
8128
2786
5142
98
7359
2037
519
7330
6764
2356
5503
9245
9484
2420
9992
509
147
4360
574
8884
8350
1636
4844
4214
7718
2354
5537
996
1561
5745
3501
6702
6013
7947
9754
285
8777
7632
7977
7204
8274
3721
3013
6445
2765
6609
9661
5350
953
4405
4866
2355
2628
877
4702
342
7548
2747
8465
1275
8644
8903
9931
4127
3794
5898
1384
5692
7382
2005
7265
3717
8458
9764
5870
1797
1862
1392
6281
5922
130
2523
2880
7823
7633
5659
6422
2514
2962
7779
2684
1357
3778
9879
6389
588
2678
8333
9783
6177
8786
542
4750
1538
2457
7951
3978
1101
6552
2277
9306
8256
9115
215
4484
809
2835
8899
5856
3061
5222
5797
5417
3050
7381
6585
4745
5075
2642
3646
8780
6239
518
5137
6969
7567
8716
7473
3274
1343
6939
1320
8531
447
7416
6072
9955
6904
7376
6448
4431
319
2086
9065
519
9972
1690
7453
6534
2361
8941
8967
426
3877
8947
1464
2627
1318
2168
3164
2026
5829
6432
4845
9166
9714
3774
7778
1291
9929
6608
6853
7219
5862
1318
4328
6736
8506
9436
9351
8082
4725
6655
8192
2973
7608
9237
7378
7319
5905
2539
5041
9965
9526
7833
2639
1525
7145
7550
4158
1464
461
8597
2848
5112
9542
5514
8739
9867
5421
1106
9260
9545
9851
8545
1312
3492
2691
5114
7637
795
7287
4852
4516
5233
6670
5276
235
7426
4480
3516
5703
2374
9115
316
4148
8563
8637
2681
6027
2412
2466
1587
1080
6180
8312
9361
7566
3141
8327
9128
7385
587
1390
2955
8807
6330
135
4034
8478
6036
8170
8350
1987
1133
1762
7438
6118
2914
1760
5369
3201
3996
5066
5112
1430
636
7193
3617
7364
5525
8177
7636
2627
4232
6676
4523
4239
7266
3069
112
818
6085
719
1366
597
7603
3422
1551
3434
3929
3314
8177
1094
9636
7621
9062
7908
2297
9565
4403
2952
8329
5850
4062
6149
2201
2405
4774
6677
6858
6216
6489
7444
6550
5447
1564
4086
1357
2846
2289
3619
7540
5772
2354
1836
5650
2627
1889
9200
8293
9770
2038
5254
7353
7515
259
9804
874
9218
1517
959
9975
8549
4174
5840
6598
3159
3992
5225
6383
647
2270
9114
4877
7094
2411
8414
3304
8495
776
2204
3030
5368
7301
5639
5421
8983
1601
3944
5769
7809
2892
8569
1491
4823
2002
8346
4410
1496
8190
3484
3131
5860
7291
1294
1953
5545
9952
5322
790
9176
4651
4684
8947
7625
4507
5116
7585
7809
3715
9857
7479
1158
8518
352
2070
418
9686
5764
70
8117
4738
1412
1290
3776
3067
1305
5666
8482
8457
4447
635
2517
1264
2366
8953
6453
5499
653
9290
690
6319
2814
790
2323
5590
1906
6351
1224
3479
2038
7384
8016
4875
6927
3359
6794
7353
2084
5068
6080
5970
2014
2285
4653
8975
6159
5800
3208
5442
5406
6114
1775
4524
5040
5958
1562
6961
2920
2428
3503
8035
6706
4338
5894
737
5647
7753
3428
9868
6609
1972
5381
4357
2471
1907
9561
5142
8948
5727
8841
9218
1789
6696
7388
4312
2072
7549
5082
6536
9706
8474
5291
3991
2636
2028
380
1993
4856
6493
2762
677
8943
1984
1943
9673
7209
1277
5129
9490
614
1630
6254
212
9674
4978
9535
8256
1066
2171
6670
8622
8426
6186
8718
5707
5826
6235
9327
8557
3751
5663
3496
399
8351
9947
5796
9615
5126
8788
2235
23
6850
1292
9296
2210
8159
1311
3009
962
7832
7883
4752
4978
4361
8193
4117
9247
1434
8752
8438
946
3055
4116
621
8128
8129
2233
6027
2032
9599
4765
3775
8689
147
9152
9197
5977
8608
8677
1524
7577
5278
7687
3001
7007
8503
7781
1775
4112
3698
7191
1819
6897
6453
9909
9433
2524
6234
3806
5982
8325
6643
6412
6951
5224
6983
25
9621
9402
7841
8854
3121
7382
4318
5365
160
7982
6330
4314
9284
4157
3454
2928
3851
2864
8924
9991
6300
1735
3065
5397
9722
7807
4763
1007
2050
4740
1823
7731
2906
9075
142
5084
2137
3774
1810
9553
8955
3475
1925
7146
1418
6233
8578
2375
5767
764
8354
1331
4718
494
2494
1214
4058
5352
4274
4954
3478
5585
2763
329
8836
7739
3255
8599
7878
8976
2850
5688
7315
5684
9195
4025
5375
9631
9494
3956
9841
2110
8947
8269
9314
3168
8413
3165
5310
4857
3884
3093
8501
9392
8707
3543
4704
1741
9265
2297
8598
1473
779
4246
3617
789
2408
6060
9905
3374
1591
7737
9056
2698
6780
2006
4559
1615
4092
170
3672
9839
870
6628
9265
4500
3605
7750
6639
1672
3021
3262
6855
7472
6813
4275
6236
1185
515
5590
8139
9489
6200
5050
4940
4799
372
4648
5260
3003
4111
7865
7977
4546
62
4915
3568
8158
6401
1314
419
2138
2936
8095
1244
3717
755
3931
9267
2353
1703
855
4064
440
1914
8109
9773
3227
8031
8077
1347
3516
575
5500
7014
7451
2821
4609
9750
7991
6885
829
2328
4920
2054
7281
3590
5401
5252
4563
7402
961
5597
513
8964
7403
6030
1427
1422
2764
2711
8377
8271
6591
7369
2227
9400
402
9005
8841
5535
8075
5997
3242
9855
733
6528
7667
1574
8376
7452
2780
4696
9797
2587
5522
4093
3029
8873
5285
8026
6979
9154
7514
4
8697
315
7199
8391
5399
3741
220
3610
7559
7978
3126
8702
7234
7413
4884
5762
1442
9527
8465
4697
6839
2805
1595
9383
6316
7273
7051
1206
8640
3629
5059
1692
9425
1521
3571
742
3234
4580
9057
3455
406
6531
7707
3067
4602
8416
363
3802
8991
210
5286
4955
4873
1779
5734
4029
461
5063
5357
5941
1805
8478
7003
6429
596
6934
8582
1139
1827
1080
2537
2613
6538
5314
20
4398
2492
1000
8755
7103
1349
2733
5169
2125
9870
5726
2709
4556
333
6591
9366
627
3472
4281
3388
3868
4609
7682
4325
1657
6080
9631
6435
1844
5199
6061
8011
7346
2332
7682
6722
9086
3865
2077
1877
3704
3059
7909
3714
327
9904
5055
5779
3063
7033
3085
7027
7058
8720
7728
5811
9641
6737
2372
1981
8587
7498
5911
9648
7414
2478
6981
3451
6765
4414
3981
5026
8595
9267
3282
8545
3158
535
1181
711
3217
7511
2008
1244
7859
442
5880
1372
466
6043
9815
3339
9137
8124
446
3031
3610
7475
2843
3848
4517
9468
8021
3982
3090
4227
550
3799
3853
4894
4756
5513
7514
6637
3771
560
9617
6500
7591
1377
4658
2282
7563
5475
1776
5640
8136
8396
5937
1442
3869
4480
1317
7062
2648
105
9938
8177
5478
2784
8525
363
7740
8725
3128
664
8746
5040
6610
3007
1575
9065
5524
4247
9616
7699
3403
197
3346
4258
3525
610
4511
6799
6241
7827
8431
4194
4615
86
228
5501
5045
6251
4469
8229
5535
3766
7556
1382
4664
7267
6163
9621
4962
6220
2536
6123
6242
9868
1896
6955
9539
9921
4922
2936
104
4987
6791
1534
7872
7657
159
8553
8158
1698
4740
2864
3581
3657
5471
1261
3080
6268
783
7602
3987
4085
837
7513
9809
9383
9476
4314
1811
892
7221
4080
8823
4506
6623
686
897
9797
2519
5487
8375
9130
9213
9690
1531
8479
4224
8511
5996
8845
8025
7569
3837
5169
1193
95
8025
9087
8861
5229
2754
9513
8513
8586
2331
2143
5839
5136
527
7854
4613
7942
9871
6228
3751
2189
436
7201
9595
3480
826
8481
4866
8586
4864
301
2392
7438
780
8253
70
176
4669
3879
5601
4203
907
6364
8153
9727
2105
2363
1209
9874
2029
2811
1440
9608
6541
9084
5651
9520
3782
1137
2228
1697
7535
4332
4631
1967
5652
7079
5603
8255
6320
1946
8365
8658
5490
1534
5457
3163
3499
6239
5536
5674
3316
7906
8686
1773
1210
5496
6096
3207
6055
597
6914
5209
8221
796
1414
911
2297
128
7761
9962
737
7013
1796
5436
6773
9401
398
7168
528
1511
8168
2766
5815
6517
4578
6224
7516
5710
1536
8313
761
6500
477
6897
4090
4990
7452
6157
7671
1860
8300
9285
4758
5936
7589
1081
1291
1937
461
9526
6969
1203
9995
7678
6243
4140
9995
8048
9504
3347
5687
8981
232
7576
1347
895
7938
3941
9870
8584
8805
6768
1557
5608
2055
9527
8162
6017
6610
8605
7812
4112
4199
1281
2593
6294
1961
405
1235
1593
3447
6446
5937
9024
4909
3471
4461
6542
2024
8162
4009
526
1105
6512
5697
8029
684
5212
1678
5940
8647
8732
5300
6572
5910
3384
2467
5906
1934
1061
3982
1805
4797
5511
1218
7683
9458
3918
8654
3491
1250
965
4161
3257
5760
9895
9911
9029
2219
668
8912
1406
9721
23
8398
8719
1595
8517
6171
261
1345
3247
6172
7520
7114
1098
3079
9301
2988
8645
8690
1316
1164
1677
9445
6845
3662
9643
4910
9635
5668
6345
6492
5478
1095
575
7702
4787
9529
7237
8650
9321
1294
9407
7536
7011
4676
507
3831
981
6682
770
2750
3340
4874
6502
3336
3591
4827
7810
5364
4199
5698
3725
1434
3124
6164
6445
7572
3867
1516
6670
9225
3568
3954
3684
385
8460
2708
4412
3060
2958
3831
1993
9955
9785
3943
2719
6400
8661
7513
1834
9454
2261
7222
3438
6851
2646
2310
3437
3916
9217
1624
9614
8024
6597
2536
9005
5386
8999
9337
6378
1763
170
8617
4751
300
7412
8906
3632
4506
8532
6919
8458
8830
457
3161
4550
3269
1018
7916
8605
863
221
6270
5571
8828
2607
5990
6955
2925
4748
3697
8464
5467
9849
1427
7781
2765
3505
9878
6611
8093
5360
2353
7684
7338
8869
4864
6050
155
7892
444
1446
2374
390
2022
471
4402
1091
8156
272
6859
8264
3231
9932
710
3218
6203
971
8847
8005
3179
6419
1371
1006
7777
2550
373
6608
7139
8035
9021
744
4885
3650
7591
55
7946
9756
8652
653
5259
4811
5051
9842
7139
5542
3867
8176
2745
5619
8188
4873
2643
9104
5270
844
6076
739
7968
8589
2793
3072
6243
9315
9749
4709
9267
7290
3253
4023
429
4719
4786
5504
5269
969
5976
3354
578
4897
9745
338
2713
6484
2845
6031
7054
5888
3997
4709
5635
6998
3983
6675
1086
4300
3128
2927
2593
4539
7576
104
3044
9672
6577
3832
554
3205
4168
2645
3794
4969
8492
2968
2861
5690
1451
4936
4596
2977
5709
5742
9416
4991
7713
3941
5895
9157
9621
685
4009
984
8652
248
6657
1530
3595
8430
7651
3787
9452
4715
4015
5095
7679
2158
2916
3513
9779
2600
8588
1632
3282
3518
2050
317
9855
4251
9756
2736
3990
2194
2485
9227
3317
9922
8859
4732
1691
2155
6265
6083
2389
6806
5811
3481
3990
6147
4819
7109
2524
4565
5435
8962
949
3832
1447
9150
609
8390
7036
5305
6213
7579
4637
8921
3456
958
7971
1333
5623
8487
9019
6515
8112
9145
4818
5701
3303
9399
1409
5963
1565
5606
8582
3085
7067
3164
2984
2357
1848
9269
4422
5352
7537
1650
1066
9845
9406
4443
9672
942
950
4168
7428
2517
939
2516
3625
8276
9157
9662
6066
3529
8273
3367
748
4772
2916
826
6800
5176
9291
2614
7525
9139
5509
1460
8299
3045
393
3513
1691
1839
4066
6816
3667
6954
4763
2837
7889
295
8686
6955
9666
7210
1901
8766
9286
4528
1486
7121
7927
4817
4265
1100
2207
2865
8471
3393
7475
3996
5656
9056
4991
7709
8403
84
405
7189
4010
3530
8559
4602
7637
7512
466
8039
9876
4383
2717
4126
6215
1169
405
6372
8199
5014
8140
449
6076
3757
8845
2945
6700
7402
4901
9304
6594
495
451
9474
5518
8679
5070
5631
3158
2492
2215
2747
4616
4979
252
7220
6762
4891
9170
7659
6626
7840
3236
2119
5039
3486
8083
776
9517
4892
3042
7496
7634
6883
6563
4911
7226
8282
5018
5975
8568
8261
6360
3076
6859
8236
1898
720
6158
9191
7943
45
558
2266
3222
5279
6880
8069
5009
4656
1476
8410
668
2722
2469
8085
285
7218
7153
7905
1005
4889
3488
3629
1527
4871
2006
1542
7285
5610
6255
2121
8517
1173
8458
5703
4261
7501
1802
4609
3011
6142
9639
592
9998
8227
3750
2711
703
3449
9354
1640
6395
3449
5856
2268
2522
9638
2042
2892
8244
9009
1054
4134
7212
2326
5347
8405
2240
9062
6001
422
9827
4869
3782
7334
7017
1150
3409
6882
4494
5059
8706
772
5810
7425
3674
9271
9642
1388
2177
5044
1638
805
3724
2488
1606
1327
6348
1178
2009
7478
798
3925
2466
3396
7616
6113
3339
5883
9492
4645
7364
9532
3542
5336
2665
6547
6663
6108
425
1576
9714
468
3071
3484
3073
2556
9984
5980
3187
171
8610
6941
5013
7078
1413
7575
8498
719
8547
7716
7248
5231
9945
896
1650
40
427
2298
1900
2830
1569
3575
4500
3974
9733
2452
2287
4180
8810
8398
7499
7497
8510
4317
7333
3168
3298
7620
5645
9991
3582
2928
773
4677
5752
5239
1818
2120
3602
162
283
7102
6087
2255
8702
4033
6561
6926
6029
1328
1933
7639
6414
7442
8540
706
8981
5272
5316
5900
3634
1891
4606
9155
2744
3357
7243
318
3282
8430
9015
982
3189
1167
3324
3071
6254
8017
5676
8123
6334
1604
4649
6952
5916
9430
1689
9000
9111
9955
5508
1486
5637
8345
6477
5717
908
7349
5359
4355
2916
5206
2511
8766
6140
8706
5821
8504
6804
6170
4946
2029
6325
1406
1774
4305
344
5296
1772
5381
4696
895
6736
6915
7200
5418
9810
1412
524
3042
2972
5251
2591
2040
9187
9768
4356
4380
3339
3787
4151
8748
5197
5932
8572
2391
3279
929
6256
6768
5838
9753
7797
7489
6872
6176
8793
2693
9979
7219
2452
4983
5389
6715
5617
256
4469
4051
4057
7398
8346
9495
8603
6206
2343
8877
8884
1252
6887
5107
2244
7938
959
7131
1214
5703
1501
3385
84
3761
9627
2772
5964
3470
9511
6703
6251
7177
4985
5026
5878
2438
6544
3545
7230
7289
9992
1723
9543
4685
9337
311
6094
9711
3665
4036
5355
3438
5108
2528
3959
3911
317
3616
6344
9714
9062
3055
7250
2329
8999
8758
4087
6852
4593
824
3968
9020
8627
927
9693
6797
8156
5984
1495
6327
4460
5737
3468
5524
7739
2509
3284
3150
3589
6197
6024
8019
8403
7385
2545
5779
6132
5379
6901
6363
6492
8293
5392
8265
5047
3913
9261
1331
9833
5854
4136
4615
2078
7907
6721
3683
377
6789
2356
5704
6228
6530
8385
8425
879
8061
7943
9452
1226
3082
5016
7924
9233
447
8288
9039
1683
1997
829
7870
9774
5656
2376
4091
7655
8301
5418
3075
8916
5615
8044
8427
5071
1876
1488
6035
3070
7744
7177
6591
578
9163
7587
1183
2810
1837
4351
5831
7849
9639
9983
4607
4738
3477
3967
5647
8911
7292
8135
8970
6005
9755
9641
3278
4026
8039
6140
5020
6336
949
7609
9482
3315
8845
1542
5261
5973
2778
5245
2448
162
5597
7075
8844
2452
407
2545
2078
5395
3783
2597
795
3387
6635
7949
7187
4969
6177
8090
8465
8867
8397
2138
3772
2690
9062
8773
395
43
2459
9608
5893
8491
1275
7369
1600
3405
5487
8535
5207
2695
8096
4126
8563
9639
2095
180
2596
2204
4451
502
6756
8119
3663
9040
2920
2769
2416
9661
484
8454
1249
2794
7699
9063
6673
5281
566
5311
8138
6044
3541
7045
9863
6526
3181
9242
7070
2415
957
1536
2249
408
4583
520
1716
8466
8819
3781
9342
5628
6606
5656
5298
6212
9896
4196
7411
6244
2577
5757
9151
2606
549
4610
8075
762
8696
3435
9293
9485
7235
7267
5792
9100
5148
8264
3456
9090
2626
9947
1840
752
8074
9071
7246
7727
9163
7245
9379
5561
959
2799
2814
7871
6266
1547
787
2078
6310
3100
4466
3822
2282
3420
7827
8852
5817
5422
4123
365
7242
9785
8743
3757
5931
7775
6761
7583
907
6102
3277
5515
2360
2105
1181
4185
4793
3531
6151
8070
2528
6060
7399
516
6529
6873
3615
6923
1446
9133
7703
5474
3670
181
5611
3389
2223
703
4002
8632
856
9214
5091
4585
738
9223
939
2858
4595
406
4638
3315
7324
9994
9952
6975
1531
4689
9798
4970
1692
9148
8589
5334
2839
5630
6380
5239
5914
3484
7485
1542
1078
685
9744
1925
9246
3336
2471
3593
1045
2589
2264
6925
7474
453
5903
2399
5903
7327
7176
1638
3732
2186
5560
662
9336
5005
6200
7889
2754
6530
4115
8722
1485
2681
911
9910
1049
9182
2372
2303
1272
1421
6617
9159
7115
1438
4860
6420
7629
3152
5222
9483
2427
3178
6664
5215
6010
815
2611
8602
6239
9632
1378
3882
9081
795
9997
2044
1111
2906
943
2110
6950
4799
2930
3276
4149
7651
4760
3924
79
21
8711
9571
5738
6525
3819
581
1971
5598
4179
9339
9001
1401
7771
7688
3232
6248
8326
9127
8548
29
6997
4699
2896
1763
957
8620
8982
1961
7308
9076
7976
5294
4771
9651
7418
6490
8444
5221
7949
6997
6798
5362
6231
7573
9343
8161
9900
8151
3039
8665
6154
3561
36
9149
9847
2767
2705
2594
4530
8303
8243
6273
1898
4190
5497
4861
2279
2683
19
2172
1965
3300
3242
7750
6540
8890
2594
2721
2533
8859
5241
9018
3400
8467
8819
3983
9305
1807
8664
5769
6283
8344
8551
7365
264
2761
6061
8965
7934
324
7288
1439
5944
775
6578
6555
1118
2870
6418
4734
9135
4214
4890
8666
3711
8526
6022
7926
2794
7261
887
8866
1149
8427
3284
7824
9042
2214
8115
3136
7267
2437
8959
2659
2078
9818
306
2414
2405
1139
127
665
5906
3213
7127
2894
8791
2122
5505
3999
4571
354
4918
3928
2382
664
1343
7919
84
4674
224
6029
4534
3421
5616
1452
3955
6222
7762
2921
3441
6253
5461
9642
5177
237
2953
4322
3474
4471
3507
9208
3746
3904
3165
3851
6509
4982
2671
3624
6755
8750
9684
6276
585
3070
2796
3157
8141
1612
5904
9742
5120
9502
7613
825
9285
39
5442
3114
9915
1368
1990
3399
7686
1108
4214
4406
4909
2299
4316
4667
9154
6142
4869
7383
7395
9056
2820
6853
7294
2646
90
4123
6855
6325
174
2289
3887
8350
4836
1433
4491
4862
4766
2633
2010
3164
4133
4620
2288
4771
3234
6957
4829
4501
2466
637
7089
9114
7026
4134
6914
5281
6580
9449
4029
9795
8812
3332
8109
9643
5380
88
8706
1541
1767
2518
734
520
8646
4877
5780
4438
6947
2755
4285
133
1146
6982
3963
6865
4453
7326
2895
8485
8819
5360
314
3889
620
9694
8481
73
7660
5655
4157
7324
2338
6784
8827
143
2637
3467
7584
2205
5374
864
8808
5037
4199
5695
4585
415
3082
9792
6849
9603
766
8772
8300
5253
2046
2713
6168
3682
8448
5198
7321
7409
5677
7803
3453
8883
4513
4785
5724
482
7727
5221
8592
3258
8355
5547
3688
7919
426
7880
2851
9246
941
6425
6289
1698
5098
3521
8321
5100
4915
287
2311
585
7353
9317
8484
3259
7859
2754
6960
3181
3639
2085
9514
1356
7717
8232
2583
788
6401
7395
3722
1673
7081
2396
3560
3046
5288
3865
5604
683
8946
1873
5486
6765
429
9056
4914
4713
9108
3486
9248
9392
3378
4388
5478
7052
3210
299
4920
7029
4405
3191
2675
3793
6714
2040
3099
4869
1305
8854
5643
7767
2512
4900
7833
1293
3987
7423
6786
2861
6342
92
9494
4343
8971
9135
6327
7071
158
3589
3102
6345
5530
3887
5134
9654
5033
9474
2930
125
208
4953
2318
1556
2742
5269
5209
332
8197
792
6283
5337
9604
6043
6271
2928
4074
288
2639
911
9965
5049
8688
2861
9380
6227
8705
2376
1890
2296
636
9010
5569
3677
2978
299
336
1310
5210
93
4980
1964
6629
786
720
4597
1498
9458
7100
1721
2970
7777
3802
3647
7410
7840
8740
7303
8961
9914
6512
128
2004
5589
7874
2151
7216
5221
5095
1173
3202
5680
481
3889
9099
1510
238
9808
5633
9463
8183
1868
8226
856
4547
346
2292
9994
4118
8288
5148
197
4436
264
4745
4728
8514
8556
4830
4545
9334
767
42
8952
7329
614
8746
2181
9159
5989
9025
7956
5851
70
8338
8210
710
2441
1533
7411
7876
1113
8666
5821
7770
9379
7494
4080
2266
8626
1125
3944
6277
9291
1582
6187
934
9255
1500
3857
3280
1307
8545
8499
9789
790
296
4904
3327
1153
7497
4948
2375
684
9114
5850
855
1346
7427
5645
6117
5313
1084
5141
6736
9423
3267
9776
9672
7430
5769
3052
91
6509
808
1845
3107
6751
4512
8934
7101
3055
5649
7990
5434
301
6470
8169
8417
269
1100
982
4374
5057
8224
3945
1749
4366
9455
1975
3248
8963
4383
8821
7135
2437
9207
2211
240
9559
4826
243
1470
1294
7561
4057
9433
9679
2880
6162
2562
8194
7356
4518
6328
6916
7985
5158
8541
3979
5588
3182
5043
1933
5840
8225
8511
7033
3580
8680
9876
7378
8621
420
6406
3292
359
8784
1990
9503
5306
1282
4324
5375
8650
4670
8902
7507
518
9352
4756
9010
759
8994
7104
6666
6684
5565
1311
4775
3163
4691
2415
4546
392
2221
5913
5025
3822
6974
6539
7311
3471
4418
8739
8148
4242
9089
225
8105
5862
1227
9567
6378
7317
8659
9782
2860
1817
3564
2738
8853
2830
6494
7725
6686
5347
5801
6668
6228
6027
2730
5717
9892
7854
9078
4192
9670
9679
4478
1566
6909
7416
2525
1492
309
1504
3628
7557
608
9369
2745
8652
1543
137
8654
348
7410
312
8445
406
8726
4778
7684
8275
7118
7618
59
3791
6247
3953
7465
3128
4294
2830
3203
7102
9753
3510
2066
5375
2486
6734
2073
83
5261
9604
8474
241
3251
5337
4106
7497
7644
7125
8293
6378
3934
3264
2768
6770
3113
1084
6360
2030
113
9657
6448
2028
8115
3718
4929
1309
6033
9827
3905
8060
1362
6231
3457
9109
9126
3346
9083
1880
6959
768
1268
8235
2533
5915
238
2427
2633
3402
8325
1524
9306
2566
6229
2015
4560
6181
9714
8677
9435
8451
9037
8648
9699
2125
3856
5679
611
7280
676
2796
9338
1772
5583
9622
4092
3443
9318
3514
1683
9952
9901
4919
3296
5700
3631
6991
8350
4108
7701
9951
823
6387
2494
9383
3604
9821
5428
6827
8976
6708
3307
8508
9763
1428
5928
2869
3907
4720
4509
2251
5523
2504
6269
6654
181
2894
411
8508
9129
2354
9895
4195
6489
1341
267
1532
2071
2060
9639
3673
806
890
2080
7807
1099
6525
6585
4398
9336
8549
991
7111
5490
134
5457
9874
5604
782
4923
8647
3840
6711
3256
1174
4111
2048
8204
3512
12
9189
791
6084
4082
1161
1030
8666
418
7319
767
5343
3923
6474
2328
6489
4211
5331
581
2513
4496
2073
4473
8969
2439
9839
3614
2378
2112
7047
7250
9584
2942
7983
8539
3680
8822
7197
7331
6815
3221
2129
5870
6319
6715
9836
1789
2785
2582
5551
3023
9780
5263
9336
6033
7568
933
922
1479
7413
7138
297
3382
2377
3684
7393
6844
9454
9463
4895
5529
6783
1192
6180
5911
7975
9792
1595
2327
9693
4413
4534
2484
5615
8425
4418
529
9680
4039
92
8377
4482
6052
5135
2372
3499
2868
3716
5700
7640
3578
3696
6376
942
5094
2574
1318
5055
6789
9036
299
766
3650
6263
2683
4988
4173
981
4511
9075
8559
5118
4465
7547
6598
1409
5167
345
1488
214
377
3380
9740
5574
7891
5662
9918
7912
2101
3502
329
8355
2188
7199
809
8213
9121
683
7785
5112
78
8576
6023
3183
8325
3813
7757
3103
294
1687
5126
2668
520
8710
1917
6681
4964
9378
2066
4961
8342
3036
3118
4190
4374
6256
1676
1962
1219
8231
3797
6717
8986
3654
6383
4966
8037
6632
1096
1518
329
2269
5141
247
6634
8810
9351
3738
4897
5565
6988
8394
8141
2197
8129
1337
7283
9902
1424
2651
9698
4633
4920
5784
6343
6663
1081
8690
2895
2897
3784
2395
7722
210
1270
4464
1574
1653
5667
5031
8535
4799
7145
3925
7253
8783
7726
4306
6663
1029
6131
8088
9278
2533
6667
5736
5800
2753
7262
7915
7240
5037
3525
9888
9748
4041
1411
5824
3536
9034
7451
5858
1544
7914
7807
3658
4083
8009
2147
1451
9225
4595
6109
848
1512
405
3936
6021
5875
1389
5752
4318
242
7736
9348
3377
4410
5977
4477
547
1856
8272
8700
3854
2763
9031
9538
3833
5527
8564
5255
262
7153
3873
620
565
5329
5722
8651
4135
8556
3939
5002
9452
1368
2030
2818
2182
8771
3056
7269
7555
3189
4739
2173
6748
6176
705
8918
9265
8271
2011
2177
576
4525
2370
5090
8620
6680
1159
7846
9635
6795
4310
2302
281
5799
1252
2310
9585
9876
5088
1263
3930
2610
1356
2311
8694
690
4915
9524
2219
4117
6532
6319
9022
7992
1962
2657
8598
9367
4025
3312
5973
4203
3012
2699
2973
1434
5003
9918
1233
1859
4024
3216
3506
4692
9520
9482
9777
2185
9703
9950
3378
3799
7272
8390
9158
4747
457
7859
6688
9018
8928
7082
8044
8284
9526
9272
8769
693
2082
4072
605
7923
1335
7310
8703
284
7378
1473
431
2205
1573
1820
420
1410
1898
4017
1225
7067
7755
1920
3737
2855
1686
4233
624
1956
405
3769
6228
349
5053
6544
4047
416
9978
6216
6143
757
3779
3841
7540
7679
8093
5202
55
2651
3205
6060
1794
5037
504
1960
8383
3214
2030
7676
4830
2676
3918
9580
9073
2609
6444
3921
4773
6293
7536
1640
7163
5118
4229
8742
1006
3739
4184
4415
5457
9891
344
3835
3364
9047
8703
1001
4586
779
131
3437
6572
5932
4593
5151
30
3177
4170
3644
3177
3298
1305
7425
3451
2862
9607
9174
9198
155
6432
8519
2019
8572
1782
1837
6162
9807
830
2017
489
3641
6639
5603
4995
6433
2705
5744
9316
8059
7632
7359
6009
2955
8194
2409
7514
4243
395
4505
8153
2069
1714
111
4044
4795
6506
418
5017
4303
8113
5550
1645
5692
4452
3525
8544
4350
239
8639
801
6108
9851
1169
6757
9003
3744
5916
8834
5771
9239
2241
4178
6821
1937
5794
711
7039
8250
9690
2075
6707
6209
8660
3203
2212
6817
4367
5353
1403
9807
3316
3505
3981
5562
3057
6169
6970
8774
6966
4810
2848
1291
1963
6561
4243
9920
5210
2000
4206
7923
2466
3705
7428
2255
8725
1289
9948
3923
3502
4095
2277
936
3939
2398
2037
5264
9034
6855
3947
7796
5758
8403
2934
8023
8103
6767
2517
1606
8637
7233
4987
2664
3325
4930
3206
6815
5834
5518
4432
4090
6622
2130
5657
9174
1462
77
7685
597
9445
956
7054
5665
1512
7230
2876
5712
7839
1545
7012
2727
1657
9550
5422
2829
1912
3979
2044
7952
6843
2386
7563
2424
6491
2892
7134
9192
3549
1363
9876
1214
8658
548
6850
2901
3781
974
5737
2709
5803
6760
7197
9189
9346
8968
9627
8199
1890
2534
9348
2249
4843
5340
19
7287
7566
9834
3415
777
9379
8938
4303
3876
8787
2891
253
7740
9400
5835
3848
8165
4683
7499
7012
3562
8455
1536
1393
452
9867
4734
1518
6109
7857
6199
9471
1636
9200
3416
2
866
1148
1618
7194
5099
2150
6749
7543
5437
7079
4886
1630
9015
7979
2525
471
5206
1530
6546
9167
3353
9340
4045
3011
9965
9020
3801
1049
9518
2672
4131
8496
7955
9658
7450
11
8077
7883
1533
7380
8250
9952
2611
2558
4991
6712
4333
3987
3962
620
4148
641
6222
6611
2222
2693
8968
2423
2617
8235
1937
2347
1931
9519
7854
9726
8838
6922
7124
9177
384
9849
8644
906
5488
7480
4828
8934
847
6611
9327
6924
1124
3134
317
8723
7034
626
2355
8857
2592
879
130
7364
8227
3934
1484
5314
7845
7127
3475
212
6110
5654
9345
2793
3569
2962
8442
6945
5333
1999
6776
5544
8351
4152
9212
4179
9737
880
4254
6972
3967
3553
3028
9242
6596
4347
1785
4396
9073
4692
7219
2012
4661
8546
8065
1245
3572
4434
3602
7605
277
2127
8936
5508
8216
4196
1621
5689
3950
4864
8286
7909
3248
2021
956
7799
6372
1611
9599
3748
3628
7347
3755
3246
3875
1187
7285
6481
5837
3231
8294
1447
289
2546
9441
5408
4980
2286
7229
4766
503
4375
1592
6859
1449
247
9641
6985
966
4528
4049
4246
6819
8733
324
371
2911
8960
6301
9852
9788
7772
1297
2669
444
7793
5852
1369
1310
6145
2508
8768
5677
3454
4712
1481
6500
7330
3505
3768
5086
6923
8220
927
1550
7180
2572
9721
6355
782
1893
2629
3967
9771
7259
1511
1188
1299
9063
7911
2315
5374
8103
2102
1163
8173
3711
8482
6456
9171
2102
9137
155
1377
8039
5178
6986
7964
9313
9496
4793
8281
461
4007
2566
7827
7422
2364
3336
8107
4521
6340
6173
2545
9917
9458
107
596
4522
4133
4497
9710
2314
590
9420
384
4169
5120
7575
2047
8163
5792
9443
6529
4385
9534
3055
457
6904
8425
6543
4830
820
3781
5797
4304
4918
7738
6218
8078
6823
2619
274
6029
6950
3930
5202
7304
2811
2345
505
7583
5315
2224
5830
9285
8384
7299
9883
6512
7670
9805
9706
2582
2900
2060
1951
4048
5281
4929
1848
9638
5435
3400
951
2177
4817
4232
3736
8608
7032
9142
7932
4830
7467
4797
7926
3170
3587
5642
6954
8267
2022
6533
331
6238
1094
7487
9162
5225
430
1511
2244
1563
6271
823
3685
2797
3592
5419
5151
4954
5633
634
6741
6149
239
4851
7479
6823
6947
2162
21
4739
6795
310
1346
6137
24
6448
2906
3862
974
547
793
1919
8205
254
5006
1417
8758
4158
6996
5119
8058
8635
6306
71
9602
1719
7053
3575
8475
6909
7821
160
8854
8760
5382
9100
3091
2508
8220
5725
4278
9356
944
3176
5945
924
8958
329
8051
7069
8436
4507
3681
764
4221
8646
4242
275
2876
5026
8094
6687
7930
2828
5557
102
1266
9042
5136
6892
314
4849
9277
4662
8328
1445
4530
9767
4784
749
852
5753
1425
8522
5822
3457
2337
446
7377
2806
9170
7509
5560
3230
3454
5637
3069
8804
8735
2651
9669
3167
7322
5692
5140
6141
5148
1869
4975
1946
1722
5590
7428
9167
602
2486
2734
9571
5638
8892
4229
1814
9401
8874
3972
5854
2394
6907
5703
8093
7457
2271
2618
684
2193
6447
4683
3340
2370
2090
588
4452
6838
6898
9622
5404
5744
2243
791
1381
7681
6109
3249
8824
211
1661
2390
8809
4929
6831
7416
7181
3649
5536
2370
9372
4983
158
3090
5214
2161
5427
3096
2239
1543
6759
6078
9542
7610
3081
2703
3436
3204
3850
2385
1429
4203
5390
5869
8576
6827
5255
9246
3341
7437
449
7569
1798
8665
9212
1807
280
1319
3238
2339
478
587
4810
7906
5988
254
7456
5912
54
443
1048
9698
6760
1231
5782
9715
1380
3694
6668
8304
630
4051
8946
6372
1285
7622
2464
7395
8467
7200
444
1061
1091
7977
8376
379
6235
835
6885
2363
9419
4242
3141
9631
7252
6733
9549
444
4726
9105
7421
7729
6024
5995
8231
7367
2774
1879
6438
8287
3456
5260
7916
1761
5538
7543
4029
3915
2774
8260
3307
2086
6789
9770
2286
2333
9224
6513
7931
3284
6323
1574
8102
6079
4513
4917
2300
645
6132
9267
8774
3854
995
3101
3261
6451
7652
5964
1310
6244
4749
2310
1153
4580
5554
135
3104
99
4845
3768
1614
4811
7959
4821
6437
2685
5822
4662
8704
2539
1812
4986
7288
8627
1821
2923
388
7147
3267
2975
6906
9340
8027
4882
5506
2801
481
3721
5686
560
2931
7687
1388
7286
6525
5471
1010
6573
2155
1534
4042
6672
3324
8475
8467
4138
3013
1650
2504
8712
5531
7830
4333
8714
9686
1558
6333
2645
5307
8104
3192
9431
9392
202
7156
9391
6895
2542
2661
9556
6655
7703
9491
8513
6625
3391
4291
9130
6717
576
3363
6429
6058
634
1161
9712
9788
2002
2798
2879
4812
4682
9496
6231
7239
5559
8065
8413
419
6795
7660
4295
4502
9102
6513
6202
5352
3158
772
6023
4107
2865
2646
4216
4222
7244
4396
4876
3077
4002
3315
7913
6268
5390
9358
3130
2429
788
9115
8226
3265
1705
5437
8706
6810
2776
5065
3196
7522
2335
4737
5255
6436
7335
3619
1073
1104
6397
8567
4899
862
8193
8931
7628
9187
1622
8591
9719
360
3866
1208
7454
1810
9247
4670
6712
1496
9055
4780
8530
317
7983
5830
201
1654
3515
7866
3678
1218
7995
4913
2544
9047
9054
6834
6210
3254
2774
1087
577
7629
1181
2018
777
6108
9700
3862
9525
1404
3274
6958
9539
9660
1921
9514
2549
6851
6752
6691
5142
5531
4917
6141
5506
8595
2545
6641
5531
3097
3463
6069
1994
4596
6631
2871
5048
5604
4471
7830
4830
3196
488
6455
4083
8314
5537
779
5865
6804
523
7889
2389
2784
7135
5834
4830
4646
5371
3631
1937
8120
7110
4769
938
1552
9445
818
4970
2378
6997
1164
6615
1096
6637
4346
8212
2855
6880
8187
4270
4511
2653
8083
7
7323
2485
732
7529
8357
8307
7201
8951
650
9534
8205
3435
5459
1635
664
5559
9263
9610
9657
9124
4724
8993
6832
5569
683
335
2854
8713
2742
6999
6126
3072
1866
4446
9462
913
824
5163
3998
6941
8733
3645
603
862
8798
5133
5967
2484
223
4232
4945
2344
7724
4761
1919
3372
4274
7331
5715
5163
4653
9144
9699
1171
6436
6583
2538
8481
8670
7089
8199
8912
8229
8807
9334
3825
9381
5799
9792
5939
9508
9423
3907
6926
2052
4602
9492
7521
1411
9048
9313
6042
8590
5216
4202
5471
8551
8914
4496
6728
1244
7710
1940
1924
2387
9242
6921
4079
2541
5570
3990
7435
723
7283
3629
1382
684
4755
280
9311
1443
8933
5872
4800
2459
7976
2381
3754
3570
7484
1217
9670
7542
2148
976
9785
7805
8517
8594
4760
3007
8595
800
6389
7708
5240
7974
3142
7980
5356
355
1465
6521
4620
538
5443
8164
1670
18
1063
9210
5182
4908
3559
3053
3223
523
5247
1065
1450
5184
6632
1935
5236
1665
2131
3304
1836
8485
6311
9284
5120
175
4435
7725
6551
9089
5914
5939
6904
599
8794
3534
74
2048
4532
9480
4376
1782
455
849
6112
7235
7010
151
8387
294
7870
4602
8308
3253
5599
6441
2696
4922
974
611
7703
9477
6958
3981
4732
9365
920
3819
4822
8579
2806
6251
8016
110
3497
7438
6784
7093
1427
3914
2154
7633
4729
900
5638
4556
721
4423
8726
9695
1075
7730
4369
4776
548
6885
9532
5818
486
6161
5527
3134
3111
5314
5052
2872
6075
1074
8676
9793
1605
4581
8927
3628
4938
5066
6248
1316
95
6609
2026
6146
6364
4402
8289
9423
9279
3086
522
1155
7480
6889
8285
7736
8838
3766
1125
7376
5898
5123
9335
1692
78
9289
2420
6593
3571
3406
4302
4737
769
9447
1977
617
1470
9070
3751
6741
2118
6988
217
4788
3122
1660
8019
4834
2444
3800
6305
4888
8854
4582
6784
1426
3090
6596
1949
4054
5524
6118
8355
2989
6041
9597
1635
9493
2885
3135
7053
10
8969
7469
4910
975
7268
2451
374
5562
5066
1113
5319
4720
7020
4070
4412
8558
9783
989
6270
7415
6948
2684
2223
1770
5753
5587
6025
4399
6586
4683
7475
6688
150
8318
2482
879
670
2006
1688
9623
165
3957
7365
8516
7998
3369
8553
9556
5034
7219
2680
3226
6217
3366
9303
6397
3395
2003
1993
2053
3463
7460
4988
8527
145
2881
6425
7322
4706
55
3059
9681
4550
4024
4238
7508
6371
6810
8718
3854
3482
3822
782
7071
1271
4408
7256
4496
6956
9767
7286
6716
2151
6007
2810
2798
3033
5477
2003
3183
9390
7091
2624
5767
3691
9636
3981
6544
5535
3999
3375
8173
1420
3133
1627
374
2197
9215
493
4646
1808
3860
8532
7061
1542
7111
2010
1214
1942
205
2003
5511
4039
7363
1883
3168
1120
880
8270
8727
3764
7503
7973
3132
3257
8109
4983
8712
641
4064
6415
7921
3547
766
6301
2019
4564
7003
4088
5326
9271
7516
4230
8994
9746
507
1809
7821
8290
8590
282
2093
2934
2663
201
5849
7384
7915
9734
8456
7855
807
604
1390
953
5326
112
8900
3898
6450
7126
3535
5320
1577
6863
7196
2138
7454
7866
5566
8373
9673
1015
9205
4250
8566
8301
4207
1482
7472
2890
8331
50
4635
5906
9682
4925
4189
6418
9743
8911
2029
6551
2024
4481
2677
4664
5864
8025
6350
8441
2207
8319
9574
4754
264
2555
4443
7932
3129
3154
1599
1721
4571
8559
6909
7701
9469
4156
172
1911
6221
7463
7006
7190
3770
8085
6183
3446
2519
8656
8597
409
2155
2877
7285
3829
1925
1844
8253
9541
5328
4495
1068
5016
6426
7908
5885
5358
5942
8246
55
1896
7164
2162
5906
8459
3362
6905
5283
4235
2248
3495
2342
8866
3987
5710
681
5346
6866
3706
3226
1198
8748
1031
2252
5425
3133
8906
2402
5838
9414
5149
1558
7513
2333
1314
5662
2440
5015
6800
4085
48
3980
8597
4290
3229
79
9667
3951
422
9705
2694
9794
2885
3404
4544
603
2699
3676
6630
5369
444
5886
2782
8457
7825
315
9598
1839
9013
6322
7969
411
3758
8617
9008
456
3110
6609
6020
8171
1722
5230
7936
2672
8630
4475
943
781
5207
5143
2212
8151
4286
8696
2893
1100
9143
4230
7631
767
4678
2940
2860
625
8021
2963
2053
6350
7216
5883
3129
193
4621
3090
2080
4886
878
2565
96
5494
8838
6299
4976
9641
586
6302
4985
5164
3723
4971
3458
7008
2016
3967
7913
5957
6799
3563
2764
6915
3630
429
4021
3911
8305
664
8074
14
6676
1973
1226
2929
124
4874
6292
5704
4844
9613
2660
3352
9088
3594
2276
9168
5808
6844
8792
3240
7655
4280
6999
5690
1805
6695
5675
3329
8248
4957
7962
6759
4813
3891
1143
1405
4447
7719
5909
5992
2041
9199
1797
7402
1175
8293
1531
2417
6992
7762
5488
2634
9294
2816
9263
1159
279
2800
8444
8145
8579
6324
8100
7658
1851
910
6669
8768
8299
886
1758
6536
4693
6214
3042
5614
3603
3070
6640
5672
4571
4662
8369
5361
2046
1535
5926
9261
6674
4472
9366
7223
3681
7712
5086
36
1956
456
8172
5204
5486
3594
4429
6584
4070
4807
7288
4152
1896
4674
9625
9156
3259
4260
1631
4539
6048
7853
4784
8544
9410
2069
353
2073
5309
7040
5185
237
7640
6280
1412
6024
5683
6826
1730
1681
580
5388
9300
1198
1884
7281
4017
3573
5436
2507
8804
4135
2811
7501
2318
7287
5087
51
9773
3425
7993
8189
292
5158
4046
7269
6469
1678
7244
7842
5977
8194
9213
9782
8999
7557
4784
3472
7507
4030
4687
7043
8031
337
3082
4318
7999
6071
6897
9442
7283
6655
8230
6735
2914
3946
7028
9740
1393
4522
5457
6504
5607
2648
5787
6873
931
3475
9096
8114
8185
7963
8860
1375
810
6966
758
3071
6403
6668
1140
1618
8344
1479
6375
687
3061
7381
3212
4642
2792
5574
2630
9480
8072
89
9088
262
9250
4108
8769
2738
9725
9321
7048
1054
5150
6590
2359
5655
8524
9062
5445
9793
1696
7842
6798
4230
885
8229
4201
7912
2860
5693
6369
3246
4258
1713
5685
6072
1887
8803
2264
1303
6879
5068
2311
4340
8512
7386
6068
3819
2399
7752
6432
4242
4633
4288
6095
5645
191
8654
45
9447
462
894
7905
3863
8716
2580
6077
7100
326
8939
8505
815
9711
2170
2252
225
9455
260
9709
3639
1406
8291
9557
1141
5090
1338
9087
4637
4234
8275
7857
574
1450
6793
4618
929
62
7619
317
6897
8114
4657
3541
4682
6243
4486
4890
2150
1195
2143
3724
8230
6296
6327
4808
9289
7025
7300
2087
752
8189
3763
3458
6000
6475
7172
186
6573
5398
1316
9152
975
4966
3199
1732
5097
1475
1602
4407
7190
8892
7574
1971
4860
4627
4106
7590
2365
9160
2161
1470
5818
7210
5416
3568
1140
8873
4648
7315
464
2788
7448
9001
5059
2876
8195
4816
3059
9205
7117
4595
2613
7406
2663
5496
635
4727
3097
3959
7001
2605
8696
9061
7842
2455
5521
1010
3558
6498
6207
1129
5988
4941
6959
2199
4006
3344
7228
4412
6340
29
2156
4725
7685
1223
6776
9555
8462
1095
2980
631
57
5037
2196
6010
1990
9745
8293
3168
2729
3054
6599
5034
5386
92
1766
5860
3476
8930
7351
3994
8047
133
3695
3566
9647
2358
4764
7370
4697
8783
4226
4377
643
586
8353
5840
5485
9297
8715
7295
7296
1709
3710
5426
2262
8973
3362
236
6288
1902
485
4262
276
1412
6497
3660
8495
9619
12
5687
9116
9726
9376
2175
184
1508
5563
7769
5186
9208
1483
947
690
7865
8762
49
9800
2431
6422
5083
2091
9392
9255
9147
864
7192
5600
4830
1439
1248
7627
7785
8807
7519
3289
6849
7443
6132
472
2556
2336
5087
5394
8541
6669
9506
9163
4853
5882
5489
4914
2226
5447
7722
5179
7464
1561
5145
1786
1517
5014
3378
5765
8940
1857
8872
3641
8389
6958
3580
2285
8315
6788
536
516
7830
6294
8397
3840
9405
7886
6171
5510
6412
1672
7048
4310
3493
1749
9793
4595
2956
3386
8694
9228
1452
5344
8866
8381
3889
5746
3679
4614
4472
9213
7505
6684
5467
5157
5001
165
8970
8805
4318
8337
1686
236
6662
7448
6549
8712
130
9564
9747
4211
4393
1591
5707
4716
4937
3911
6930
1263
4861
9719
6604
1866
5624
9323
2444
6589
2435
1347
2619
6422
1299
8195
587
2975
1281
3729
5654
2503
7781
4849
9307
168
8298
839
844
9523
8852
2540
5218
4043
1197
7307
8199
5486
6283
3387
6875
8119
7763
2650
7574
8361
8606
9152
8005
3390
911
6274
4468
7690
6428
7954
6515
5686
395
8613
884
1926
5902
7517
571
5396
3489
9624
1940
6350
7639
8826
8019
3627
3596
7033
3571
1800
4320
686
7823
1203
2555
9735
7941
1827
6579
4198
6474
9291
3121
3178
4781
6646
4141
8219
4752
1646
5116
1788
8265
4096
3054
8315
8402
1040
6863
4935
4096
9799
6307
510
7923
110
2407
7041
6086
2526
8319
3437
2671
2555
6114
4599
562
3858
2129
8735
7866
7590
1723
4827
8648
6361
4802
2005
2104
7850
3559
9654
2830
541
5998
7912
6107
6750
1616
9334
8016
8950
9086
1374
7087
1598
6607
7871
8968
5701
6580
4626
9393
7864
529
7154
5963
7140
6677
2054
7524
531
1998
3186
541
3984
4383
2658
270
1757
293
6904
705
4510
478
9775
8688
1104
8695
5132
8378
335
8486
6104
492
6225
2858
4718
7221
7106
8151
5603
7421
9104
8600
5936
5627
8226
7656
4743
969
341
590
6349
1842
9399
1687
5476
1228
872
3556
3109
7843
2744
2230
9386
9791
3501
7133
2457
6325
3349
1253
3138
5482
3382
4360
3170
3925
2300
6642
3621
8232
9333
1977
9523
5843
3962
5004
6785
6908
8263
1628
4858
1818
4310
9698
5208
8802
756
8463
3443
7546
5216
5734
9147
5
7183
348
6713
1898
317
3601
1991
5503
7567
3074
4949
8296
6974
3084
7763
8562
7357
2455
1334
9583
1427
7561
5883
4289
770
3382
7158
7182
6181
8039
2944
9271
3169
2438
6921
5490
9665
2821
3282
6293
6724
1928
4671
7652
7018
444
6165
1437
9322
6108
963
8574
6108
5044
5882
2227
6805
5397
2478
7293
2029
8828
2673
1805
5289
3053
1104
4423
1663
9741
348
6630
5059
6942
8904
8164
6249
5848
3945
3913
2877
2543
2288
1824
4928
8474
9686
2033
9357
5229
268
6870
6703
1993
7032
6906
4457
146
9792
2513
1982
1645
8936
7731
7718
4342
4974
1507
778
6564
2056
1102
1560
9322
7997
7049
1378
1099
329
7078
7210
2049
9450
1102
4637
2794
3018
2946
3891
3876
6075
1581
5751
7069
9079
7953
6216
5075
707
6153
9643
493
9496
7832
7843
1928
718
6349
6005
6275
2348
9297
7050
3993
5639
613
6345
3974
4771
9187
6613
9233
735
1404
479
4935
5325
4698
1988
9567
797
4639
9567
2273
7359
3675
7124
9421
2815
8813
1260
3528
6538
4846
5874
8427
2344
5824
3893
7410
8993
565
4882
7238
2455
6520
2019
6210
4333
9751
1084
5661
3928
2728
7359
9223
3221
9340
7251
2923
1891
1580
905
5608
4681
9579
2757
8525
7765
9357
9717
1604
3993
702
6421
7313
2303
86
6432
3780
4895
2685
4310
5135
1622
9415
1438
2931
6570
4408
3253
7362
4222
5526
6690
7104
4359
4371
491
6310
5389
2821
8549
1105
4924
1781
7527
1541
4127
5639
8494
1083
9515
3559
4256
760
8432
6961
4702
9513
9345
1457
6896
5053
7804
2326
2533
5172
6776
7102
1954
2378
1989
8508
4662
1821
4964
9047
2070
3256
2458
9015
9594
7064
6945
9042
9547
6083
9155
1788
2481
2191
5472
3084
8064
1643
8927
7729
6956
8852
2075
3038
8583
4977
8282
8878
7560
8906
727
3063
5984
5881
9777
6724
6268
2846
8461
6893
7035
3178
8605
9771
9729
2750
5699
9092
2746
7080
6782
6030
403
4653
308
5964
645
3806
7669
2577
3186
2476
6868
8916
9067
4612
5672
2713
9744
8344
3202
8914
5340
1167
624
626
4915
2216
4922
6819
9663
8566
6206
9140
7894
9688
4308
5870
489
4402
5205
2918
8221
4483
2145
9550
5668
5029
3851
7146
2360
4752
6568
1876
9715
220
639
9519
1319
9711
7687
3809
9503
5120
7292
7565
6414
2444
4
592
510
35
3401
8180
3605
9545
9437
6690
9149
5762
297
6845
2374
2340
2362
2859
4816
3612
6279
2041
9592
9545
5745
3616
5080
1287
3276
6213
5434
3927
2329
8976
5645
5912
6127
3309
8922
5091
5781
2760
639
1185
552
5781
7887
6974
9484
6452
6224
1992
1863
3149
4024
8706
6867
3039
2151
4185
3193
6226
5014
2977
6500
1958
4043
1262
8786
1549
1107
9779
3591
5596
4197
7336
7368
7033
4843
7564
6130
3373
6792
163
9126
2548
5857
3646
1566
7306
8079
5753
9699
6424
9057
5182
554
4675
8348
3148
6847
7767
7736
8319
3908
4186
6651
8485
8777
4812
2156
3131
206
8933
9706
8755
4723
8975
4069
9531
2722
7689
992
8247
2301
4147
7582
3507
5138
6021
8445
9212
2025
6520
7361
3405
6741
6442
6902
4647
8507
1631
1206
7423
4885
5846
6778
8142
2282
5503
5583
2231
9751
2368
6196
4327
4440
4558
6941
8809
8823
8719
4114
2925
3881
661
2533
8418
6102
3503
3048
1246
2198
4946
31
99
2943
4968
8428
460
6371
9771
6970
3367
4470
8360
3725
5217
8375
9746
2345
2108
1210
3253
2060
6600
9065
4763
9349
8961
1251
478
3622
8093
5581
4486
5031
744
9571
1641
7289
7915
372
7580
1935
3687
2513
8903
6911
7917
4974
944
1950
1748
9247
7533
4265
257
1935
8080
6668
9399
618
4024
3915
5885
1488
2926
4001
5339
8728
5938
5312
9805
2071
3476
4271
11
6114
8331
3956
5923
3844
6040
9726
8511
7607
9373
1491
26
8602
3388
4868
8594
1870
1751
6219
8222
315
1728
8272
8448
4714
694
3093
5325
1673
6635
630
5960
2458
3405
3176
6990
7607
4859
5358
1701
8462
4993
6746
1426
1298
9758
3459
1969
2897
3347
5099
5995
2613
9561
3786
936
8122
5705
719
4027
5931
1742
5375
4444
5577
4216
8835
2810
3031
3804
6783
5621
1853
7899
8614
4602
8695
8633
7413
9030
966
4842
5660
5922
1202
8409
7622
2830
7419
9568
8527
1329
1053
724
1442
5383
7567
4903
2580
2208
1105
8947
3373
4606
6070
2140
5368
93
9508
4696
1576
1424
9224
9516
6028
9635
2898
7117
192
2453
8963
9154
7612
2865
2472
1477
1532
8474
7621
3077
6369
3978
9080
4652
2570
9445
3169
4047
713
7711
2238
7003
9747
5415
414
58
9194
8603
5169
4620
1243
4062
6987
1175
7639
6937
3423
4515
1824
4102
3520
4387
7440
9156
5636
3794
3
1962
5690
1907
846
6990
5405
9037
7101
7124
7180
5707
5267
6289
5506
2924
8131
7916
9220
1985
953
9552
6422
4200
3677
11
4207
4224
5607
747
1209
6338
4169
9802
9305
2916
6015
6445
377
1856
7775
5773
2909
8414
8489
1731
4431
6894
6845
741
1334
14
8262
5449
5215
8058
2737
7319
105
5354
1277
395
6838
1704
4309
706
9709
6211
8797
5441
4589
4199
5850
3222
3488
7342
8477
9328
9802
7670
8433
6130
7544
1531
4249
809
4013
5626
1766
4099
2146
5588
3727
4607
5113
1136
3867
6765
1601
3199
5953
7665
2534
7207
44
2437
708
579
1648
4844
2611
793
8087
5729
9306
1266
6734
2902
4345
3487
5788
3877
157
7844
2096
6726
7654
8280
5992
8297
9277
4372
2482
334
3715
303
1939
9004
7782
9068
6810
3423
2327
8262
9496
8127
8045
7004
4618
8110
8451
9467
6129
8546
4025
9294
5098
1588
9019
9670
9203
5626
5119
8119
2909
1913
1377
7645
2173
4922
8542
5657
9271
4295
7630
4413
9639
3629
4097
9386
4580
7229
5943
7715
7433
7195
3454
6382
3666
7538
314
8080
3109
4398
2028
9522
5467
2094
7760
124
9416
9096
3243
5803
6515
5134
1442
7925
6789
6281
6403
6980
8620
8933
7136
2576
7066
5108
2428
5564
148
3152
2340
8089
7373
8327
7529
6730
728
2482
8625
5665
7295
858
8870
4344
3079
7182
6847
1710
6513
2582
5092
7609
5691
8526
7954
9743
6134
4589
9197
3061
5040
860
5753
8617
3753
1806
1548
2084
9005
8991
9221
1281
4652
6002
7413
568
820
113
1464
3812
7277
186
5378
6547
4638
8611
499
6217
8124
4537
1924
9007
984
3728
271
756
9740
77
6461
3324
2211
1121
5230
6810
1083
46
2585
1033
7492
996
1997
840
9199
8359
8775
5125
2393
7832
229
8313
9761
9558
5934
8306
9143
7192
1043
579
9628
7957
9729
5337
4747
159
2722
2122
1793
9216
4850
7871
4441
9377
1200
9674
3984
5627
5761
3467
3704
4842
5361
8181
3537
3870
7370
7026
8986
6817
6403
3456
185
2963
2624
324
6989
4889
5767
66
2080
9264
3271
3523
2332
5729
6421
5643
4166
2985
165
2262
5597
7725
7527
4084
4684
6557
4277
74
4109
1479
2293
645
2764
967
5135
8629
9392
3971
8764
4508
9364
4567
4172
3599
1800
1351
1613
1849
3180
4203
6030
3487
788
2263
6397
9210
8076
6313
1213
117
1137
8723
1367
251
6391
1059
1308
5863
4050
4792
8601
6952
5186
153
4372
4747
1427
78
2794
9020
3228
1518
3396
4112
5776
3707
8100
954
8194
2288
4558
3877
7766
7523
2504
605
6789
7458
1315
2741
4875
5734
2483
2869
3186
2255
9106
9404
452
6398
3245
6077
3857
6594
4588
4597
2518
9300
1162
4315
4402
3720
1799
1988
2704
3444
5552
578
6972
152
6213
7810
1874
8161
3809
963
1409
6410
8610
6513
6580
716
6858
5093
9083
654
6654
8748
9468
2797
9182
5707
4932
5915
6883
3495
4802
4209
9280
8467
6724
3970
8899
2022
5081
9652
1002
32
2145
6931
5159
9063
8330
6783
8658
3705
3655
3924
750
1208
8988
3098
8598
1971
8446
9141
1353
4483
8205
6864
560
9145
1273
8363
6068
6262
9744
2898
2695
4634
5704
3901
2640
8627
828
1534
5102
3908
5541
9276
9413
2920
2518
3926
5512
2815
7518
8692
7562
1329
4004
7219
5527
5293
2250
7894
6318
5642
3216
9423
3062
6244
911
8458
6431
3091
8827
2597
4862
5895
3052
77
4854
6884
4787
8507
6051
8376
6842
5653
32
3309
6446
2511
3498
9581
2617
1064
8336
8787
6209
7662
7506
2820
8448
6270
4370
1259
1917
8195
438
4091
6310
4634
5130
6962
2598
2627
1035
4883
9596
9314
6346
6931
6218
757
3810
9597
3067
2887
3855
8086
530
2603
8708
1242
2819
5359
5094
1633
8928
6826
8454
724
3680
9553
5073
5751
1590
1224
1330
2171
8403
749
7894
4383
4682
6999
3080
7962
9155
6039
1912
8750
6757
343
6003
5518
4282
2432
1957
7190
7502
5753
1956
7955
8512
5662
8055
5916
6722
4964
2292
4477
1689
2989
8643
5995
3107
3037
7955
3841
7839
9503
5341
4132
8432
3620
6282
8627
5130
2176
5604
7127
6766
2542
2876
1459
8317
2107
1526
6706
3462
2764
7634
9641
9306
8075
5645
2629
875
3302
5048
4549
3106
4410
3741
3026
821
7571
9569
4906
5367
7140
9209
602
5880
1222
8289
5544
6881
5570
6695
7454
3805
3354
663
8439
8469
152
9292
9216
1689
4818
8989
8529
2260
4487
4646
7758
474
8716
8915
7480
5899
471
1744
6886
2840
3373
8672
533
358
84
7886
1679
8607
5172
3983
1985
31
874
1135
2831
8720
9554
4756
7470
2108
7526
8644
8889
7150
6016
8792
882
504
3521
7817
352
2359
1014
6986
1074
6494
5502
9364
6939
563
9374
5872
2899
2205
9218
915
9505
1808
4044
2280
2582
7472
1658
8628
7189
11
8585
691
7085
9150
7141
7826
7693
463
4902
4789
124
6106
413
6537
8802
3699
2996
9579
6831
5961
8345
8530
8622
6038
3103
7448
5896
3883
3327
4016
3932
8421
726
1032
5670
1774
4124
780
7601
6401
4693
1914
8102
6146
6151
7096
5605
5644
5947
1504
4242
4838
4430
3467
3258
1264
3841
2290
1009
9718
2120
6214
9232
7476
7631
3456
6631
3632
7512
4008
515
7917
5747
6364
4579
2617
2499
4252
5909
4898
7035
9052
3983
2916
4393
3765
6217
9187
5511
9063
3054
8273
2838
4032
2082
5504
3530
2983
8507
2469
279
9284
2812
8388
7096
5296
2068
3384
1947
4813
2338
2945
8323
1244
2944
1659
2174
3824
2419
5019
8082
9172
2035
2363
4439
1700
6364
6818
1888
3505
4250
3810
2095
5395
332
6752
4391
2543
4792
3634
9368
4607
5724
4059
7106
1973
4943
4823
8884
9303
5628
2520
5377
9611
223
9534
4392
9609
3829
838
1955
8251
9745
5342
7221
1068
1721
8114
8268
5118
6356
4179
979
6177
6284
3649
2927
1373
5117
5426
3112
4691
8145
8797
8519
7308
228
3557
5910
7915
9345
5979
276
4901
6777
2678
1901
6048
4213
3094
381
6514
7797
817
3908
9457
626
4075
9476
3521
142
8232
4117
226
7826
1004
7520
5034
9498
3629
1629
7568
7309
5815
5205
7523
4208
5142
1070
261
8314
4050
1335
5014
5288
7483
292
192
7564
7383
6458
1476
5367
2036
7427
5679
7803
8140
4441
4186
3691
3652
6829
6309
3949
3422
168
2390
6819
4083
5043
6411
7374
3688
2775
7088
232
6072
6698
7365
2553
2820
1682
4769
8951
4326
7580
6106
5257
2308
9262
1956
3367
3243
6469
5619
2036
8774
754
7032
5947
4654
9006
2029
8858
6741
7894
8149
1365
916
932
3624
7361
189
8531
3925
4125
2165
3897
3469
7925
6855
4347
6072
1640
70
5835
3227
2182
8115
6624
3169
3692
4744
4044
9445
4206
591
297
5525
6475
4460
6824
8669
9604
3641
1177
670
1945
7808
3511
2794
1021
7080
8197
5218
6845
2699
5079
6473
3317
5940
936
9573
6629
5342
8268
2323
3850
7479
9518
3493
4324
3373
4364
2872
8036
3549
1718
9694
6497
2554
3188
3593
2154
5233
8552
7776
8675
9610
6232
6184
4082
2199
1038
719
3924
2253
5501
9688
183
423
8748
6964
4359
8228
5022
7762
8181
989
8363
1050
6690
7743
2211
443
3144
27
7068
6503
5124
6955
5846
9316
2454
6514
4600
6758
1349
5584
132
385
2743
4485
9685
8368
8191
2243
3087
4491
2584
5581
1441
4738
7876
6033
7720
8829
8878
7356
6490
9701
5003
3442
9010
5410
4861
6177
9482
1846
5976
355
1697
8384
7136
1455
2307
6293
1813
4171
8360
7769
6368
8769
5452
7724
1706
5132
3052
1533
9101
7871
9169
4122
7707
799
1029
4354
6069
6838
9488
5109
2490
814
4261
9180
8089
7322
7265
3152
8742
1783
360
40
3521
9145
6511
9789
9370
2328
3465
2647
5010
2830
3543
7054
5026
7169
43
2189
8287
1851
5793
17
5890
470
936
1040
5727
7028
4990
1688
1172
4133
5773
1312
4885
2977
3757
2868
4097
2471
7188
3106
2691
2441
3965
6313
1371
6237
7215
8378
227
4847
1178
1528
1920
8169
1006
6137
9253
6488
4793
8679
524
9574
7562
4897
9044
664
4318
7289
9711
5169
3257
5721
6413
1959
6171
972
6465
9439
6578
5390
7011
7697
5176
114
4272
1847
124
642
2892
1986
5593
3680
3949
78
928
4413
3250
9440
7455
373
9132
6814
2927
3429
1870
701
4541
6195
2306
6455
2343
5286
9060
9424
4888
946
7434
3355
6484
1157
5787
538
6202
7139
4706
7216
9338
2588
5939
3533
3038
9039
4200
8233
9509
3825
4170
925
7289
8193
2712
6971
1056
9671
211
3386
4480
2881
6186
3512
2863
5029
7226
7499
1297
8128
6076
2942
8414
8480
7474
2746
5135
2959
4698
7926
4202
6525
1657
1709
8524
5347
7988
6738
4349
8980
3157
6529
4968
833
9019
9515
5572
4943
5953
4514
9174
3042
5031
4444
7787
7514
695
1597
7301
7901
5980
9512
8162
6317
976
5712
3810
9386
7040
8654
7184
8658
4659
5115
775
9668
1064
4926
3165
5686
7193
5261
5780
2764
7253
9681
880
4877
5270
5091
2913
4917
7200
7227
1967
9535
7601
7610
7273
7521
4349
5894
3793
3118
8578
8642
4381
2143
4069
3001
1249
6981
6912
131
4470
7399
7885
1095
8168
2583
7964
3129
5252
3838
5557
4562
863
6461
2535
7970
99
4464
4840
5245
2351
7750
6633
3088
8098
3627
5181
3021
3964
7175
2716
5148
7312
5764
3569
9622
115
4245
5317
1119
7589
8822
3697
7562
3169
5105
62
772
3625
147
4321
1157
2788
897
6025
8295
7370
371
8552
506
2002
5827
3051
2869
3299
1439
8035
7653
9002
681
2401
4258
5825
6484
1214
2866
1279
8297
2695
3797
4097
2631
7439
7719
6021
3971
8232
665
2833
4595
6455
1768
2202
4959
9482
211
9691
7059
715
1598
8644
3855
6284
1645
409
4523
7076
3433
1656
380
2193
3509
1605
8446
3219
1503
4591
2651
2697
9534
2801
6386
1650
3428
2704
834
7459
1209
8078
1821
7331
2499
742
6207
3885
8131
3243
75
2765
8033
7864
4387
8779
8106
3158
2401
9765
7783
3722
6343
912
1610
6258
9471
7535
4961
5290
723
9420
8624
746
2753
4796
4772
6001
6654
7186
7571
9629
2817
9427
8320
7420
1271
4912
6203
2659
3480
4911
3485
994
3996
256
7442
9079
8789
8674
6325
7369
6426
9703
3425
8465
1023
819
6396
8605
540
6770
8277
7265
6503
7468
6837
9066
4169
8089
7444
9768
4586
4472
1558
5207
1462
5476
8178
5846
1309
3398
1671
4673
4258
8951
7532
3555
4335
6288
774
7278
304
3835
2975
3173
1966
3540
6236
5658
9577
4420
3216
1221
4062
1409
5707
1466
555
6391
2403
5007
2683
1920
2756
1507
4613
5044
9644
734
6430
3193
9178
1168
3423
241
8822
5674
8961
1536
6922
7089
4573
2704
5442
9555
4195
1897
8569
2412
1155
1646
6672
5402
9598
3399
8372
9544
5598
678
1494
2562
6652
5405
9107
9497
3157
3297
6245
3964
4379
2949
2622
6702
1565
441
5515
1361
8992
7898
3299
642
1088
7469
6805
765
634
2151
323
4825
9233
6725
9088
3358
6381
5646
6915
5442
2092
2126
8426
6357
4565
3824
4506
744
400
1631
980
694
23
795
678
1995
970
5912
3674
3931
6461
8535
6466
2921
8362
6018
329
45
7606
9805
2984
9619
9480
611
5647
5405
8921
8442
9032
6702
5939
1326
8400
2531
9537
1045
9285
6317
5081
9606
477
5301
6649
942
6942
1038
6000
281
6287
3130
9112
5048
9278
841
2864
3417
8294
365
3203
1605
8123
3744
33
277
7454
5441
7102
1067
637
1792
9218
5012
7588
7843
4379
1206
7152
575
1444
611
1031
4070
6671
2234
1028
9790
3747
9222
6720
4517
4223
8907
3635
7874
3244
8332
8859
285
3103
430
2355
4135
9378
1135
7711
6504
8539
8617
8641
2562
2692
3759
733
6378
5872
8201
9188
4905
1853
6670
5238
6916
9597
5701
7701
8674
9445
7087
3447
135
5880
8271
7105
1814
7783
3310
8847
7758
1329
2638
1729
7548
8896
2801
9239
7643
8555
6511
1110
1029
2373
1294
8579
2757
7771
8774
1076
6186
9241
6626
8277
5387
2415
5935
8083
7845
4079
1815
3562
149
6953
183
9432
6237
6685
7266
9761
5149
9774
8852
9279
2112
8828
2355
2609
249
6693
5324
6583
6743
6179
5807
9301
7529
7063
3566
4416
9333
2127
5419
5453
2036
8213
2724
7063
5000
9007
2553
6876
2385
9564
177
5013
7764
8976
8677
8344
8023
2485
3424
3834
3075
9733
9161
9740
4490
3450
3557
4853
822
2741
7196
4507
3747
4652
9009
2754
5062
43
8469
5259
723
7449
4526
5695
920
2855
9730
4608
1760
9557
645
5389
5929
1025
5617
7070
7488
4078
3959
6358
987
275
3275
5101
8680
9762
5196
3496
1791
9442
2678
2476
4651
7416
3365
9360
8705
3762
3441
1478
6172
7703
8408
5997
878
7959
2160
5608
8204
1065
9205
290
7813
7723
4479
2359
8819
4152
9178
4262
9748
4675
6400
6398
9174
3961
2302
9069
7007
5259
9276
2768
3505
5371
7162
8950
4132
8892
8512
1424
5134
2147
9775
6
1020
4077
1264
7705
4678
8489
785
900
9604
5864
8354
6929
5810
5747
6732
1928
1956
8089
4331
2113
8037
2878
7611
8866
432
5050
8866
1625
86
3243
455
5495
3530
1307
4047
575
2788
4328
3144
8468
4961
4894
8278
5603
3817
6996
7971
3655
2895
3462
26
8296
5358
285
8873
6250
6135
1923
8033
3157
1986
8207
4415
9770
8323
5095
7614
307
8756
4819
2297
5416
1559
4432
4327
8799
9780
7964
8933
2366
7831
8777
1150
4300
7256
7540
2663
280
5873
6394
5535
5245
1424
9489
445
5438
6762
7651
6259
9708
8519
6950
9563
9322
3539
7248
1409
703
1008
5596
4322
2961
5830
5070
9732
998
3715
3017
4273
7648
1805
9569
6357
1552
5391
7364
7073
4408
9170
3013
8933
5878
6236
9508
2965
4015
1518
3006
7667
334
4132
2946
5876
3535
1470
2284
5949
9373
7322
9165
2374
107
2232
166
7697
6914
4298
9159
4312
6904
9377
7746
96
5595
2167
8072
9448
1589
466
1694
5690
8706
3707
6823
4006
5430
419
3318
2788
3607
3546
1433
4041
3370
3808
1891
7864
8640
3372
3598
2849
6485
9235
8513
3110
475
7558
7061
4382
7502
7729
6629
9269
6441
4301
5850
4916
586
8593
9599
4778
5619
9798
9186
600
6683
2665
2117
4830
4269
4469
9759
6517
4710
7829
5268
3701
7565
9070
6011
3849
2386
6248
3928
1909
5350
1337
3860
5147
2580
8910
2207
9390
2016
7190
1640
737
4108
9346
3292
5568
1423
6922
8425
5982
8690
7420
212
4454
1252
7831
8809
8301
2297
9643
7926
5777
3865
6629
7154
419
8072
3403
5332
580
4183
7217
3815
8090
5691
5367
2673
4641
3491
5684
4319
6234
3909
9788
1399
4604
5832
1330
9477
3182
5650
962
3544
9010
2441
8662
7895
1135
5191
3321
2276
1158
1439
9786
9228
8410
7966
230
87
4226
1456
9100
429
8311
4042
9284
3461
4982
448
5152
8550
8117
8290
3741
4613
16
1856
369
2240
8833
1650
2212
8719
8307
9391
5400
2421
2477
6707
3804
3337
5732
3249
548
7909
3310
108
9300
1551
376
7884
8099
5846
381
113
9311
2020
2098
7459
2065
875
3193
2816
2608
5264
313
9168
2224
1930
484
4906
1844
3068
3157
8591
3347
4480
7000
5150
7620
2413
6555
8290
4082
2752
8316
7454
7312
7168
7530
7289
9285
3474
5634
2914
3884
9093
9527
9056
8261
7712
7023
1638
6488
1873
8933
896
7491
6113
2407
9048
4831
4065
5262
5415
2923
6426
492
2438
1525
4898
1012
9708
6123
3855
6161
4101
7509
6566
3710
6786
4165
9682
6934
678
3371
6400
5092
6194
2373
7964
4594
6785
4656
5440
4228
8944
1910
4549
1050
9574
8289
3301
4390
251
5973
2917
4144
1964
6937
2146
4587
4587
2341
8063
1720
5187
7907
1160
2360
6578
5745
8990
5087
6600
6000
9659
8632
3490
5890
556
7436
6613
2485
2083
4219
8502
5045
6692
482
610
6640
5334
2920
6085
4857
7151
8244
1611
4166
7647
1059
2113
6792
4829
3964
4673
5179
2402
547
1320
2977
6469
2734
1792
3644
7852
3382
8715
526
1803
7404
4580
5444
5395
5939
2776
2560
1259
6280
1015
3139
7990
1285
1075
5212
8617
9131
4958
8019
1969
3971
930
3505
924
903
2729
9327
8286
4798
8646
2279
5698
6341
1393
767
4508
8658
4877
8084
5663
2449
9055
1192
7651
7536
9090
4821
682
3271
1304
3393
1510
6475
8087
3174
956
9512
217
4885
3676
8828
7773
8382
8762
5405
9015
1971
7896
1965
1260
5096
452
83
8010
7122
1679
7160
5758
3223
2322
3289
9406
7753
4696
1731
2697
8833
4899
4018
3167
1363
3732
3352
2775
8918
5100
8583
971
8828
4587
7449
5773
7676
2223
5399
8980
6380
8983
7320
8417
4320
1607
2259
3135
6275
3234
4335
1592
7394
2009
6485
1717
6914
788
570
866
8449
2029
7103
2057
786
7291
3114
1569
100
1538
8043
677
7508
8392
5850
2777
3840
4961
9566
8904
3955
4679
1750
7242
348
7543
2800
9765
2111
2528
5487
2207
1377
8418
9038
2151
8408
5382
8848
3617
7058
2255
2719
2395
3639
6281
1469
6819
9291
2122
6677
2246
2066
2672
7719
5838
895
3667
119
2575
2577
4955
5913
3324
9085
9251
5663
6099
3788
262
1171
3832
201
1393
5619
235
8720
8911
6085
679
4150
891
3888
6346
1419
1794
8627
6039
1060
5547
7724
4142
4102
3719
4852
6741
3516
3345
1174
2609
9274
6212
4230
9674
2073
4786
5678
5705
1090
7201
3475
6275
5227
6892
2142
5820
4628
3933
3458
9312
5273
5239
42
8391
5229
6859
6857
5317
1645
5854
275
6182
1487
4592
4804
3165
1810
6589
2728
9459
859
2374
5693
4510
2335
9492
3792
5991
6657
3512
7349
2767
1404
7887
5457
6783
9660
8474
1810
1521
2429
5144
6725
6381
9429
342
2214
8744
5868
6850
3799
7069
7891
8639
1314
8524
1000
6443
3139
8897
7906
4976
7577
413
6577
3007
3614
696
7927
2425
7108
8797
9007
1960
5729
7850
9558
4660
9012
8656
8252
9680
9704
5924
3199
3823
5802
7177
1415
4553
3231
8504
2295
7374
6116
3115
4430
2234
9594
3287
6212
4764
642
1313
1933
6692
1212
5699
9053
5437
6948
4503
5003
9093
4492
2502
520
199
9012
7515
6629
1717
8021
4271
5383
6297
2490
273
3031
7286
6024
4771
8880
3453
1594
6304
8573
7054
6248
538
532
4582
4253
5626
8813
4452
4047
402
7912
4783
446
2599
7007
35
5470
3098
196
348
4503
6708
9116
4890
7790
7971
5874
2102
8630
6259
4420
1715
5339
8215
3171
2085
7235
6985
2660
2998
4551
2214
4518
2036
4410
5178
6719
1370
6852
7045
7704
6226
6587
8139
1331
5654
7577
7912
2653
5909
15
1616
8351
191
6952
3873
5345
7315
913
8204
562
6804
5340
1558
2562
1588
834
5818
1223
3788
2232
5319
9024
7046
9698
5868
2974
218
6132
3301
4333
5821
5631
7175
710
3922
5026
2332
9645
6387
8567
1296
1929
2195
220
4185
5659
3614
7147
1978
633
8170
1934
245
6450
3868
1623
5466
6484
6729
3046
9672
3770
7619
708
694
7633
7983
8255
7736
8450
8698
1732
8418
4233
686
6607
9292
9035
5030
4895
552
9524
2706
5133
5112
4673
7043
6543
6374
4165
8623
259
5566
2366
7250
4162
7527
7026
9037
9319
3169
6453
1837
5210
9516
2540
8110
9534
4099
6844
8863
7454
971
4676
1924
5062
538
6448
7587
6146
8092
8998
316
4545
4559
2457
1197
6640
7016
5301
4077
3675
6386
1858
341
7334
3671
4144
7406
6705
1586
4821
5421
9479
1009
5809
6267
1716
3476
8148
3760
2013
774
487
700
1066
1564
6972
8984
3853
7742
1440
6558
2098
9289
6452
1856
782
1992
6867
814
7703
5238
9270
7462
4962
4299
1869
4534
1632
5202
4290
7889
5542
5082
4293
587
4908
9672
787
4775
1548
7843
4564
1033
1942
5766
8252
6251
9529
2571
98
2573
6815
8331
9482
8974
7701
6049
2974
9424
2601
1016
7670
8529
5813
4161
3027
4015
5861
4154
5545
8896
8249
9449
399
7244
5207
2954
195
5683
5799
8372
4930
4702
9522
2720
74
6608
4541
2867
4667
6715
4133
6705
8724
3893
7167
2672
6552
3802
1442
9805
9507
113
1682
5579
5917
6523
2678
5407
9541
4378
5037
3161
9548
1803
382
1470
3080
4918
7118
1812
6702
4908
9417
2507
2712
3505
7253
2590
7367
6082
7853
963
4887
3596
6212
6952
8508
210
4203
2213
7785
732
161
9401
5292
2924
2669
4214
6402
2840
5546
9429
178
2472
8252
1663
1370
464
1370
321
5196
7566
1143
9761
7602
7150
6807
6628
7960
2706
8566
8404
3060
9637
7660
3216
4382
2422
460
5139
7375
4975
4135
3567
8998
7892
1507
2364
2275
6717
3797
1242
4024
6378
251
4295
9270
4119
238
5221
9786
1955
5800
6550
120
5281
9043
8181
1434
7492
2542
2129
4497
8646
6938
7381
2180
7581
2415
1717
4818
8885
993
5003
396
663
577
9382
4412
1050
9559
2800
4539
4037
2158
2903
9166
6683
7270
6845
8992
4589
5772
4339
4483
700
5101
2208
5402
1199
3854
437
746
2875
4763
942
5083
6819
4723
2391
1277
6841
4108
7819
584
3193
7334
3758
7160
9442
6997
8912
717
4276
8810
9517
3418
5502
9668
7204
3462
736
3697
5765
8222
2065
8731
9590
2761
5378
8735
5134
3041
7863
7099
3084
7446
4836
9443
5423
6741
4554
8026
1771
2988
9723
7786
3368
6098
8959
3252
8022
9397
6700
2511
3484
9221
6382
2867
6267
3442
7556
4131
767
7045
1871
6264
1882
7557
1705
3154
5536
4317
2178
8272
7650
4650
7986
3335
4197
2296
9029
4750
1172
3291
901
2929
6593
6808
8315
8004
3971
5842
7566
4516
79
450
6463
7601
4694
5547
5126
1774
6089
2999
451
1570
5437
1088
910
6584
4575
4768
9779
3866
5740
85
3376
1340
6813
7666
3977
1102
870
6750
3281
7320
8093
4403
918
2591
3813
3106
5732
6133
9523
1427
6418
649
1453
2767
6880
7354
7638
6005
9560
1924
2755
2121
6130
2636
3133
5853
8118
8916
4079
6142
5777
5774
9614
5497
8344
3070
625
9541
3292
8852
1112
6054
1020
8297
8516
6291
6531
9514
5542
3064
2637
2989
8126
6561
3224
2977
7539
7382
14
3562
8848
6160
1317
4370
9210
3992
5989
1308
154
8637
4563
4832
472
6888
3895
2532
2207
8732
413
8487
5343
920
6377
5817
2165
3832
1402
4038
6217
234
7081
7917
832
5229
8297
2164
47
7946
9544
9559
1935
4739
7835
552
3962
4597
7105
440
9268
2865
1472
7673
1119
8991
7064
7181
8479
145
1710
3448
9634
4562
2129
382
842
809
1964
132
9423
5522
4698
7132
9093
5091
4471
769
3170
121
6831
3369
1458
5578
8820
907
4424
2260
5729
9756
8027
3490
9179
6887
3479
4965
793
1240
1588
4320
3846
9348
6661
4570
5534
7436
7814
2017
433
9364
8871
9067
9748
395
2409
4138
6497
4286
4301
6962
6317
6987
8744
3951
1203
6955
2830
7548
9099
4190
5573
9402
3482
6622
401
7565
6727
3777
5560
2206
3010
4777
6458
5960
4441
8496
4317
3781
7628
273
5535
6003
6906
2461
7806
4000
5795
5741
7435
1238
4177
9062
2838
6
4448
4793
1246
9301
6377
4783
3944
7038
1174
5354
6249
5109
6469
6286
8157
2666
3898
9693
5737
9575
3894
2192
6372
868
1
6381
7377
8375
7204
3014
659
7316
9730
1039
4482
3124
2635
5970
7112
6567
5696
3963
9299
7667
9106
6379
1407
376
7594
273
5599
442
8251
6812
5437
1724
544
3162
5155
9493
2444
2772
666
8908
6273
7768
4986
8559
168
8118
1377
4735
2627
7186
6443
4194
249
5770
638
7466
4193
3930
8877
6320
3254
5205
552
9224
2356
7112
8018
739
5577
1661
7704
9432
8058
7864
6888
3232
6212
6117
4947
938
1217
8169
965
4324
3626
4234
1442
8761
429
4743
1874
9771
9421
6411
276
5376
8412
9752
6774
8484
7413
2429
3895
4250
5116
226
285
8393
8162
2644
6042
8970
3763
2731
2246
6746
7725
9027
5265
3659
1918
9100
5357
9455
2950
7390
2916
6726
3704
92
4128
2428
8043
1505
5505
940
9208
8282
8037
2224
8864
4448
4124
7668
9292
31
51
9075
8744
5192
8847
5707
3132
5655
9202
8411
6020
637
3903
163
9473
1279
3468
9738
4172
3275
4812
1368
3300
6407
8715
4382
7851
5763
8830
6463
6465
940
7582
9291
998
1936
7049
2213
8470
2682
1650
3576
4395
7309
5904
4681
3618
6477
8657
6278
488
723
2859
5358
656
402
7133
1148
6266
5256
5728
7064
7124
6112
3235
386
1035
6797
4726
5982
5785
9192
9468
3760
8785
1845
6597
7023
7553
6854
4075
8466
7420
473
5267
5175
1243
6056
2545
6105
8491
8454
1730
7605
4616
8648
7969
693
2864
8701
9513
6532
4604
1783
8419
6616
2352
1976
788
244
1337
829
2860
4644
8846
6673
4905
7961
1289
2928
5009
8567
1804
1518
5711
8485
7752
2782
8365
8907
1566
2722
8071
6037
8392
9163
116
737
6044
4952
685
1094
4749
4685
5344
3811
2178
740
4359
749
5189
1442
2463
7421
2326
18
5055
4520
8323
8899
8567
6664
6038
9784
5644
1483
2970
8206
5965
8697
4191
1456
318
8663
7783
5450
2027
607
2720
62
4094
2986
7960
2235
5574
8214
3737
318
8276
4195
6652
6218
3053
4437
8104
7313
4712
5712
3154
7616
9321
4391
8331
9494
9351
3185
3538
9140
7314
425
1026
4175
6410
5341
1668
5536
5953
8059
1175
1387
7241
7012
1112
4490
2647
4096
6224
7849
2786
1961
8561
3383
9800
9527
8469
2719
7223
5476
421
4448
871
1738
6901
2913
5395
8132
1216
8428
4888
4315
5140
742
1352
4132
7696
2244
5384
2923
1980
33
4399
1137
7738
8944
8181
5890
5335
1893
208
7146
3794
3001
5246
146
1750
4288
8224
6438
6878
9521
8350
5580
7125
2230
6285
9455
6614
4876
695
719
7247
8344
8409
7402
4253
5586
1517
402
4930
4391
3131
932
2957
7152
6922
9125
1392
4451
135
5306
1782
2687
8861
5416
5792
6108
9358
1761
9361
6439
7611
1386
8666
1069
3279
9055
258
926
5906
2007
9208
2234
5332
8585
1627
6940
8382
3085
1191
649
6216
2682
4015
9556
3491
8569
6026
6798
6590
1382
7299
8390
995
2027
3432
2257
6757
4223
3720
6578
2372
613
1059
4639
560
1905
7439
822
4448
1881
6300
3046
1129
8843
1940
5750
5370
6616
824
7747
6430
340
9054
4422
6758
7422
4688
7192
443
4871
9341
5357
1489
5438
4405
4194
3966
3578
1725
4029
9649
4519
8595
141
7395
5804
6029
4834
2336
3111
7068
3233
672
2115
9185
4603
706
5153
7374
6498
4951
2048
6776
5727
8514
9076
4372
364
783
6781
7085
3180
8827
4204
5133
8026
3282
8695
5827
4885
2133
7860
6522
5959
1633
6217
4753
5275
4110
8008
2657
1863
4302
5207
7145
2500
2233
6018
2011
2979
8430
6455
4902
8508
1154
1912
5813
8175
1773
5716
9249
7864
7803
2707
8452
4627
2878
5042
4070
6955
4854
89
4483
9537
1940
8220
7278
3067
5804
1536
8374
7291
9707
4280
6803
288
2180
4948
2013
2518
8177
8972
2826
9731
9292
2975
3828
772
484
3211
4552
5967
1366
7099
7238
3963
6518
2875
3101
7454
4723
2269
5693
9455
1980
6351
7378
1248
1811
1238
4295
5137
6231
5093
3507
631
97
7418
161
6287
2581
8663
4663
703
3834
6587
2759
8946
1777
2071
4217
8329
1518
9337
8349
6264
9040
7486
2362
6584
3691
9245
6652
5028
3307
5705
7806
7241
7212
3308
7021
5825
3332
9232
4017
6610
5072
9289
3178
157
5285
9281
3101
3104
6041
985
699
5688
2166
9690
5371
5783
4559
4036
8310
5730
8664
6894
3117
9395
8129
7631
2838
3966
7442
4969
7190
6359
2408
6551
7969
8749
105
9516
2641
4861
3181
7476
8207
5370
7600
1931
2557
2155
8484
3721
8159
400
8552
2883
4057
8379
1563
7771
6986
6723
4549
7699
2213
6016
7610
4531
7597
5594
1027
4157
9522
2690
8409
5764
7545
4444
1748
8054
7536
3363
1409
1819
5970
954
5270
1078
8714
5304
7650
6710
950
6050
7096
6614
3558
9677
3370
607
6014
7537
380
4322
9664
1109
5450
3940
7082
7040
4355
3528
8121
2636
2334
2242
36
3994
7315
3496
32
1233
5471
2514
3700
4725
4065
7056
9325
1282
1044
5253
980
5085
7260
56
7552
7075
7550
869
7920
4153
4489
7302
2946
8444
7344
3241
3009
7433
2790
7714
2508
4211
9657
8197
9755
6663
3448
6258
4445
1053
7423
4707
6798
9451
1249
4963
7999
7356
8171
6806
9665
8322
8018
1989
7869
1801
6197
2437
6237
8124
259
6
9115
9696
5690
7424
7129
6938
1969
4571
4662
4018
3953
3255
7960
1949
1758
7330
7989
6396
358
6420
7723
5534
2518
739
4323
7909
320
7112
8499
430
950
1430
1989
6401
4151
4748
5519
5435
7533
7426
933
3640
3640
3279
4942
6892
4606
3097
8539
8225
7891
471
3195
3354
6706
6954
3210
6464
7241
9110
2420
941
3631
6660
7763
5271
2161
4206
6370
8140
7050
4947
2324
176
5587
1909
7190
9
4374
8460
8816
3723
2478
8550
2467
9787
5378
9608
5947
2825
7391
3963
4741
3778
3975
1551
7253
7701
9095
7486
760
3968
7993
6824
880
4578
3429
8567
4718
5405
3204
7972
8718
6006
5658
9527
805
7804
5066
2519
7346
1530
1013
6191
64
2614
1880
2958
6116
4597
7525
1884
1994
7858
3545
4626
7216
448
3644
6400
9057
5146
6041
5410
1154
2128
2126
4613
3746
8628
55
986
4796
1015
5228
5996
9608
9117
2861
9568
2765
1854
9082
8230
7395
7923
7485
5733
1729
2356
8217
3571
5147
7520
9082
4781
5738
9159
12
8955
5713
2245
7081
8120
6841
8257
3554
2515
2153
5437
4832
793
6670
3554
2481
5
1282
1209
3335
5756
1115
794
8208
7879
5265
1209
9167
7366
8470
2584
934
1639
8492
408
8374
4328
7615
1558
8863
3245
3224
3482
5965
9461
3530
4170
6247
6412
687
8475
1378
5155
3348
9757
785
3297
6450
1475
3827
1430
6714
5768
3731
475
1992
4571
2349
2411
8944
5231
9421
2170
2488
1807
7978
7586
7073
9631
2574
4939
1520
4089
7622
4796
1662
9545
5110
4256
5461
6816
6687
6951
6030
2117
3039
9035
8366
6026
8935
5091
366
8741
327
402
7584
8388
3463
2168
134
3156
5812
2246
7894
9047
2501
2533
8478
295
6608
2951
2844
5710
1716
5972
1516
7022
6431
8915
5013
9135
143
6947
2238
3383
2896
6953
918
7524
1682
1509
7727
3699
4521
6057
5726
7453
4244
9045
8832
8137
5897
4155
6885
369
1033
5297
553
7463
5465
9093
8338
666
8427
8252
6386
7437
1511
2885
3933
9409
371
3171
7639
2387
8424
5697
9034
8910
6396
8592
6497
3863
3802
643
394
6548
4777
8545
5764
3428
4820
9351
2397
6775
3891
9109
4647
8917
1015
2852
9580
8773
2485
4238
7525
153
8759
1489
3519
814
9345
684
1870
4778
6558
4519
616
1005
7501
4661
6613
4285
2805
1904
1227
2788
9174
7656
3209
5560
5787
1737
6900
8428
4356
6893
5244
9729
9423
5952
525
4386
4359
2249
9306
2240
6367
4341
3144
1380
8551
6962
5632
5787
9583
2196
2131
1711
3747
1199
1742
6664
7703
350
3057
7569
1784
7361
9150
4935
6264
6186
7385
5698
9059
8027
3911
7066
3255
6684
9758
5239
2898
625
2968
6035
3590
3130
7728
5453
1991
291
8299
3687
1883
2020
8096
4594
4131
1736
7886
3842
4438
1020
2265
1753
2747
166
1471
4414
2427
3063
6265
5822
9542
340
85
8088
1811
4410
3955
4015
6475
4738
2297
7260
9557
6947
2029
2314
765
1021
8528
1127
3754
3065
116
2013
7951
77
6004
4153
8778
5768
8645
5706
5794
8514
4861
5160
1051
4232
3279
4125
9339
5159
3152
8536
9548
7507
3217
7064
6222
9694
7250
7524
5850
6285
8154
3680
9350
153
376
1719
9589
6887
1364
3884
8990
5159
7850
6721
4509
4836
6245
682
3930
1139
2233
7447
2151
9180
2358
846
5299
6551
7090
9323
2197
7638
7916
9333
3082
2872
4981
488
7790
7250
19
3013
6021
8070
8047
376
7922
3214
5697
4373
7800
1549
486
6108
2672
3090
7319
7173
4527
8757
8579
1795
1186
2501
7241
5590
1069
4416
7574
5271
7174
6796
6230
4002
828
3332
7438
4947
2483
5166
6583
9626
1010
913
1182
8420
4160
4403
5923
1547
1799
3066
1879
7769
252
8462
6038
9384
3297
3900
9272
5145
7675
8163
6157
9481
130
4476
1797
1194
565
8749
3361
7556
6425
4233
9516
2929
1509
9062
3912
7878
6331
8057
6742
2753
1150
2666
7010
5038
3487
2
4095
5999
5563
3775
723
465
6012
2475
3916
8569
6798
5211
9492
1855
1454
3887
2015
3292
982
95
6270
2926
5372
8088
535
4389
8768
8818
6467
1445
4403
7380
6176
6696
8844
9688
797
9480
9354
2475
931
177
6908
9314
9028
3848
2857
2564
40
1768
2152
5449
5212
557
3225
7478
2630
9077
7365
3653
8974
4675
1752
3855
8125
7422
8313
2842
4175
2218
4076
3395
4324
5210
5265
6298
7910
5094
5482
895
7150
982
4594
9766
5443
3486
1417
1650
9167
5937
9087
5781
9346
2111
4038
7256
7829
3367
968
9156
8842
1089
3884
6486
7188
3003
6282
4995
9577
5640
958
4419
6268
4315
9436
5890
6908
4640
765
133
3635
7452
1844
92
865
8683
7100
8080
4880
102
9389
9218
929
9136
7399
2931
8724
5043
8439
7286
67
2691
7662
9690
7893
3925
1430
597
4137
347
2053
7251
5998
1086
8380
2309
2235
5109
4900
2664
6361
3100
8957
9466
3823
1709
5278
1080
5018
5676
2967
2458
2742
2237
2929
6054
7514
3125
530
2469
2289
6499
2637
8347
1892
6222
9313
5460
2130
1374
278
1577
4802
7888
7708
8698
9358
7954
9080
1808
6237
346
914
1950
3454
7179
3625
6452
584
7339
6730
1377
1539
4410
8819
5382
1523
7451
8995
6502
6687
7252
5642
4048
5338
6348
4957
1668
9651
8518
2609
389
1690
8661
3191
9496
7722
4311
6344
5786
3495
4686
3037
7364
4093
2378
3217
1098
6153
9231
5453
584
612
8864
4868
6691
7415
2660
9803
5995
4721
334
728
8840
973
1246
6224
4715
5845
9635
6996
496
9343
7544
8514
7478
7713
6448
1190
7998
7822
2410
8912
4072
1248
4716
6241
2802
5338
3036
6252
7469
2541
5421
4142
620
757
45
4626
7699
2838
1767
7845
4720
4653
6005
4878
9023
658
7750
5330
6738
322
3811
5368
8192
7568
5003
535
9326
9490
8716
3256
2674
8079
2627
6571
9494
1553
3463
7790
4753
4538
1092
9205
9803
1953
7208
8780
2509
3072
5982
9400
1310
9364
1016
6402
1338
7245
2504
972
604
3540
1103
3935
276
6683
2108
8494
65
5906
9626
5115
4690
8477
4316
7801
8212
83
4037
5225
264
9107
5135
5383
1505
2145
993
6545
5538
8780
1113
500
323
2118
1394
2547
8468
5569
3456
7758
4362
7609
7374
9113
9794
2717
2827
6788
7822
7360
5520
7211
2902
4252
6907
7547
1728
1904
7414
6279
2596
2921
6266
5003
8424
4552
35
3786
6331
2443
3927
3422
3086
5048
3788
7749
1560
2465
7751
789
6635
772
5004
992
3299
4226
530
5795
8127
6759
6107
8251
1444
70
8845
701
4403
6555
7431
8098
7482
1380
648
2216
2792
2161
3556
5185
6591
8315
9777
9142
4873
344
6833
6486
4998
5017
3347
8191
1305
2393
1739
5341
6296
402
9175
3303
2077
6980
7990
9372
5185
5781
1920
8096
4193
2577
5944
8861
7297
8496
3861
9190
6842
4739
4192
1332
3019
7028
8221
2582
9177
5589
1316
4932
4447
1216
8123
3192
8235
2534
6366
7385
975
3736
4016
4175
4100
3757
674
2024
4489
9781
1455
7690
1874
4015
7303
9662
5579
891
5845
539
4330
9454
194
3058
1740
2570
4685
7882
8375
6554
5291
1041
8783
60
8585
245
5809
6468
8343
2044
1696
9353
7129
8563
6451
5276
7475
2473
8689
5167
9554
4262
5203
1435
1344
276
3807
5468
4354
169
4134
8420
7016
5886
6756
6141
1767
6536
530
1103
5619
1827
6792
6652
9430
7508
9430
7078
5352
7069
7391
6187
921
5929
9550
5874
7932
6222
4788
3241
7038
5201
9317
9021
3211
5995
1262
8792
2246
3105
438
5784
9680
6216
240
6208
7337
6942
5951
5503
7665
181
2124
7839
644
2932
3996
2631
4617
764
3565
7050
84
8616
5758
7500
1138
5545
4966
6939
2647
9111
5043
5720
5759
6641
2746
126
8436
9006
5796
2966
3427
5068
8707
2130
9741
4548
6901
3976
3344
5734
5950
8778
587
5642
8694
9413
6417
3243
6125
5876
4305
7381
5441
9245
4468
7502
5202
5379
2175
1287
9194
3984
2829
5290
4149
8026
8843
7742
6658
8088
2484
80
1083
235
3316
9514
7239
3822
6274
7011
6173
68
5103
4467
1327
8041
5018
5481
4140
2124
3620
5296
3523
2988
1937
9113
7828
9144
7027
141
6087
9280
3757
2740
3152
8137
869
6383
5712
8465
4769
887
7493
9140
6718
4800
6692
8443
7027
1314
7895
3659
8389
3543
1416
2363
1506
9564
1408
6582
4061
9346
9803
2519
2963
6463
790
4321
3123
6950
5079
3347
8579
8705
9225
4374
1450
7604
7923
3129
5922
1323
3009
9640
2318
8336
571
3117
233
3078
6055
2638
7950
92
2727
7375
9480
1990
8510
2176
5239
1038
2701
2834
2442
1223
5651
5815
3135
2440
1873
8410
5369
3312
7990
7253
5228
3506
5861
9754
8087
1558
4022
3417
9706
9051
8661
3856
6277
2739
8328
3656
1029
2220
8638
3765
9538
9205
8940
7116
8572
4840
8556
7007
7306
6454
2264
9743
4783
8802
2251
9410
3319
1660
