5 83 40
8269
154
6911
6408
4574
7657
392
9693
6211
5061
2368
4922
8566
8660
6176
4221
7519
5674
9220
2539
2936
301
8381
2182
639
7601
6907
1583
2997
2848
2286
8582
2145
8714
1813
6026
2900
1479
7969
7696
2225
264
4843
2522
2744
4938
672
6917
7869
2294
2834
4475
6541
2328
4527
5870
6143
559
6815
1066
2919
229
5535
3780
4255
6804
3559
9806
834
1042
4277
4990
9228
57
7309
2650
2404
2824
4089
2134
3833
2237
8912
39
48
12
40
72
18
50
47
52
35
29
80
65
18
78
47
52
83
40
47
12
16
80
41
57
83
10
32
20
31
29
5
50
67
44
53
4
72
77
66
