24 23 492
0 25 2065
2 1 1007
3 2 4829
4 2 4022
5 4 1656
6 2 702
7 2 864
8 7 4881
9 5 169
10 9 4448
11 5 4396
12 6 4297
13 3 3514
14 13 1235
15 13 3158
16 3 4899
17 13 1862
18 4 1345
19 10 4695
20 16 893
21 13 3382
22 21 3427
23 21 3722
24 15 2932
25 7 2276
26 23 2310
27 11 267
28 3 909
29 18 1066
30 0 3837
31 2 3324
32 20 2830
33 1 4876
34 13 1643
35 23 4212
36 3 457
37 3 2725
38 9 2649
39 3 3627
40 1 4566
41 8 1248
42 12 3931
43 40 3847
44 30 3513
45 14 3790
46 9 2073
47 35 403
33 45 442
28 29 3804
6 16 4835
30 47 2575
26 31 1408
9 18 3992
7 17 4756
19 26 3411
20 41 4905
14 20 4614
26 41 657
1 31 3821
3 5 3069
43 47 3861
17 41 439
29 36 3236
10 36 1676
0 43 4029
20 25 1400
12 40 1908
18 30 1598
22 47 4269
3 29 4591
7 46 3500
12 34 3551
0 28 4404
10 45 1619
8 24 3986
25 47 2937
11 44 3183
4 45 2023
2 23 2547
10 12 4855
5 33 3062
24 40 3499
4 19 558
27 46 896
19 20 1584
38 44 1285
10 11 1182
32 43 2848
21 44 3707
9 14 91
9 41 4455
31 45 4607
11 22 1796
12 25 3463
18 39 936
8 43 2311
26 30 3492
21 38 4574
9 26 4491
7 44 4949
3 35 3777
41 47 513
2 34 4346
13 19 4552
4 40 4008
7 15 2687
1 14 4167
14 33 664
27 36 4997
11 36 425
17 28 4613
34 42 4895
14 41 1137
5 45 2927
20 47 1306
14 16 4149
39 46 704
9 30 1727
4 37 2438
29 46 3036
6 31 3298
5 7 4519
4 42 698
4 9 1533
25 30 2398
11 29 2984
27 42 4947
22 46 2026
12 29 3535
13 44 161
8 46 3166
2 30 2470
9 43 3422
4 10 2189
37 43 2944
3 34 1521
33 35 4381
11 40 1102
26 43 3188
10 29 1635
23 32 370
7 30 2955
18 35 3877
24 27 3701
6 10 4289
22 44 1653
10 33 1846
23 40 1564
12 27 4940
12 47 2930
10 46 4992
1 41 2715
2 16 1956
25 46 2444
28 34 4915
39 45 3464
34 37 27
39 42 3538
2 33 3224
16 36 1583
2 27 1059
13 37 4650
6 40 768
17 32 2193
4 33 3722
11 15 2845
4 34 4155
30 36 2800
8 14 4911
7 22 1400
7 38 1936
21 47 3434
7 45 2512
6 41 3547
43 45 4547
6 17 1746
22 24 3873
6 43 1630
11 14 3626
16 31 1360
2 14 889
9 28 3467
10 22 4163
11 20 2937
10 26 4369
1 21 3520
19 47 1331
8 37 1997
26 44 1444
6 7 3214
29 44 3118
29 42 615
35 42 2737
6 9 3599
14 24 4963
9 25 4563
11 45 3497
5 28 4808
19 22 545
20 23 3163
4 46 551
15 38 2683
4 12 2015
17 46 2590
21 30 1990
6 34 340
4 25 4681
17 39 4284
40 47 4561
18 41 1599
16 45 4456
30 32 682
5 25 2459
18 25 4969
11 34 168
15 21 4633
2 24 4550
29 32 4451
8 34 780
8 25 896
6 11 2944
36 46 1153
17 20 1801
23 27 3469
2 36 3891
6 39 3038
7 32 2073
18 47 1228
16 22 596
23 39 3009
1 12 4519
12 24 1634
17 30 3295
12 21 4214
15 30 1093
3 41 3541
8 17 2230
27 31 1479
8 38 4078
32 45 1442
20 28 3366
17 45 170
11 38 540
7 28 4226
14 40 4667
24 33 2968
20 40 172
45 46 2321
30 33 527
24 36 2760
38 41 3933
9 31 707
11 26 1564
11 18 3796
9 22 1877
4 44 3316
40 45 4464
3 26 663
12 14 3422
21 46 52
7 11 2127
20 44 4831
12 32 3110
10 20 2724
10 44 4465
27 29 1692
30 37 2969
12 15 1120
4 15 1130
35 37 4666
10 32 3369
16 47 730
7 35 1018
11 39 1774
26 29 3131
31 33 18
4 21 2675
26 45 4745
10 37 2205
9 44 3399
15 35 531
18 19 4332
20 22 4208
25 39 30
35 36 2657
1 24 2824
1 16 1577
32 47 465
4 16 4255
21 43 416
25 45 2678
0 39 1926
4 13 2663
0 42 1884
29 34 854
17 19 4557
17 31 3170
8 19 4611
10 17 3942
14 19 1710
1 4 4780
9 39 4466
44 45 2229
8 16 4188
4 7 2748
14 27 2942
19 34 2706
13 46 1980
29 30 2224
1 42 2956
33 39 2983
12 18 435
22 31 1386
7 10 1508
17 29 2455
22 43 2342
26 33 3705
0 35 2628
10 14 4568
20 43 3435
31 34 4697
10 35 660
19 46 4307
29 38 972
11 31 2971
32 36 302
19 27 1779
33 46 1727
18 45 2824
14 42 3561
18 38 4685
2 11 1223
1 30 2497
11 12 4766
19 38 3847
3 25 3296
1 10 3347
14 39 1143
3 24 4495
24 47 768
14 26 408
21 29 4010
23 36 256
26 37 2517
26 36 2676
13 23 1468
23 43 1248
34 39 4588
16 43 2175
1 29 2740
31 41 2176
8 13 1400
4 8 1597
5 22 4833
12 33 1381
13 25 4676
36 39 1490
7 34 3747
11 33 2050
5 40 400
9 42 1274
19 43 118
3 21 4717
37 47 1640
3 44 1717
25 42 3922
22 45 809
20 35 4720
9 16 1028
1 15 853
4 23 1792
1 26 2987
20 31 378
27 32 355
20 45 2535
22 28 2413
17 33 2027
42 45 4228
33 41 3513
40 42 2183
19 42 2274
14 15 3655
7 33 4921
26 47 4255
19 31 2538
16 35 837
6 32 2144
1 19 4391
32 38 3831
16 29 3290
7 36 3533
5 41 2401
4 22 4605
16 40 4585
31 32 3848
20 42 4235
8 12 3603
14 44 1116
2 41 3837
28 32 3548
7 24 2940
15 45 1319
2 35 1070
9 34 450
23 38 4422
15 34 2169
3 31 3727
15 26 457
7 18 4596
11 17 600
14 28 287
17 27 976
36 47 182
3 38 619
12 43 764
2 32 2888
2 38 2982
33 37 868
13 24 2768
18 43 2124
36 38 1694
1 17 529
0 41 563
7 27 1107
28 35 3882
24 43 4909
18 44 1371
21 32 1938
34 43 2214
11 23 3153
28 46 4109
11 46 1915
2 17 683
6 38 2546
16 25 3675
36 37 4346
5 44 1105
30 35 4478
4 35 443
12 26 3070
26 35 127
25 28 4619
35 44 1986
31 46 6
5 43 4499
0 38 1550
7 47 4365
15 20 1551
15 19 2601
2 26 4228
20 46 1533
21 42 4800
3 18 3219
8 30 1644
2 22 4367
26 27 4312
3 8 301
1 37 3460
36 44 2007
14 30 1016
16 27 2837
3 43 3497
22 34 1803
1 43 1909
10 27 3235
16 26 996
13 31 3225
1 28 1180
5 23 2467
22 29 4777
22 37 646
21 36 2417
28 37 1364
22 36 2717
8 33 93
10 41 1900
9 47 4318
34 44 1631
29 41 2499
18 32 3051
11 35 456
19 39 435
15 33 3384
4 26 335
6 46 1407
12 36 423
37 46 676
38 39 3164
25 44 16
9 24 1594
5 17 1667
41 43 4533
