78 22 4472
0 84 4869
2 1 3503
3 2 2692
4 2 4680
5 1 630
6 4 2927
7 5 3426
8 6 1068
9 4 520
10 6 1559
11 4 4638
12 2 3613
13 6 4
14 3 780
15 10 4884
16 2 1863
17 11 2214
18 13 4390
19 18 4081
20 7 2562
21 17 86
22 5 282
23 3 2125
24 15 1129
25 23 4866
26 14 2962
27 1 1367
28 4 2859
29 14 2884
30 17 4032
31 6 4119
32 23 2148
33 13 461
34 21 2690
35 33 2791
36 14 4622
37 7 286
38 29 2650
39 31 3677
40 4 1980
41 25 3153
42 37 2629
43 29 1472
44 37 1142
45 20 2667
46 27 728
47 28 3763
48 10 2039
49 20 2358
50 47 3961
51 31 4558
52 39 1360
53 41 3555
54 34 4486
55 15 1102
56 5 232
57 18 272
58 46 1155
59 3 3648
60 30 4249
61 5 4901
62 51 3913
63 6 986
64 42 4640
65 35 4305
66 13 4954
67 12 1836
68 65 988
69 48 1441
70 61 2914
71 49 2539
72 2 4892
73 31 1018
74 45 2788
75 66 315
76 51 3660
77 20 2402
78 2 4561
79 33 1838
80 54 4468
81 72 2063
82 75 1190
83 16 4239
84 52 331
85 83 597
86 81 4221
87 34 3267
88 23 4651
89 71 1502
90 47 4108
91 3 1904
92 90 4516
93 22 4423
94 22 4649
95 43 1266
96 94 3063
97 12 2008
98 13 2668
99 7 4264
100 34 2194
4 65 3124
71 93 489
4 39 3515
79 92 1798
52 94 2526
38 85 2406
27 75 1030
7 81 3452
73 83 4680
31 99 2628
48 50 1697
91 99 687
53 79 4668
39 80 4465
24 28 571
63 94 1773
27 41 883
45 65 923
36 50 4341
80 93 1615
13 17 1297
38 55 1183
25 89 4336
34 67 3497
10 32 4236
36 45 2360
20 22 4670
12 32 1788
24 90 2501
67 92 1445
35 39 1553
23 24 1144
32 45 1998
10 76 1127
25 31 4458
17 64 2707
27 39 2157
21 93 1641
13 63 3309
63 73 396
11 77 624
62 66 46
25 58 60
45 67 3180
6 61 453
50 100 4041
6 98 71
84 97 536
59 97 425
15 36 3867
20 99 1879
48 98 851
15 58 2218
56 92 901
12 27 261
35 63 3779
64 84 1656
3 85 2200
7 40 2664
4 48 1649
11 13 3101
48 56 1560
48 76 844
14 20 1852
25 88 3609
83 100 4104
29 47 3049
11 62 1498
58 99 1096
70 98 1617
1 14 3173
52 85 2818
15 42 796
92 98 1021
27 64 730
43 65 4204
26 60 3211
18 43 1511
30 84 3018
7 9 3860
16 36 1752
28 40 2307
11 66 3054
34 73 4387
59 100 1140
65 67 156
15 49 1566
44 99 3893
52 53 455
95 98 3647
19 99 2571
31 93 1654
49 50 4625
2 94 3113
21 97 2479
13 65 2008
7 32 3154
18 45 103
6 35 2092
11 92 3928
44 45 3288
52 57 907
1 85 3702
19 73 4389
71 98 1745
58 71 3180
32 89 724
23 91 481
66 82 2014
3 4 103
56 66 4649
32 60 3614
17 94 3186
16 75 4339
21 33 2395
74 79 4039
79 98 4732
80 87 4151
32 42 4530
71 80 1402
73 98 1208
32 61 1789
8 60 3789
48 86 3132
33 64 4227
7 53 6
23 93 4043
69 80 898
5 50 2856
57 92 15
2 42 350
26 90 3879
19 31 3922
30 79 3196
53 72 2722
2 84 635
4 24 890
24 81 4339
34 56 3240
41 63 3837
9 24 3089
7 87 2404
97 98 2652
15 51 1890
44 96 3927
20 82 1481
1 92 2771
62 94 574
56 59 1588
33 96 13
1 26 389
18 77 3693
45 84 4064
47 58 3957
47 48 2946
26 82 295
57 67 314
14 84 2014
22 30 3569
36 59 1284
18 50 3641
9 52 1871
43 45 521
1 36 4066
43 79 1991
14 40 3329
7 29 4478
2 17 3397
81 98 4430
67 98 4672
23 62 4382
7 75 824
39 61 3500
39 89 4905
33 87 1844
1 21 2985
7 10 382
12 45 2777
11 58 4266
21 83 4755
36 38 1303
21 55 3181
49 88 3724
42 95 3678
21 50 3892
84 95 2277
18 29 155
23 85 4503
58 67 61
23 98 3994
49 80 2689
68 98 2392
48 82 3446
47 89 3801
15 77 1607
40 66 3836
16 43 4343
1 100 3727
17 77 1708
44 83 1267
45 80 4351
29 44 4292
57 71 955
23 83 3758
21 81 2351
16 60 4371
35 92 2815
17 75 1367
24 27 2155
37 78 2150
61 80 2885
20 36 862
2 47 4002
2 62 1865
12 26 2753
1 57 3200
18 23 3629
28 86 3050
60 64 3813
39 97 2121
39 84 3227
32 71 2724
23 65 4067
53 89 4381
18 67 2715
53 60 2869
34 35 4409
54 69 838
34 68 499
1 82 4382
74 89 2884
27 51 1887
39 49 4390
21 22 3842
16 37 17
36 75 2761
42 76 4571
31 37 917
59 72 2331
46 100 4053
39 62 1751
25 84 918
35 95 1660
16 85 2293
44 56 4203
7 73 2757
31 40 2585
17 98 1354
29 63 1660
4 64 4320
57 93 3374
75 98 4448
51 85 1989
3 42 4256
33 68 1591
36 85 4956
8 17 3464
33 44 1134
22 84 2389
23 66 4578
40 84 425
61 99 1778
61 74 860
61 78 803
25 78 2936
26 32 3975
35 70 940
75 99 4993
50 88 3780
71 81 4312
9 65 3211
64 95 2625
55 86 1877
48 67 4745
41 90 4242
39 58 4036
37 65 3719
52 73 704
43 59 4263
36 93 167
47 98 3932
37 94 86
42 96 2329
82 91 2135
44 59 4186
13 28 1656
16 23 3204
36 39 2945
63 66 1354
54 61 3292
23 48 1511
8 91 4385
46 69 3204
31 67 4281
72 99 3313
56 68 3470
13 78 2684
3 80 2779
54 86 3604
64 90 2068
13 41 2274
45 60 2946
7 24 2834
2 96 1371
12 88 4346
21 42 275
35 49 1502
2 66 763
43 77 809
40 78 422
0 82 996
41 85 2464
10 43 1357
17 78 1907
46 92 1719
84 92 3078
27 53 2959
60 68 304
79 97 4774
11 21 4264
15 86 2958
63 76 3087
47 56 3526
32 82 2290
5 38 3682
31 44 2102
8 87 68
25 27 2803
30 92 4728
39 75 673
16 45 501
35 66 2801
6 83 210
35 43 200
62 84 4498
38 83 2664
44 57 4424
62 69 3151
9 28 4636
6 58 4285
38 67 1230
28 62 3284
19 84 3859
45 62 1476
11 35 4263
33 69 2403
17 56 1781
10 52 406
36 82 1146
29 84 1795
24 69 3950
10 25 4119
20 98 465
35 85 2030
50 83 2653
25 91 1956
43 88 2022
3 15 4555
44 95 2095
55 62 247
8 83 4090
26 98 3832
14 69 654
35 46 46
36 69 4223
52 100 3415
40 65 162
44 87 982
59 91 3033
17 72 3101
17 93 3442
75 97 1709
44 68 1778
66 84 3191
1 19 549
49 63 2784
87 100 2065
85 100 1980
35 69 4820
57 64 1110
3 74 2833
37 45 313
55 97 2067
66 95 292
29 94 4970
51 52 4835
18 89 2539
39 57 1021
43 85 1944
36 37 2793
76 81 1211
16 78 4241
50 64 1570
24 37 1810
20 94 3802
31 75 2158
11 96 3711
40 54 3635
0 100 2117
25 37 3789
41 76 3705
23 95 985
9 48 3931
22 100 1511
8 44 4866
46 80 2507
77 93 3512
35 73 4445
67 77 3406
66 97 1007
38 39 2957
60 84 3395
32 35 217
40 71 1746
92 94 2418
44 51 2533
11 56 671
50 51 588
44 46 4483
35 87 2973
38 84 4076
54 75 4559
36 43 3069
37 70 4355
59 86 1815
6 37 30
5 94 2021
50 70 4875
7 44 2541
1 75 3269
49 55 898
75 78 639
43 90 617
69 76 7
29 69 2215
84 89 299
85 89 4964
3 77 3003
41 47 4616
3 72 2158
33 97 4039
1 98 340
33 73 1885
18 90 2407
11 50 63
16 22 3228
14 21 4039
16 33 1464
6 24 835
25 52 2888
49 62 1893
37 89 2747
64 73 4325
36 99 4241
68 74 690
14 67 4229
68 82 3240
54 73 2671
34 47 3366
22 79 4248
24 25 1007
48 54 4990
18 97 2136
25 74 1151
25 44 2407
47 88 119
31 32 3358
63 93 2965
33 72 1870
48 93 337
15 94 1507
17 76 1848
6 100 2305
23 30 2127
7 45 1848
36 40 3247
8 64 219
0 87 4324
56 95 45
39 81 2729
2 85 2722
7 57 3842
9 34 3782
9 10 2399
2 97 971
17 62 3745
53 90 2640
2 19 2779
31 84 3590
12 100 73
64 69 99
54 90 908
59 64 872
44 55 4473
11 43 3074
39 53 1127
35 89 1400
29 74 866
60 78 500
67 95 1202
24 95 2226
22 24 480
66 91 1698
52 69 2779
7 68 2501
38 76 4225
60 72 3163
14 53 658
74 94 1847
68 91 1554
47 60 3935
10 30 21
31 63 2285
58 91 1518
80 89 1961
25 70 1852
75 84 2270
62 87 4478
25 68 4144
43 83 1803
8 27 3534
54 98 3340
29 91 3437
21 37 3256
38 47 322
67 78 759
46 67 723
6 86 3359
35 93 2913
20 39 830
16 32 574
31 60 1052
13 22 4760
70 97 197
9 62 3434
3 47 3705
98 100 4991
40 97 1902
14 92 551
73 75 2638
25 38 1614
41 44 4624
39 51 201
68 85 3089
3 30 2691
15 31 1289
29 53 4519
62 76 3441
63 100 4772
28 77 1081
7 49 3614
55 66 4483
37 93 561
71 83 1557
8 33 4428
64 76 4443
88 98 2021
44 69 2717
46 60 4708
75 81 4092
77 98 4870
56 84 1760
45 58 2566
24 67 3306
83 95 1973
23 39 1183
7 15 600
86 88 3820
38 64 3443
43 91 1265
62 98 2314
21 79 4024
22 27 4654
20 78 4879
56 79 2942
15 66 3517
50 69 3876
50 61 4701
43 60 2298
21 66 2156
76 83 3043
73 86 2174
26 34 2579
6 62 3379
8 18 3799
46 62 1837
11 22 1824
36 62 4152
89 98 4147
1 91 3081
66 81 2365
6 54 1487
6 45 2212
13 68 1774
14 66 199
30 33 3033
52 93 539
8 43 1830
26 72 539
11 94 912
7 25 4292
57 59 2440
34 48 2887
20 68 4823
22 64 3176
10 50 4914
12 28 2161
14 50 1259
41 87 3476
32 37 3990
76 93 3965
27 84 1603
4 16 886
16 91 1169
29 67 1333
13 80 4028
6 39 3896
35 82 37
14 89 642
60 79 3119
48 99 1962
2 53 3793
19 24 3401
60 92 523
45 83 2560
40 88 4591
11 68 2251
51 80 106
4 59 3151
58 84 4751
44 64 4862
43 66 268
25 43 4226
27 33 2128
4 67 760
52 67 8
81 83 1237
28 80 4603
43 100 3946
34 83 1593
50 87 4458
24 44 2290
53 83 2103
71 73 1663
61 69 3462
76 82 948
26 77 4324
42 69 4511
4 83 4433
46 66 1945
21 78 3227
72 100 4656
29 49 3906
6 77 1121
77 87 3814
53 69 3482
44 72 4050
24 50 4534
35 47 3880
1 84 3581
8 40 189
9 14 1664
16 40 287
2 35 393
42 75 3464
0 91 4563
32 98 808
38 93 877
16 17 449
15 33 3993
19 34 3850
64 89 824
30 72 1354
27 91 4899
22 99 2705
2 25 3168
15 35 4465
4 31 841
58 97 1594
67 71 4786
10 98 680
10 24 2312
3 25 4135
20 51 1292
4 99 2096
53 94 2150
35 67 3322
8 86 1244
72 87 354
24 43 3376
18 58 3693
14 44 406
23 61 2599
2 41 3299
42 74 2053
40 74 70
65 75 607
85 95 3060
74 93 3068
6 27 1523
64 100 462
1 7 3705
29 70 842
1 35 868
43 87 3087
51 94 3883
34 51 829
28 89 1298
80 83 599
23 100 4757
65 86 1838
80 84 554
35 62 3463
6 56 4072
10 69 2977
25 94 4267
61 76 1663
13 61 4006
58 75 2834
30 63 4397
7 85 4695
94 99 214
39 43 678
60 62 3110
20 27 94
5 48 986
15 99 1026
24 74 2251
60 93 1625
53 57 164
5 76 2988
48 49 1961
7 89 1317
80 99 1461
36 96 1295
23 92 2453
30 73 1158
23 75 2473
26 37 766
25 61 715
30 69 2248
17 39 1910
48 62 336
4 79 2275
15 89 4982
53 66 2842
16 42 3468
70 82 1590
32 59 4523
13 55 4973
18 98 2609
36 57 2684
36 60 4571
1 62 2768
61 68 4080
10 54 4847
39 88 4723
12 73 4486
28 78 3854
6 47 2241
29 68 887
36 51 3814
4 49 3603
69 94 3391
23 80 614
46 93 572
12 51 4844
36 98 4679
59 90 1609
20 46 2757
48 89 3710
38 99 3024
5 9 3710
45 59 1977
7 38 2505
60 86 2775
28 49 1852
38 56 2524
39 100 3167
24 38 3700
57 87 4332
3 84 4147
5 55 2025
7 54 23
6 12 4277
3 96 996
48 83 3467
30 59 3650
11 20 4407
3 87 2209
29 52 2592
9 21 1781
39 56 2777
26 62 4837
28 92 4857
28 95 286
49 51 1452
88 89 3821
78 96 4919
21 52 4486
49 67 3829
71 97 1281
29 54 1823
22 56 564
47 63 906
70 78 3821
86 97 4537
53 62 3681
30 54 1806
27 71 1124
35 68 3631
55 74 555
9 97 1644
23 82 1357
69 73 3138
12 15 3141
74 87 4643
38 69 3261
57 89 2622
69 89 2077
20 31 3608
25 98 4376
12 74 575
81 96 793
16 57 432
40 90 2385
23 46 2458
31 46 4682
31 55 3536
49 68 919
66 68 2501
19 75 1812
13 47 1659
4 71 3406
37 41 1386
64 92 2106
78 87 2373
4 73 3431
56 83 4387
14 78 2590
22 63 1582
66 67 1425
8 97 4009
39 46 3567
5 65 4531
9 33 2741
24 72 3978
8 73 2496
68 97 3332
30 64 3924
88 94 2856
17 92 1218
17 95 3345
71 76 1253
55 89 4076
13 75 1746
49 91 4211
27 97 952
18 83 2244
65 94 1413
51 60 4336
27 86 811
42 66 2669
8 93 3319
74 86 1437
3 26 693
35 71 3502
19 20 1419
93 95 2570
20 56 228
10 80 348
63 91 2727
1 42 44
10 96 4502
17 19 4040
2 36 167
21 28 583
57 76 3229
9 44 2371
42 86 3124
63 72 2270
18 37 3095
56 100 47
0 79 363
43 98 2967
3 40 118
34 93 3837
19 92 1653
37 91 319
4 61 4691
24 42 3087
9 61 2379
9 11 2859
84 94 3875
38 80 838
32 49 2723
1 30 1262
51 67 4498
42 65 4600
66 94 2892
16 86 1540
48 79 2696
51 63 4192
9 26 4866
84 98 3754
19 33 2558
49 54 1847
58 87 3396
54 62 2886
12 13 2218
83 89 1004
57 66 4557
47 87 1804
38 48 4078
61 96 742
93 94 3216
18 52 53
57 63 1346
1 39 2271
73 93 2378
58 92 4562
40 77 4185
39 91 3731
31 45 3422
38 62 1257
31 70 1778
17 97 1107
45 96 765
45 51 2933
28 58 2624
27 42 1924
12 82 4070
13 84 187
15 21 3271
1 60 2378
62 63 3657
66 69 2742
54 66 882
11 71 4188
10 92 4485
87 97 2981
2 31 1089
13 85 2413
28 60 4262
3 93 2532
13 58 3372
12 21 1884
27 98 1076
29 34 2115
81 95 3888
5 30 3974
27 80 2137
30 34 4340
6 23 287
17 52 1325
8 48 2178
33 53 72
62 88 4879
52 63 3545
43 67 1430
83 99 3301
53 68 952
33 47 4319
37 38 956
56 81 3293
41 97 386
26 29 3414
37 99 2581
78 90 490
55 91 87
41 84 1919
45 64 3413
2 55 121
81 85 1597
2 90 4896
18 41 2135
17 65 1592
34 53 923
9 13 1651
34 76 2698
37 100 3445
77 96 139
54 99 3864
37 63 2172
46 91 4035
22 46 2066
30 71 1529
5 58 3239
10 51 4090
2 75 4837
58 98 2899
78 98 3186
17 58 450
67 93 352
31 69 1048
29 82 3783
39 65 1925
54 77 2222
42 89 893
36 91 90
59 83 2439
10 81 4834
86 100 81
11 12 2113
48 91 3493
42 94 2221
7 86 4352
6 55 1657
32 41 3037
68 84 769
20 59 2433
51 68 627
45 98 727
42 44 4817
27 28 4487
90 94 2242
48 85 3878
18 48 4375
27 44 1388
17 46 2045
8 59 4061
26 97 1272
52 62 1748
5 45 1877
22 96 2071
2 30 4274
66 76 431
27 37 1020
51 89 962
29 86 3707
15 48 984
34 40 4047
57 83 2394
25 82 2984
30 99 2233
7 26 2266
14 52 141
63 88 1773
27 78 1103
22 82 520
5 12 2260
46 53 3079
4 8 4644
47 79 1183
51 87 1243
14 74 4025
41 78 2491
19 56 3596
50 79 1899
50 72 214
95 96 649
17 96 1485
35 75 2423
19 38 1032
61 82 8
36 42 4346
17 91 2602
36 44 147
4 21 853
18 92 2363
43 54 2274
61 66 449
11 40 2301
20 75 2909
75 91 4912
23 33 4535
18 84 2658
30 98 4434
19 83 2140
79 81 4845
7 63 333
2 10 2823
43 99 3767
27 88 3066
50 91 319
22 31 3160
2 74 2044
65 72 3600
10 40 507
14 30 279
97 100 4662
38 81 2990
21 69 1282
39 77 3189
20 35 1057
25 76 4820
21 85 1122
11 31 49
75 96 2776
14 19 2495
85 94 4927
38 46 2969
34 50 1069
15 56 1739
26 66 348
5 88 4629
5 29 172
18 79 1185
41 70 2599
5 34 312
42 43 3601
64 66 2690
29 46 1701
23 57 1344
47 81 4233
32 90 3395
31 52 945
69 83 770
62 83 3940
45 82 801
22 75 508
33 58 1166
38 50 1251
52 88 887
50 53 3504
37 66 1041
16 80 2712
11 46 1356
37 48 3309
10 14 3026
23 72 1125
47 80 593
9 49 4186
11 51 1422
50 55 3803
51 75 272
27 50 4950
44 65 4462
49 57 3285
1 33 480
73 99 546
9 32 433
42 51 4179
34 95 3576
43 70 2210
8 26 3164
3 75 2664
18 33 3884
55 57 1368
42 46 1513
34 92 4831
38 43 4172
59 63 4144
14 100 3363
61 65 448
23 42 3641
68 96 1137
24 35 2377
50 98 3333
83 84 2823
48 74 1376
23 34 2028
57 99 4381
10 91 1326
86 98 4912
10 65 3437
30 32 981
49 82 1768
54 65 205
8 56 2292
7 13 4308
1 47 3240
73 95 1517
48 60 3509
29 64 751
2 68 1723
16 26 2623
9 16 1189
7 62 692
34 82 1800
91 95 4911
20 40 2612
33 43 2219
71 74 1085
76 90 3840
8 52 623
28 93 2752
76 94 3961
35 90 3475
15 100 1310
63 71 3654
33 83 1498
4 44 559
22 53 689
18 71 3580
33 71 471
15 97 1150
38 74 4456
19 30 3200
5 43 2118
26 71 1617
18 74 3
45 99 3996
6 71 380
4 33 4504
11 90 1406
23 94 4711
27 95 1941
26 87 4892
28 33 3460
42 70 3416
14 71 3281
56 76 4299
43 68 3867
67 81 2055
12 59 3729
12 83 941
61 97 1844
90 100 1650
6 36 858
72 93 3323
8 96 2494
31 53 4261
29 89 2872
70 72 939
56 75 873
5 69 1263
60 75 2831
37 56 1182
1 78 1416
5 86 1081
59 77 2476
20 83 2783
82 85 53
22 23 2384
7 34 1852
21 25 388
39 95 2410
72 92 1646
31 96 4227
64 86 1492
10 68 1378
6 11 1661
25 69 542
21 56 2842
36 63 2774
69 74 4745
28 76 3425
72 91 4064
23 71 1626
32 77 848
33 88 447
32 85 2159
67 76 1994
42 100 4439
1 87 854
15 67 1261
14 41 3871
17 86 4825
89 96 2492
30 62 2099
25 81 1853
75 100 4119
50 63 2176
18 21 2083
12 39 1763
62 73 1163
9 43 4213
20 37 908
32 81 3204
76 88 3137
6 29 3720
53 85 1614
42 87 3197
6 25 2720
70 96 2516
73 97 4782
52 65 1239
43 63 4432
81 89 565
24 80 4736
33 45 538
49 86 1667
19 79 804
38 90 2860
23 58 3204
18 60 2644
10 35 870
52 95 3486
19 21 2126
9 39 4841
5 16 553
36 46 3695
20 25 3459
18 68 1970
20 100 3756
43 72 3618
9 67 2278
36 94 4589
34 81 1765
50 56 4546
25 39 4527
3 71 3623
8 79 3406
13 34 3676
17 74 2915
18 39 2956
4 50 3722
34 65 3623
54 95 1029
64 79 3256
12 30 3623
4 60 1454
57 79 1098
69 92 3355
1 34 3341
15 47 1129
15 85 2561
55 70 4669
52 97 823
12 66 2829
59 94 2007
2 26 306
15 98 4780
4 76 3579
12 40 331
10 33 772
50 75 1751
61 98 4857
39 78 3265
13 54 695
6 15 1971
51 72 214
7 46 4587
37 97 2364
45 97 3003
4 35 4220
46 55 4998
75 76 448
35 64 2591
14 54 4659
17 24 3930
5 97 2649
64 71 3323
40 46 1515
12 29 4149
26 99 2877
34 39 2770
57 62 3078
11 44 3493
18 31 2181
56 57 656
72 79 2527
4 52 2687
83 94 4558
83 97 3710
57 96 291
22 67 409
44 85 4471
50 89 4991
37 79 3871
35 76 2894
30 65 2799
16 84 2640
28 74 1625
36 92 1078
37 96 2224
16 53 3192
12 48 2630
73 82 4649
27 49 4022
10 31 1572
64 91 2103
12 43 4771
29 73 2198
78 83 2709
12 79 449
14 25 1979
26 55 1775
46 71 2115
61 63 4641
9 30 3534
34 99 4806
21 71 1655
1 44 3180
27 45 3703
53 88 4440
9 45 1365
25 42 112
67 89 4337
44 76 2659
28 42 2870
39 79 1433
80 98 1286
16 28 2541
2 79 4904
74 83 1864
22 62 1210
16 97 2233
14 94 1030
8 49 4669
9 82 3823
20 88 3828
85 96 988
4 14 4973
50 52 4840
61 91 4537
2 48 752
21 51 1869
56 64 2895
11 84 3789
5 33 635
15 91 2105
15 29 2902
81 99 1405
30 100 2454
64 72 607
58 63 1267
1 46 1742
19 51 3835
12 16 628
84 96 2257
0 81 3955
85 86 951
56 67 4210
53 73 426
32 48 304
22 48 1419
47 92 4332
3 86 4710
15 54 2460
29 85 1634
41 82 1449
67 73 1887
94 97 1404
8 12 1751
36 87 3292
17 59 910
63 86 3843
19 71 4128
14 38 4938
33 70 1181
46 47 813
8 38 3661
20 93 3642
22 59 4161
5 100 1261
1 74 4052
50 59 836
47 66 3079
25 28 346
39 70 3067
24 58 4448
3 22 689
57 77 2537
15 52 3415
82 92 1749
69 90 706
2 54 2620
26 50 418
15 37 2043
55 67 1789
10 23 3980
30 53 1829
86 94 1612
2 6 718
45 85 3466
4 7 604
24 46 3574
25 86 4101
6 90 4765
43 86 4075
60 87 3597
42 97 623
42 48 3724
25 73 2504
76 85 4025
40 81 586
77 89 2705
38 96 2692
34 52 48
2 77 1954
23 69 693
3 24 2926
2 91 3917
22 72 1778
2 18 3475
70 85 454
54 59 1059
71 86 3785
81 88 3174
16 46 1381
2 24 4176
40 63 4475
56 99 3676
33 80 3504
14 22 3433
2 76 2532
87 91 1371
57 81 3190
24 60 3528
25 60 1269
73 78 2207
25 57 2037
68 80 4745
19 60 663
46 97 874
11 72 976
22 85 2707
18 88 1550
26 59 657
47 55 1395
13 29 960
43 52 1402
13 36 53
9 40 895
17 18 1576
43 97 1297
30 97 3553
37 84 2928
39 74 3652
67 69 3431
32 52 2283
72 73 1904
21 57 2397
44 75 2602
38 51 3046
46 98 4104
63 80 419
23 49 3512
15 74 965
3 57 1262
49 78 1748
20 52 3044
14 59 1736
66 80 2716
5 96 1444
78 97 2293
13 100 2694
32 38 2059
53 64 3887
18 85 1628
18 99 3465
33 93 1606
12 76 2962
43 94 4591
4 94 41
70 99 121
73 96 1433
33 82 3120
9 80 2006
30 88 4682
58 94 459
52 54 861
7 41 4957
26 42 1168
3 36 1575
3 61 4489
37 81 4172
30 39 2761
23 60 3639
9 95 4817
2 81 803
20 34 99
58 68 2094
24 91 939
19 22 3570
1 73 1983
18 72 958
69 75 3585
5 14 2213
22 52 3626
8 50 2066
11 18 3345
21 44 3245
7 56 1447
65 70 1173
1 63 4084
80 92 1942
41 80 2549
15 40 836
41 48 3287
17 42 1499
1 51 1468
72 94 3344
85 88 4480
32 56 746
10 63 2273
8 45 2725
76 96 2701
30 78 964
22 80 1017
82 96 3249
26 47 807
28 75 4675
9 86 3437
24 70 2149
25 49 2770
37 73 1636
29 76 1582
19 90 3819
23 81 4230
76 80 4943
31 85 2250
16 64 2112
15 64 587
52 76 2257
3 13 4733
4 5 3472
45 78 16
15 81 991
55 68 2543
38 88 3987
30 67 3652
58 70 146
3 32 2312
29 31 3582
58 88 4734
49 94 2705
26 35 7
31 87 3636
46 85 406
74 92 4766
22 34 2161
27 96 1758
58 73 1410
32 93 4281
16 96 425
65 92 4321
84 88 3928
45 66 4019
13 50 553
61 89 2211
8 66 419
25 72 4672
4 69 162
33 46 2782
34 94 3381
52 61 3413
67 97 1572
88 99 523
22 54 1977
26 28 4297
11 48 3993
72 90 4056
30 45 4677
51 53 173
37 77 1843
11 67 2341
9 69 1934
40 95 4034
50 73 4627
2 32 540
78 84 1820
40 72 2720
1 24 3648
38 98 4916
34 45 3717
45 100 4201
2 58 1776
4 34 4013
3 33 1789
48 68 4224
8 55 1591
6 84 1851
6 52 3605
3 62 2854
3 64 2119
26 52 598
16 54 3668
32 96 3313
19 35 3101
29 35 3637
28 48 2226
28 52 1265
29 59 1806
5 66 4826
57 86 1773
20 62 283
16 92 3736
79 84 3843
14 34 2671
64 78 3546
44 100 3503
71 78 1180
5 11 2924
24 39 428
1 15 776
51 58 3709
17 57 3118
23 47 1821
54 89 3643
31 81 3472
63 82 1087
46 63 4446
2 80 4744
34 69 3590
57 73 2360
67 100 748
88 96 3474
29 83 3995
6 46 856
4 98 4542
29 45 3374
66 98 546
31 61 4410
24 94 610
3 98 3098
21 99 3129
53 81 1387
57 100 3593
22 39 3633
65 90 1714
7 97 2062
41 50 4720
65 78 1864
19 67 3813
14 58 1065
45 72 2224
80 97 500
64 75 1891
40 61 3550
9 35 4279
71 82 96
9 93 3072
50 95 1373
20 96 3532
18 47 3262
50 85 3726
15 65 1847
82 87 2041
40 41 3333
19 96 1265
7 95 173
5 20 4763
73 77 2888
6 85 1636
78 92 2401
86 92 2397
22 36 757
11 87 508
37 49 4579
93 100 3386
62 85 1507
48 94 2034
43 92 3652
12 84 3775
36 72 4643
2 87 2080
67 96 449
62 92 266
32 44 905
73 94 3115
31 65 4771
12 72 682
54 68 345
75 92 4661
67 88 1709
5 40 858
32 47 4055
64 98 780
21 36 62
87 99 2131
13 95 2416
53 96 3910
14 98 1383
51 84 4800
32 33 1601
8 89 181
47 85 3071
18 20 3045
38 52 251
11 88 2467
2 34 281
51 54 2915
7 52 2739
40 57 3962
52 59 525
92 96 298
60 90 3830
7 96 497
43 62 4157
48 58 3664
5 46 4850
1 65 1961
28 43 3632
36 58 3327
40 59 349
42 52 3296
37 59 2463
27 40 2727
24 93 586
18 75 742
28 64 2053
35 60 698
2 13 69
66 92 4639
13 16 1545
54 76 251
33 67 2091
19 42 840
33 37 3595
18 46 4237
23 43 2004
1 81 3500
28 44 1745
14 87 3752
18 49 462
11 70 3905
82 88 1327
1 38 1679
28 69 2784
1 28 4943
14 16 1358
42 71 4107
4 57 1539
8 65 3210
2 59 523
11 57 4430
67 86 4473
45 93 4314
63 98 3327
20 89 2195
39 86 4733
28 94 3978
32 63 1923
7 39 731
56 72 4088
65 97 4600
35 72 2214
10 85 4268
44 94 2381
12 80 626
1 9 4325
42 77 3574
20 80 3224
16 58 579
2 15 2571
15 44 2168
34 59 197
61 86 1343
29 80 4399
11 25 2384
7 18 2345
54 79 407
48 95 644
47 68 2264
17 50 569
61 81 1977
36 88 2021
1 25 1373
34 61 2034
8 14 3001
1 64 2469
44 89 3044
44 60 3032
41 62 3447
3 56 1260
12 41 4690
84 87 418
86 91 2941
25 53 4505
30 80 2254
3 52 170
5 59 4967
64 85 2228
1 59 2804
65 73 1146
38 70 3343
17 55 3401
49 100 2164
24 40 1922
39 69 1791
56 62 1932
34 89 1316
32 34 4149
58 83 1982
72 84 2507
89 90 2839
1 55 867
13 87 2272
75 93 1279
49 65 302
69 70 3483
45 48 4121
18 59 2276
64 80 2657
69 99 868
69 86 2856
12 19 2200
49 66 3808
47 57 1927
34 41 3189
62 77 3659
7 64 1908
39 60 3702
37 57 1218
30 83 475
22 98 3498
77 88 2749
5 15 1582
33 55 4322
12 46 1361
2 70 1354
6 50 1952
32 94 4040
68 86 1313
7 67 4060
44 49 2078
57 68 2553
40 91 259
10 20 1739
67 99 3070
27 30 1430
46 82 182
27 92 116
2 65 147
51 66 1672
3 44 4216
81 97 241
16 59 3087
9 31 1381
6 96 2354
44 47 4333
59 76 1209
16 72 120
18 94 2784
6 80 3700
18 54 3370
34 96 3741
7 98 2146
15 17 4748
32 50 2549
21 82 2744
2 11 2097
6 21 4135
10 11 3358
32 73 4610
74 75 491
64 74 4965
7 47 1044
43 57 907
23 84 5000
5 79 1380
48 96 1341
11 75 655
8 21 1857
7 82 1207
60 70 2746
49 61 3916
47 78 1366
18 28 2281
65 85 888
1 95 4026
60 66 2892
61 88 3459
11 89 4877
15 72 4286
14 15 3185
44 92 3178
71 100 4284
9 58 3935
5 64 2424
2 52 4223
2 51 2544
30 51 444
81 100 2967
5 60 917
32 92 1307
22 78 1456
25 45 573
59 98 3256
63 69 34
20 74 4018
60 96 1325
29 51 1120
86 99 1632
16 55 87
51 83 3375
78 85 3796
70 86 1277
25 29 840
48 72 763
13 49 128
9 17 3516
87 98 2202
56 85 816
60 74 688
41 60 3
56 93 3424
79 87 1703
35 37 2034
23 78 2220
17 67 2837
47 65 1637
7 33 4575
11 39 3089
42 85 1025
1 96 1420
34 60 1228
8 47 3512
90 95 389
27 57 3366
34 84 3445
63 68 3583
85 90 980
47 54 3529
8 71 3178
30 68 3590
5 80 2067
38 97 18
19 36 3103
18 36 1174
98 99 3370
4 90 3991
45 46 2717
1 52 2062
41 99 1658
66 74 4343
7 76 2965
46 84 3413
20 41 4415
49 73 157
18 25 2505
21 35 1519
19 76 1214
6 16 3634
59 62 3884
59 95 1679
55 92 3109
51 97 515
55 72 3769
56 86 1005
39 50 1789
3 19 2450
7 30 1418
60 91 4462
2 73 3125
4 47 1977
42 45 4671
85 99 3108
42 54 4177
39 54 2892
51 65 2499
44 53 2053
13 76 73
18 91 4208
43 56 348
22 73 4758
19 74 3781
9 84 3921
31 43 3189
35 77 1901
76 98 3914
51 61 4834
20 90 3237
42 79 4295
86 93 4214
76 87 2823
34 70 4730
66 78 1302
59 81 2451
14 68 3420
7 93 1260
62 99 2622
29 32 4090
9 38 4728
20 58 2152
25 85 4494
31 83 692
20 63 1503
76 84 2094
32 64 4269
11 47 784
87 95 1996
3 53 2542
21 75 540
17 68 4898
70 92 718
20 72 4302
35 56 3350
30 94 3558
12 47 1981
74 96 158
62 97 3040
36 66 710
5 90 1384
39 59 3329
45 47 1419
3 83 2204
49 79 4497
84 91 1871
28 54 4553
26 36 2675
29 96 4057
15 53 3178
30 37 1250
17 90 569
82 83 4358
6 34 2573
4 82 3290
6 48 2824
19 69 4279
23 68 2220
38 40 2567
27 68 2327
23 97 3567
15 59 4564
79 85 3322
50 74 3422
25 33 3640
94 95 3502
6 57 729
11 55 3316
25 83 1101
8 46 1096
55 96 474
61 67 4309
94 98 4551
51 64 540
58 76 1360
49 75 1679
71 79 444
1 8 3992
18 86 1909
2 20 4182
4 13 2954
5 44 4930
30 66 751
73 90 1530
13 21 2883
6 7 2617
26 83 749
9 79 1076
14 61 3954
49 89 937
59 80 4714
67 75 3235
93 99 4051
28 32 1253
63 99 1607
15 71 1616
8 81 1583
23 35 1211
28 84 4678
88 93 246
60 65 275
72 82 3710
29 42 1054
3 73 3992
47 82 4028
67 79 3503
21 96 4952
21 40 564
6 87 4482
12 75 2460
39 55 4754
1 45 686
78 80 4407
3 48 1408
10 59 1909
28 51 2567
26 46 1407
21 60 3597
17 61 1488
58 65 3361
32 99 2147
8 24 2606
12 18 2454
90 97 3227
33 99 1080
22 86 4379
19 27 3744
2 50 846
24 30 381
58 74 3723
12 99 4210
21 84 4983
51 78 1518
28 41 1128
80 82 2552
22 25 808
52 64 2512
22 66 126
51 81 3795
53 80 4029
90 93 3990
14 75 329
28 68 3942
27 63 2426
22 76 3116
28 71 4231
72 86 4301
5 21 2163
11 37 485
85 92 1073
2 33 2121
53 98 3731
37 51 4032
48 90 1875
46 77 3439
37 39 2173
38 45 276
37 83 2001
75 89 1728
14 65 4675
4 93 1393
57 84 3092
9 37 3777
63 67 4050
38 53 926
74 98 3566
1 67 1853
2 40 3284
15 80 921
62 70 4270
55 88 329
33 34 358
12 62 2357
2 82 4584
88 91 2921
49 95 1792
13 27 859
68 90 1122
2 56 3313
26 45 2905
1 10 1539
1 93 2103
51 71 4113
22 83 3735
59 73 4573
37 47 3923
53 76 938
12 69 2203
47 59 1874
57 90 4524
71 88 1038
9 25 1626
56 97 839
40 75 3486
36 71 2923
20 47 1619
43 96 4301
6 75 1669
89 95 3917
40 49 3556
7 22 485
72 77 2606
60 83 1996
11 49 126
29 98 1565
2 39 905
27 99 2242
80 86 193
9 59 321
11 14 4287
9 51 4358
37 76 735
96 99 775
10 41 4715
24 77 2183
11 95 4540
7 77 3608
3 66 2811
7 72 2587
70 94 1863
70 89 2416
15 76 813
53 63 1192
78 95 1033
28 81 3474
8 98 2240
27 31 2742
47 95 4242
10 26 2091
12 89 255
1 20 4653
43 44 4202
80 94 642
44 73 4626
32 100 2608
77 79 3041
12 17 1616
6 97 1577
25 50 4303
1 49 2162
73 80 2791
4 96 3925
20 29 2499
38 71 39
19 47 4479
30 52 594
19 29 327
35 80 1187
48 80 2361
11 32 4243
10 46 3896
26 96 396
28 66 4032
57 85 1580
29 36 25
41 96 4517
23 41 51
53 86 639
18 38 552
57 82 4034
23 38 1157
24 97 25
17 49 4963
46 87 1249
38 49 309
32 62 4492
29 99 68
21 73 582
7 35 1328
16 49 4120
13 32 3204
15 70 432
44 70 1652
64 96 2832
24 76 3500
39 68 3318
64 87 697
1 40 3648
74 90 2771
26 61 19
16 19 4211
30 50 911
41 43 3809
35 74 298
62 96 3000
57 61 3420
12 61 3818
26 68 512
12 31 3387
4 53 766
4 30 156
4 45 4141
47 52 4252
55 98 63
3 55 4524
12 56 715
3 46 246
52 55 1077
32 40 314
24 71 2507
33 42 3618
9 85 3961
40 64 273
40 52 3945
46 49 3310
20 28 3219
41 49 3899
14 49 1972
49 96 2000
66 93 3353
31 58 2519
26 100 40
27 62 4486
89 93 1926
10 56 2150
59 74 3117
62 89 2787
17 27 4341
22 55 1237
59 88 146
6 93 2917
9 20 3492
4 12 560
6 17 2080
23 56 4668
52 58 3565
27 47 1890
78 89 1468
17 66 3149
34 62 2906
48 59 999
33 81 3574
5 36 3262
87 94 3921
17 51 4284
88 97 1142
3 99 3676
27 38 2176
13 51 4929
12 22 3387
12 52 4735
9 71 2088
37 68 4073
4 87 2455
56 82 4518
11 99 2648
32 36 4527
26 43 1747
6 32 513
66 88 450
7 55 875
35 36 2284
8 30 3732
77 90 2130
43 55 4856
63 92 1188
39 96 2077
12 90 4849
55 93 1435
40 82 3947
3 8 1969
17 53 30
14 77 1981
22 40 2374
43 48 3770
15 25 381
12 65 4983
40 60 967
11 100 2982
24 61 538
23 64 1456
70 73 4976
31 76 4574
45 75 4909
78 99 3420
26 30 57
58 93 2869
1 69 4977
27 76 3249
41 94 1355
59 78 3221
4 95 3539
37 52 2575
36 74 4260
32 91 4217
4 42 669
24 83 1816
95 100 1111
52 83 4206
15 61 3713
72 75 4256
55 84 2394
9 89 1583
13 77 4812
10 53 4360
67 90 2146
1 50 4817
1 68 1510
70 83 1321
28 34 1496
19 49 602
62 80 610
18 69 1032
87 88 1136
39 73 3400
33 50 1187
65 96 2876
10 42 2689
22 45 2830
60 77 2068
7 50 433
14 42 3025
17 84 4585
10 89 2501
39 48 1790
46 65 1791
13 74 2306
33 48 17
56 69 2933
5 47 100
3 37 436
83 92 374
1 11 2479
10 18 1446
45 49 206
7 21 2581
25 64 3406
3 7 813
31 57 3622
39 99 2854
16 68 2463
60 95 58
2 92 1279
33 65 3427
33 66 3603
52 92 1524
29 79 1217
8 67 1407
43 74 4023
47 70 922
40 48 3762
16 51 1103
5 17 1911
23 36 4805
49 97 3359
23 27 582
69 85 4618
11 34 3488
23 50 3082
7 11 2636
11 74 286
10 39 3157
62 72 2478
56 70 4320
36 68 1169
26 81 2373
19 44 1808
85 91 3749
5 75 522
70 84 4147
4 97 521
73 91 896
64 68 2077
41 67 2303
59 65 1139
52 70 1348
51 98 1213
82 94 2804
17 31 4970
40 42 3170
57 65 1941
27 83 4412
16 35 3460
60 97 4679
20 55 4146
51 74 2382
18 55 1304
21 46 3157
55 75 694
74 81 1965
55 77 4655
73 76 2289
39 40 112
44 98 2834
14 88 2954
37 72 650
5 68 4600
80 81 4406
7 74 3050
26 33 1921
3 35 4782
19 41 4867
45 55 2045
99 100 2566
23 77 558
43 51 3158
25 75 2277
46 51 4144
69 100 4808
16 39 2708
68 100 1657
37 85 2030
28 35 2998
11 79 1483
30 46 126
65 66 2136
35 53 2589
14 64 1504
40 56 3014
10 57 3665
26 74 23
49 58 4460
71 75 3471
83 93 1073
57 60 3096
10 83 835
13 96 2471
60 76 613
62 81 3919
34 42 4880
34 78 4110
42 98 4145
14 70 3437
69 79 3141
4 72 699
17 28 3592
61 94 1096
14 90 2138
9 57 3583
52 90 3525
45 89 656
55 76 2015
30 70 2479
72 80 3364
60 82 1929
46 70 4864
86 95 1444
33 91 1763
31 100 4735
17 63 969
54 85 4375
6 95 2429
12 70 1705
12 35 3474
9 91 4961
83 91 3645
60 81 756
34 38 3320
37 98 2575
1 17 3740
6 94 2528
61 72 4977
28 56 4951
62 82 4791
27 66 4579
59 66 1699
20 32 3594
35 52 199
35 45 4693
45 79 4721
64 97 2929
3 76 3424
19 54 3077
11 41 1547
43 61 1884
28 72 4343
25 34 633
21 27 2606
79 88 3121
26 93 3293
68 76 726
63 79 1151
65 95 2826
68 72 3752
24 75 1461
41 52 2982
76 79 2600
11 53 1577
23 37 3160
12 20 3464
14 62 2384
24 65 1603
58 77 2480
73 89 2937
2 99 987
52 74 3435
45 70 2644
33 38 4179
16 25 2283
28 73 1863
46 74 1957
42 91 3150
59 93 827
84 93 3296
42 68 4852
29 77 2836
53 82 3409
74 91 4828
39 98 132
35 51 4906
3 38 3650
46 72 212
44 67 334
12 87 1342
12 57 3215
61 93 4256
87 93 952
11 81 1455
3 94 2689
42 47 3627
12 49 2218
41 73 877
79 96 381
66 99 791
70 75 1972
59 70 2337
4 23 663
50 67 4500
2 22 4426
20 43 790
57 98 2599
2 45 595
23 99 16
52 82 4273
8 99 3322
63 75 4990
14 37 4838
31 97 4819
16 95 1611
61 87 3489
12 54 895
58 78 2804
22 87 4520
72 95 62
35 81 759
67 72 25
19 91 4173
59 89 2339
55 90 1912
47 97 110
22 60 3270
91 100 90
45 95 923
9 92 4856
10 55 3232
18 70 4240
30 58 4095
15 78 4535
45 77 3843
52 78 2967
14 91 3626
20 26 2123
4 37 3678
13 38 171
14 33 4201
32 97 743
29 92 1884
57 91 2002
26 31 1306
13 35 608
23 51 4502
25 90 3763
31 89 4157
12 55 962
68 70 846
41 69 1458
47 93 1435
21 68 967
32 53 3315
20 24 157
39 92 4430
27 85 2455
28 63 1002
20 60 3640
7 31 2997
9 74 2319
18 30 4055
74 84 1840
24 54 4023
40 80 3757
1 3 4964
14 72 2954
75 77 842
40 53 4254
6 88 3856
54 82 3058
50 57 4627
5 77 3115
69 96 1772
69 84 1082
82 89 283
25 46 1412
47 91 4195
2 5 245
8 39 4154
76 97 4904
31 92 2111
36 76 4213
21 65 1770
3 65 1676
74 95 3420
65 98 4573
11 61 3575
26 63 4515
60 63 3102
5 13 2611
1 79 840
13 52 507
68 88 4282
54 70 4574
47 74 517
6 19 1637
49 98 3923
44 48 4102
25 79 1138
17 80 3181
16 62 1193
1 77 4515
9 75 2001
14 85 1780
66 70 1971
28 45 842
9 56 1252
6 9 4547
52 66 4981
2 93 4945
4 58 4701
66 77 2402
81 90 1717
37 69 4932
4 26 4793
29 55 2581
0 86 111
40 69 2213
62 93 1501
53 61 1084
15 20 3667
32 39 493
49 99 2487
10 16 1819
25 54 480
61 92 406
13 82 4665
40 86 3511
23 87 3832
0 99 568
8 36 3099
11 78 1198
47 84 1894
63 96 1768
21 89 4688
14 95 783
6 33 3991
6 20 377
32 70 3025
32 43 1378
24 98 1440
13 79 3941
1 53 3135
5 71 2332
3 9 4617
96 97 4603
20 81 1295
55 73 3771
60 80 2213
42 81 3561
4 89 4071
7 91 1534
12 85 1922
39 63 4933
29 60 3379
77 92 4070
22 44 484
13 44 2545
65 81 361
4 29 1524
68 87 1062
43 69 3459
39 71 8
30 89 1299
46 52 33
27 90 2990
29 61 4050
54 93 4508
43 76 127
14 83 4310
12 91 4076
3 6 2338
8 68 3611
11 54 3425
12 86 4515
40 50 1849
56 80 2300
27 43 4131
68 69 2444
34 57 4137
9 68 16
21 32 2072
15 88 4664
14 97 4168
24 82 4225
17 40 4782
74 82 1929
30 56 135
41 55 3160
19 48 4486
31 50 4985
35 48 2562
19 59 4201
32 72 3005
17 69 4468
5 87 2064
20 91 3218
65 71 4137
26 85 109
44 78 811
29 75 4901
18 51 1228
19 55 340
26 95 4628
1 54 3651
48 64 4709
53 75 1083
68 81 2225
2 64 4064
24 73 1595
12 42 2852
32 65 2642
53 77 320
2 57 550
9 99 164
27 69 2494
36 49 67
20 79 2758
26 57 2258
62 65 2791
18 24 4962
51 56 793
23 86 776
55 65 4821
6 41 4211
63 97 2873
52 98 3875
21 87 525
3 11 3588
51 82 4445
1 37 3421
3 18 3615
92 93 4231
40 45 2081
1 31 519
63 90 516
38 41 304
30 96 2170
2 89 4147
40 98 2244
44 93 150
5 98 4757
10 44 2688
24 52 1229
31 78 2779
67 74 4839
4 54 1766
40 99 3026
54 88 1186
35 97 2636
19 81 846
47 71 1789
22 43 3400
60 71 2692
68 83 3055
33 62 1615
45 91 4577
41 74 4442
18 32 1565
13 15 1192
5 39 4184
20 57 4476
17 82 1562
6 99 4543
34 66 533
72 98 523
17 32 3982
34 44 4138
19 86 2612
19 65 1602
11 97 4872
45 81 2792
1 99 3048
50 94 428
47 100 4996
2 61 3622
20 71 4749
73 88 1346
69 87 2430
64 67 1857
17 85 4061
19 80 3739
22 29 2648
40 96 2477
54 71 539
50 54 2442
23 74 323
19 62 3374
14 46 4911
36 89 399
3 39 226
37 92 4660
6 38 3728
22 81 4338
79 83 977
21 29 4988
54 81 3189
33 78 4159
7 16 1778
3 82 2243
47 53 3615
43 81 4307
47 64 1144
20 66 2106
41 77 3880
35 99 2165
48 66 4933
16 67 858
10 13 2731
49 59 3482
66 79 4648
21 48 4542
26 39 3895
24 29 3223
40 47 3341
64 83 673
29 37 3858
6 14 274
59 60 1376
28 96 4551
59 99 2556
79 93 1949
85 87 1144
22 91 4999
3 51 3542
81 93 1734
28 79 3373
55 83 646
67 80 2557
54 91 489
0 92 2944
48 100 3920
37 62 2056
32 57 4376
24 79 1602
88 100 741
45 63 4532
10 67 32
61 77 3698
22 71 3864
66 86 4530
49 74 483
20 85 2799
88 90 4155
70 79 1590
41 98 2551
24 56 3280
62 90 4935
66 87 4310
35 98 1694
3 21 4317
8 32 4234
35 38 3659
35 79 2252
30 44 3682
30 36 2458
32 46 1141
59 96 3488
4 46 2201
44 77 3868
63 85 199
89 97 3693
20 64 4467
67 82 4185
45 53 430
41 95 456
12 94 1069
14 60 3784
15 95 2159
52 71 1580
34 97 3592
80 96 1768
49 56 3117
20 69 809
3 100 1255
71 72 42
37 75 3987
2 21 2851
32 54 3606
8 25 3187
16 63 153
83 88 2956
5 53 2035
24 32 3295
21 43 923
31 41 2756
62 75 2417
53 58 3003
2 71 4475
46 88 2762
22 90 1547
54 55 2502
55 69 2492
40 51 954
55 80 4699
66 72 1124
71 77 384
45 54 3183
24 41 1321
11 36 2592
58 66 3381
10 37 3142
11 65 2797
91 98 4889
89 100 941
30 31 4760
8 23 1478
14 96 2986
26 54 1130
35 61 2546
71 95 4
8 15 2023
20 30 174
21 54 2178
25 96 4367
46 59 3863
32 88 4743
9 23 4118
79 90 3856
32 69 2042
17 81 2469
30 38 2113
20 38 3264
48 73 3298
44 52 3268
28 85 687
49 93 1889
65 88 1214
24 64 1659
58 100 1787
42 50 30
24 96 3671
25 71 3557
93 97 3355
30 61 4704
21 80 133
65 82 3244
72 76 4297
44 90 3387
8 63 4012
48 87 107
27 48 3871
33 92 2705
66 85 2220
54 83 3240
95 97 1388
57 88 1057
33 60 2920
31 33 233
17 89 1966
18 40 1990
9 19 1585
31 88 2712
21 77 4885
22 28 1920
1 13 417
48 84 2872
42 73 315
4 66 4255
15 84 930
10 73 1094
37 88 2997
24 78 4096
13 86 3369
63 95 333
26 38 4523
26 84 3306
5 37 2404
84 100 4690
20 48 2567
77 97 2486
44 66 1485
22 49 920
58 69 1362
17 22 2034
46 50 1186
10 77 3132
63 77 1387
2 95 1589
6 76 3762
3 69 1010
23 79 958
52 99 1444
43 58 1178
63 84 4463
30 91 3125
17 26 2002
11 45 457
61 75 4030
70 91 1238
22 70 2053
56 90 668
67 83 2904
40 43 1305
29 40 2465
5 85 4203
5 49 4888
45 92 2588
19 93 634
61 85 155
28 31 3565
25 100 2499
4 74 2569
16 20 4531
65 84 4223
28 30 576
56 94 369
38 63 2516
39 76 1271
16 89 1974
65 83 211
28 37 844
44 74 3649
48 51 621
4 80 1860
90 99 2992
31 72 2014
36 73 1908
1 61 969
24 85 3451
4 92 23
25 67 1553
28 82 320
31 71 526
5 26 596
75 85 4515
31 74 3292
11 42 2154
78 86 3054
96 98 600
49 83 1960
81 82 4506
6 43 3792
17 73 2294
43 53 3360
18 96 4092
14 35 3810
40 70 3934
36 100 4717
41 51 2228
34 72 3249
0 95 822
4 56 4588
10 22 732
6 92 904
28 83 4151
21 76 1404
15 34 253
22 33 4583
4 68 3978
92 95 531
31 59 4965
26 53 3573
38 42 1188
31 36 2068
89 99 439
71 99 82
53 95 143
52 60 563
44 58 3469
46 76 3637
24 47 1614
13 42 4284
36 53 271
38 100 2839
41 56 957
56 73 33
29 57 220
42 63 3896
25 51 3150
77 86 299
25 35 2306
23 28 3448
39 64 2701
46 79 3439
70 90 2698
46 61 239
18 82 1141
1 71 4700
19 68 4303
42 84 260
27 29 1654
31 80 1250
14 79 4246
13 39 1350
32 86 4306
26 40 3487
64 93 3730
58 61 4687
23 59 3916
64 94 4791
3 58 3349
90 98 385
17 54 4552
21 92 3083
82 90 4824
71 85 3978
15 82 703
41 59 4525
30 48 366
73 92 1847
38 86 822
3 20 243
80 90 2728
9 63 2857
28 61 2273
37 58 794
48 61 3949
30 90 4975
27 74 4282
25 93 734
20 50 4398
41 79 3127
11 52 4806
16 69 2896
83 87 2858
27 55 4130
52 81 4050
12 53 3599
12 38 816
26 80 4400
48 52 3751
11 91 2758
21 86 721
66 100 4991
76 99 2241
69 77 3861
42 72 2059
16 61 2868
80 85 1654
17 20 2151
37 87 2606
29 81 534
53 84 1516
20 97 1934
11 76 1466
58 96 684
9 96 2443
71 96 3404
22 50 190
48 78 1288
5 8 1444
40 89 738
60 73 346
33 75 1052
31 42 3923
8 72 1437
10 78 567
19 88 3041
13 62 635
56 77 4484
28 99 3719
49 52 2790
21 39 4526
83 98 4732
50 93 5
6 26 4564
50 58 4492
42 58 622
38 59 4397
57 78 2730
19 23 1283
77 100 4128
17 83 4267
24 34 267
20 21 2725
31 66 3021
8 58 2579
28 29 3970
7 27 319
49 76 3326
13 46 4516
58 60 2299
79 100 3686
25 92 2983
28 55 725
74 97 1281
87 96 4531
95 99 542
1 97 2257
27 36 4057
54 87 774
12 60 1259
3 5 1491
13 91 2005
48 55 3937
4 10 578
2 14 886
52 91 1844
55 94 1443
29 30 2237
46 73 1855
12 50 1323
78 82 4916
43 46 3206
50 66 339
37 43 2901
9 76 4510
60 99 4299
3 12 2895
8 35 2465
87 90 757
3 16 4395
34 55 4830
59 85 3107
23 67 3584
48 88 4804
16 29 74
87 89 3586
7 83 1007
25 48 2292
75 80 1846
56 87 3177
35 88 4126
11 28 1006
5 95 790
19 53 4879
32 68 2190
16 41 2513
65 74 1455
8 37 2318
18 62 3000
34 36 4414
45 86 2095
67 84 3924
7 84 1434
9 66 912
26 88 2121
79 82 3821
31 64 626
50 99 155
6 22 1368
46 56 2121
20 42 4935
2 9 2609
62 78 3810
38 89 2620
28 90 728
46 68 4767
12 71 767
13 14 3347
44 80 2778
3 43 1351
27 60 819
37 46 4158
53 59 198
11 93 106
31 62 1265
2 49 4566
19 40 4014
35 44 2722
28 57 2374
47 69 2430
28 67 835
46 54 3738
78 100 3703
31 34 961
71 84 989
19 25 4501
25 97 4203
50 76 2780
32 78 227
6 64 491
9 36 3032
8 51 1756
24 36 4295
5 32 2157
46 48 3284
4 88 283
6 59 1190
30 85 2597
15 79 4785
33 76 479
24 48 3221
54 56 3310
68 71 2721
33 89 1
47 51 2174
10 97 3177
35 84 150
33 54 3340
89 91 1703
16 82 2887
55 64 3005
28 39 2581
18 93 1764
39 82 3398
36 77 452
16 24 2100
58 90 377
4 100 4036
38 92 4985
2 46 3508
45 94 281
15 57 1753
30 81 4460
22 26 3368
0 97 114
84 90 1892
51 88 2235
52 87 3288
24 53 715
45 73 491
35 54 20
29 66 522
60 100 872
5 10 4304
13 37 3648
75 87 2027
48 65 2758
37 54 983
24 68 2835
6 51 3591
45 52 1808
14 86 3768
29 71 751
45 90 4225
19 97 2549
55 79 1557
12 78 2298
75 95 4764
22 92 2526
84 86 868
20 95 240
6 89 1677
55 82 4285
49 72 4774
14 43 713
44 84 1794
7 36 3120
7 59 4655
43 93 762
16 99 2263
21 38 189
68 93 4853
26 94 676
26 89 1154
9 47 1317
1 58 1881
22 97 487
17 33 4357
8 34 4485
42 93 279
5 99 3661
25 32 4547
5 70 470
20 33 509
72 78 3605
13 94 2325
23 31 2607
28 91 838
41 83 4910
53 99 2087
39 94 224
4 20 4895
26 41 437
5 72 804
18 87 2663
7 43 3071
74 76 3240
18 56 3463
54 84 1330
33 59 4865
48 75 3919
12 68 2526
11 33 1536
7 65 1011
59 61 4064
1 4 2828
63 89 312
28 38 2935
52 56 2906
21 88 1032
30 49 3950
18 95 2238
11 59 4358
6 66 2412
36 83 4018
41 45 3585
39 66 4945
29 65 3851
81 92 1703
41 75 1372
51 70 3916
32 67 4669
16 73 388
23 89 13
39 87 3235
5 23 2783
42 59 2180
53 71 1035
11 80 3019
7 90 519
3 60 2126
91 96 2675
25 62 453
82 86 4467
51 96 3508
54 97 4313
22 47 3116
24 26 2616
12 58 4156
62 71 4911
35 96 772
24 33 1415
86 90 4542
33 90 645
9 77 319
39 72 4443
6 42 2659
18 53 865
19 78 1174
55 58 4843
33 52 2457
11 26 2531
52 89 1146
50 65 132
31 95 1391
69 91 3606
77 85 3498
3 78 4704
10 71 206
46 57 4885
24 100 1161
17 48 1365
34 77 3176
21 90 848
16 48 4512
31 48 1755
91 94 1990
34 88 4741
21 95 2842
19 70 1208
36 80 464
53 56 4016
12 37 1192
1 80 2416
44 81 582
50 78 3306
22 38 4925
3 88 3808
45 87 334
13 70 2211
10 88 1122
71 91 4262
8 90 3000
9 94 35
42 99 274
2 43 2479
32 58 531
8 20 3790
72 96 1861
92 99 4616
66 89 439
0 83 2413
29 50 730
13 24 2493
41 92 1717
88 95 4798
15 68 4376
31 68 927
26 76 3206
10 29 791
19 89 1538
79 94 994
38 73 1792
8 42 2368
11 85 4787
43 50 2133
11 69 2953
21 59 1331
10 82 2527
64 77 1190
35 42 31
8 74 2438
29 88 713
25 87 1948
6 60 181
10 62 719
25 47 4589
14 63 281
39 41 1745
16 87 4766
7 28 3188
28 87 3674
6 28 135
43 89 1548
30 41 3603
19 43 2602
28 36 862
76 92 4419
74 88 1219
7 66 2656
62 68 972
46 81 1725
17 79 476
11 38 4165
38 77 145
54 63 1656
35 41 354
7 80 2894
51 86 845
16 47 3619
9 72 3211
21 63 4175
33 95 164
11 29 52
29 41 3919
52 77 4410
21 62 2832
77 83 827
29 97 4427
27 93 25
37 86 1994
10 45 4421
15 62 1873
50 81 2415
17 60 3658
42 60 956
53 54 1556
70 76 2763
34 98 180
10 49 1231
35 78 3704
82 84 2294
6 70 1845
73 84 476
21 70 1625
15 43 950
0 90 2287
53 100 3026
74 77 1390
6 30 1929
36 86 2134
31 90 464
9 73 4445
14 32 3976
45 56 1357
75 83 4310
44 79 144
36 90 3414
12 44 2850
40 67 1496
19 39 4810
13 56 698
78 94 3385
71 94 4808
9 87 641
33 94 627
17 37 2407
21 94 1300
38 95 2401
47 61 4718
0 93 1959
28 65 2979
12 24 960
60 67 4638
2 7 4847
2 23 350
9 55 3505
33 86 1959
1 22 4767
16 38 1536
47 99 2109
57 97 3156
55 78 2066
9 46 3295
49 87 1736
61 71 3538
77 78 638
10 72 3698
37 50 2339
26 69 4658
27 59 4191
28 97 3071
72 97 3358
19 100 2267
80 100 4797
59 71 1536
31 77 4058
18 65 1777
15 93 4944
41 72 4562
51 100 3702
49 60 1427
58 79 3110
49 92 4727
19 64 230
13 60 249
4 36 2730
53 78 3530
10 19 3644
8 88 2971
8 28 2766
4 22 2590
35 94 3288
76 95 3652
3 10 1471
5 62 3389
1 70 4338
42 83 2318
21 67 1694
91 97 4822
7 19 3648
0 88 1356
8 78 1012
7 14 3169
50 62 3137
48 63 2054
87 92 4565
10 84 459
44 82 1006
36 65 4723
77 91 477
78 81 2814
48 97 1996
1 66 85
22 37 40
1 72 2553
61 90 770
9 22 1476
19 58 4537
13 64 3060
5 24 3380
23 76 1898
40 100 3936
63 70 3797
61 73 60
59 67 4111
43 73 4001
45 50 1056
12 77 4906
4 75 2693
42 82 71
8 94 3187
36 78 1059
45 61 2799
5 54 4891
8 41 4348
6 81 1776
80 91 4804
58 81 895
48 70 2486
39 67 1719
12 33 1209
19 95 4702
77 94 449
70 95 3627
4 18 2126
86 89 3306
18 76 8
20 44 3687
24 55 3149
8 57 2697
39 93 1971
65 79 2065
47 49 426
37 82 575
91 93 1706
16 66 757
30 35 2203
37 95 3019
21 45 1564
5 51 3123
9 12 2621
56 63 688
1 48 1839
24 57 4446
4 19 3546
22 68 2311
30 93 2989
38 78 682
14 18 3682
65 99 2661
25 95 2780
13 89 226
35 55 2750
85 97 4797
29 58 4724
68 79 3837
29 39 2663
41 65 1861
38 75 3949
23 63 3749
20 70 2673
42 80 506
34 63 2960
19 98 3135
24 51 2218
36 67 744
68 73 513
6 68 3941
30 42 4790
76 100 4279
5 42 3834
90 91 734
4 70 3572
19 66 3473
17 99 4046
40 94 4972
1 6 3957
57 74 107
32 74 862
57 70 4573
31 94 1511
54 60 2005
64 65 2949
15 28 3128
21 23 4006
17 88 1982
65 91 2790
63 74 709
24 66 4860
58 64 3716
16 56 2275
67 94 88
21 30 4293
49 90 1351
9 54 861
42 61 1134
55 61 3572
18 61 256
38 57 3257
29 78 3225
44 63 4879
57 80 372
59 87 4102
51 92 2148
75 79 714
86 87 3675
14 47 1
38 54 65
53 97 1801
63 83 3328
13 48 4191
65 87 3928
13 88 2822
10 27 4336
15 16 540
5 93 1811
64 81 732
55 87 3378
92 97 462
15 46 4777
27 89 3395
18 64 1224
65 93 4876
8 54 2946
29 95 4938
17 34 303
54 92 3911
19 52 968
35 40 1746
33 39 592
62 86 358
70 74 4676
8 9 1659
12 64 3643
15 32 1376
28 100 563
47 75 4233
5 67 1494
9 15 4605
1 12 4439
26 70 3847
53 70 3106
6 53 3696
72 74 4080
33 84 2784
51 99 1216
71 87 578
11 83 4520
47 76 2606
74 85 3680
33 49 1638
32 76 2763
34 46 4602
18 73 707
51 73 4420
44 88 2485
68 95 3461
46 78 722
51 91 2239
20 23 1271
2 44 3921
12 34 818
77 99 3186
40 44 3505
8 11 1185
66 71 3467
10 47 3833
55 63 3229
9 78 323
75 86 1463
30 87 4288
60 89 2325
58 86 4313
5 27 4065
6 44 4102
8 76 1952
58 72 790
3 28 252
19 82 1924
34 79 3871
3 70 1954
1 88 294
25 66 4953
45 71 1101
52 96 2781
25 80 3826
7 79 785
21 26 3385
84 99 1239
11 98 2160
22 32 130
33 57 697
56 71 410
10 70 183
2 69 1467
77 82 774
21 24 4125
70 93 1747
26 78 1358
6 79 4344
27 65 4715
23 52 4692
48 57 3445
96 100 1996
33 41 391
3 50 389
8 70 213
11 16 4865
17 23 4182
8 92 4266
3 49 4337
9 41 590
55 81 793
77 84 4640
65 89 3335
46 86 3881
66 83 426
18 42 3970
7 23 60
26 92 4153
55 56 3627
4 78 3452
27 58 2466
42 56 2762
52 75 849
46 89 4401
91 92 774
55 85 1348
2 100 3606
64 99 815
34 75 345
79 80 744
54 57 4962
17 43 3037
36 56 2765
20 65 73
3 97 3820
6 82 4825
5 35 4378
34 37 767
34 49 3161
14 17 4053
13 71 4454
30 40 574
1 56 4677
27 52 4464
9 60 1325
29 48 4100
27 79 827
47 96 2084
41 58 2799
21 61 3134
42 57 3989
15 60 3619
69 71 421
35 59 1678
46 94 2811
24 99 1592
75 94 2495
23 96 3494
8 31 2928
17 70 2800
41 66 1134
30 77 1739
40 92 3703
10 34 566
40 83 286
19 32 4039
39 42 2110
59 84 4547
4 17 3628
28 59 507
21 98 2661
31 91 386
58 89 2614
10 64 131
13 81 1451
38 66 1670
61 84 3732
37 40 4212
43 71 2280
4 27 587
41 64 3887
50 82 4910
62 79 4668
18 80 2720
20 61 434
44 54 2007
21 72 212
68 94 4762
25 65 75
70 88 1027
18 44 4276
35 57 2773
48 71 3295
47 86 3635
17 41 4914
68 75 1157
40 85 4170
12 93 666
6 18 2709
51 93 1316
31 47 1328
40 79 3639
69 81 3477
33 36 4236
51 69 4995
65 76 2665
19 28 86
33 61 1165
16 88 762
22 57 2794
52 72 3127
4 51 1317
32 75 1250
31 98 4134
8 69 3512
17 25 935
19 45 4642
49 81 2266
16 30 895
9 50 1113
32 83 4287
17 47 4652
62 74 3731
7 78 3602
66 73 2166
12 23 2600
3 89 283
56 60 3015
89 94 535
47 72 1938
12 63 2653
7 88 2547
34 58 714
16 34 463
15 19 3330
15 22 3422
50 84 2032
21 64 2560
81 91 1986
3 17 3535
36 79 2572
4 25 2725
79 89 2394
73 79 1072
62 67 240
15 96 217
57 72 1634
10 79 4104
11 23 1947
26 44 1327
15 27 2645
43 47 2670
21 74 3419
35 58 4782
23 90 635
37 67 3821
9 83 2898
67 91 1498
49 77 4609
54 96 2805
11 15 4841
59 68 2296
9 81 1483
20 87 4553
63 65 1528
25 36 699
17 71 2691
9 53 1550
20 86 4547
11 19 2247
7 100 4799
79 95 3336
5 81 3663
46 90 4123
16 94 2949
70 87 278
27 70 43
23 73 2766
22 74 1379
49 85 440
68 92 484
54 58 3628
10 100 1802
39 85 3943
51 55 480
29 87 1556
23 26 3058
35 50 2943
14 48 4467
0 98 2466
63 64 1816
21 91 2460
82 100 1306
43 78 1796
22 61 3410
16 71 4646
27 56 3770
1 23 1544
13 97 4773
10 94 2971
41 91 831
43 75 4546
26 79 4051
33 85 773
53 92 1887
26 65 1269
30 47 502
6 49 2629
15 90 2083
2 8 3014
14 23 455
21 47 2907
72 89 687
28 88 3125
13 83 2913
70 77 86
8 13 4289
69 98 2997
14 56 1190
5 89 4539
5 52 1620
14 55 4430
4 81 3211
51 90 395
40 58 1683
24 88 3905
17 87 3070
39 90 4502
40 62 4622
25 55 3834
4 77 1549
18 34 2648
26 86 2798
56 65 4554
57 69 4411
14 93 3457
22 77 2207
20 92 4096
19 87 4245
48 53 4742
70 81 3899
27 72 2979
3 79 847
5 73 2067
44 91 3526
2 29 2846
54 72 3583
8 75 326
2 60 1180
30 86 4415
77 81 709
50 97 278
69 88 3878
4 41 528
27 100 3478
15 23 3597
41 68 136
3 63 1808
69 95 440
62 64 1474
17 35 1915
9 42 2965
14 28 2720
15 39 4566
9 98 1964
20 53 3738
8 77 913
70 100 3441
40 68 2244
21 100 2927
32 95 2698
16 100 4296
31 35 2993
1 83 4991
14 57 1256
22 88 4635
3 31 1278
26 67 2242
27 35 820
13 26 2879
93 98 3187
78 88 1309
50 80 1253
6 73 2000
62 100 2346
10 61 1528
2 27 1084
1 29 3553
1 18 703
37 90 60
11 60 3373
3 67 1184
19 61 4671
32 79 933
65 77 347
7 51 2449
64 82 3849
19 94 4714
36 61 2170
28 50 548
3 27 3255
24 45 3363
19 57 4156
15 41 690
2 63 3215
78 93 3985
3 90 3536
34 71 348
7 92 2992
5 31 2910
10 17 3651
5 83 4965
59 79 4700
61 64 2793
45 57 1117
70 80 1538
54 64 1306
16 74 279
31 56 4576
38 68 4238
50 71 995
16 44 3757
18 63 3555
42 88 886
85 98 4056
49 64 3393
30 55 2825
13 25 1480
56 89 4049
45 68 594
5 92 3338
67 87 2862
42 92 1431
8 95 1377
34 90 4675
37 80 3981
27 61 3441
52 79 2857
41 100 3804
30 43 4671
11 82 4964
16 76 3455
40 55 2315
11 86 1419
61 83 4286
27 82 1210
49 84 3220
23 45 1300
36 52 4279
15 73 4605
60 88 4445
16 90 1987
52 80 63
54 67 1541
15 83 107
21 41 802
37 71 4848
0 85 3860
14 99 2869
38 58 3091
42 78 3549
1 43 3737
14 31 3630
69 72 3517
36 54 2938
5 19 4965
37 53 4478
41 61 2937
5 6 2862
1 16 2164
58 95 1258
6 69 252
55 60 4073
61 62 4664
19 85 425
50 60 1567
38 44 3770
36 47 3321
90 96 4338
2 88 425
66 96 2717
15 50 2904
12 36 1790
11 73 1494
19 63 3000
57 75 3579
19 77 1298
15 87 4544
13 23 495
4 62 971
59 82 2740
55 59 1066
48 81 3444
53 65 1507
