49 10 419
0 58 3587
2 1 4318
3 1 2050
4 1 415
5 1 211
6 5 2584
7 4 66
8 7 4455
9 4 3099
10 9 1164
11 5 4889
12 10 3703
13 6 850
14 1 1641
15 4 3411
16 14 2962
17 4 563
18 9 142
19 3 156
20 16 3998
21 5 362
22 12 3382
23 1 4581
24 17 3980
25 14 3244
26 13 4261
27 21 3097
28 27 3969
29 1 4073
30 13 1126
31 20 2434
32 3 3614
33 30 3064
34 24 4556
35 8 4708
36 10 1924
37 11 2358
38 25 4071
39 27 3577
40 12 2720
41 40 3029
42 12 3453
43 2 2557
44 17 3929
45 14 3004
46 4 2682
47 13 2247
48 7 3366
49 4 3178
50 47 894
51 19 2281
52 14 24
53 46 4233
54 40 616
55 39 2433
56 28 1166
57 42 3385
58 31 3214
59 17 783
6 20 1096
20 41 1008
5 51 3467
7 58 2333
32 45 2195
12 49 4101
6 25 8
3 7 4514
42 51 1534
44 53 2466
45 50 3670
6 18 1376
1 30 241
8 21 2097
13 21 3432
18 33 2416
1 55 623
25 34 543
10 11 3689
2 26 3252
20 57 3825
23 26 1373
39 54 313
28 53 3505
2 5 3736
12 33 1122
27 46 3303
15 57 2979
32 53 1997
14 28 4450
0 50 3632
4 53 4146
23 32 3650
20 33 1283
6 35 4645
41 55 172
7 19 1715
3 48 1228
39 43 2729
9 59 3235
13 32 2104
30 51 3638
15 56 1643
4 39 375
4 59 2977
23 38 2792
13 35 3493
10 17 4685
24 59 3217
3 18 1476
11 27 4225
28 58 749
28 42 219
20 21 1654
42 47 1957
23 46 4545
31 53 4274
6 9 3720
24 41 969
14 38 4305
51 54 1736
51 58 3386
24 26 2472
43 52 811
31 44 4660
7 25 4152
49 51 3831
22 41 4891
9 12 2017
39 45 4904
32 43 3619
40 58 3245
37 54 3160
11 43 875
13 28 4381
9 11 4784
30 54 2522
3 39 190
1 41 1457
13 29 603
25 27 4576
3 8 2027
14 50 3308
29 32 4112
3 41 2421
30 40 2273
9 32 1754
4 33 2228
23 44 791
55 57 1844
22 35 1214
11 22 4910
23 24 4671
35 50 1704
35 46 2807
6 49 4807
6 51 1701
15 55 2903
32 48 679
21 33 1771
22 40 1671
25 45 4761
47 58 2424
17 26 4404
12 17 3139
15 33 3674
27 58 2150
5 7 4319
33 38 2628
31 45 3077
23 34 608
26 58 1510
1 27 4833
9 13 894
15 37 2243
9 55 4881
30 34 4029
5 37 2488
17 22 3635
17 38 337
25 56 993
24 51 4080
52 54 4122
10 21 1597
34 52 3331
34 42 524
40 42 2185
3 28 2468
3 26 3358
8 55 4637
25 53 1136
12 31 4292
47 55 2308
18 31 3134
40 52 4324
21 57 2301
4 10 248
13 23 1841
31 51 247
4 6 4853
41 48 3782
19 36 1709
36 42 2663
15 29 2797
8 24 2553
29 45 2188
28 35 1502
7 20 3052
52 58 2391
19 35 4229
45 53 2439
6 15 4042
6 12 2128
18 48 205
13 25 2086
24 40 4176
26 40 4912
35 40 2980
43 56 3254
2 42 4806
34 49 4682
0 51 3251
25 33 3986
3 15 2612
12 21 653
6 38 2190
31 43 681
20 47 1524
5 38 2391
11 17 130
13 18 3854
50 54 2615
15 45 4007
36 49 3193
20 27 4148
19 47 787
46 57 1594
7 52 4288
35 44 979
10 55 707
13 55 1255
12 26 1533
18 54 3713
50 55 1327
19 45 1490
46 59 1000
42 46 325
17 56 2283
22 36 1783
50 53 4440
19 52 748
23 58 3442
4 24 730
28 45 3110
10 22 2428
18 39 2118
4 48 2025
14 55 3480
37 57 1544
28 38 4361
24 53 2070
1 17 755
17 32 2543
8 59 3433
1 49 894
36 43 396
13 39 4624
17 23 2371
21 37 4869
22 29 1127
39 52 828
57 59 4999
35 52 2281
5 42 3721
14 30 2043
27 54 3903
48 49 989
10 50 208
16 30 4937
32 40 1120
48 55 1116
15 21 4446
15 17 4002
1 26 4743
2 36 3544
31 59 1802
6 26 296
24 56 4448
38 48 680
28 37 269
25 46 1483
8 31 382
21 22 574
31 41 4776
36 45 4282
4 12 2584
27 43 3439
28 29 358
11 41 2046
41 50 3249
2 20 320
24 47 3032
29 42 129
16 24 2197
7 10 55
33 56 597
39 44 1114
16 34 4273
21 54 2653
27 35 2896
25 55 4971
37 53 3722
25 35 2938
5 13 2277
7 39 1135
20 42 2834
17 20 3134
20 50 2897
8 34 1583
32 57 140
24 44 564
38 50 1939
23 41 1296
29 36 4071
11 48 4501
11 33 3328
22 48 1168
5 34 4500
41 53 3138
18 46 4427
45 56 3297
12 32 4314
20 35 2083
10 57 3733
33 47 1117
29 39 1889
46 49 3882
54 58 594
17 49 1367
29 40 4633
5 53 3345
23 37 4701
3 11 187
1 42 1664
5 50 2980
15 43 1421
15 44 4850
52 57 4607
14 46 2120
11 23 396
6 31 3119
23 54 3134
5 57 3384
21 39 2995
0 59 1368
14 31 1451
27 50 1091
10 30 2463
6 57 3229
13 24 2120
19 44 4665
23 45 3621
38 49 4880
45 58 2125
8 14 2894
37 46 1735
18 47 1380
20 54 1280
4 13 4817
30 59 434
19 56 3942
20 48 4353
2 18 3869
33 58 2012
23 49 4119
43 55 1243
15 49 37
4 28 2467
3 58 1526
10 56 2841
11 14 3641
44 50 3355
8 51 4655
7 14 2796
16 29 4203
26 42 475
10 20 1507
1 6 1792
16 56 2383
9 40 564
8 43 132
4 26 491
9 29 1751
1 8 2623
1 34 2403
2 44 2845
5 43 2501
43 47 1047
30 55 1620
32 38 2677
29 31 365
43 50 2528
31 40 3081
7 56 6
21 44 631
5 48 1844
56 57 1031
21 50 3932
4 25 1064
26 37 2172
41 43 2422
17 43 1791
6 48 2800
25 50 2382
34 56 3216
31 56 1149
6 24 1377
4 44 4434
0 55 1070
30 46 4553
