1 52 644
0 3 818
2 1 4288
3 2 2535
4 3 4014
5 0 1141
6 2 3079
7 2 2227
8 1 4067
9 3 3986
10 8 4729
11 1 2298
12 0 2284
13 5 3510
14 7 210
15 7 1480
16 6 1818
17 7 2500
18 2 3852
19 12 369
20 3 4826
21 20 356
22 20 915
23 2 360
24 10 4943
25 19 3389
26 11 796
27 23 2359
28 14 905
29 25 163
30 17 4979
31 4 358
32 5 2047
33 8 2328
34 12 3277
35 15 3290
36 2 4229
37 15 3627
38 0 1955
39 23 3648
40 19 4317
41 26 3050
42 26 4682
43 40 4189
44 12 291
45 4 3648
46 14 701
47 20 44
48 3 4934
49 35 3493
50 31 1532
51 27 3714
52 26 2968
53 37 1296
26 49 2221
29 38 3246
24 48 2055
8 27 3812
16 39 2661
26 53 1484
13 43 3039
31 53 4061
24 38 3406
23 36 2319
0 34 1425
1 45 443
42 47 1136
35 46 1101
27 53 3862
0 24 4070
8 41 4046
3 44 4999
4 6 22
4 14 1866
27 33 2352
42 51 1894
5 49 2820
4 7 1247
12 16 3043
17 48 3460
3 16 97
18 22 4276
42 43 1280
9 11 2027
33 36 3312
13 41 3616
16 26 612
1 18 2079
10 52 2165
7 42 3929
4 53 4554
7 11 645
2 53 2341
5 28 4279
35 48 1108
2 39 2518
14 17 589
35 40 1674
18 51 3055
6 52 3843
21 43 3111
3 35 3294
32 35 2270
21 50 3463
14 33 4405
30 34 347
15 23 39
15 47 1226
5 26 3174
17 31 4328
45 48 3522
21 38 4852
13 37 1545
37 46 346
10 35 4668
44 49 403
36 37 1355
31 47 3330
30 46 3171
5 19 2083
16 35 89
11 13 565
28 45 4889
21 47 3253
8 18 1038
31 44 889
17 38 414
14 47 2787
22 38 4410
13 23 2358
24 46 1257
27 46 1463
12 41 3674
4 49 4287
10 22 3390
11 42 4317
11 16 3735
36 42 3221
28 48 1900
11 43 2072
4 19 2791
30 42 492
33 34 3878
41 44 1164
0 28 2405
2 26 2674
21 36 838
1 9 1273
2 51 553
5 52 2446
32 40 2982
26 33 4758
4 44 737
13 16 3531
13 15 1747
21 44 4712
2 49 3268
9 50 1009
16 23 4064
21 22 4247
2 17 706
45 46 4280
36 48 3345
13 32 3798
31 48 2565
0 49 4155
5 7 3009
2 29 4223
18 50 2512
38 39 4083
14 19 125
11 34 4978
19 22 2991
1 47 2897
19 36 4804
44 47 3600
45 50 3905
6 9 3470
2 9 1431
11 33 219
18 45 2868
27 31 2347
11 35 3699
17 52 1229
9 34 1916
4 43 3061
4 33 2315
9 45 3938
15 40 4763
34 39 3084
38 45 1768
20 50 399
22 37 67
12 26 3859
18 36 953
2 47 3349
22 47 3142
9 29 4624
41 50 3270
19 33 4231
8 47 1034
6 27 4044
17 40 1411
9 38 1722
23 38 1328
12 39 4839
34 51 3508
8 35 423
4 24 545
18 32 3056
29 33 401
3 24 983
21 33 2251
22 26 3635
10 46 2313
7 32 3268
3 39 111
38 53 2576
23 42 3562
13 38 4180
14 27 500
35 50 4190
9 22 518
8 36 3304
15 41 3298
25 52 3277
15 45 306
15 17 66
40 46 3231
3 41 145
21 53 1973
7 33 1907
9 23 4585
22 48 1847
9 27 4266
11 17 4196
23 35 3982
30 53 4142
15 19 3581
22 45 4812
24 40 146
42 50 1478
0 17 514
2 15 2383
39 43 3449
5 9 2553
0 20 3247
49 51 1094
9 21 4499
12 18 4501
20 31 2972
4 17 3655
0 52 4462
22 28 3992
28 35 1562
32 38 857
28 38 3962
13 24 3156
0 27 3368
16 48 511
24 26 2337
22 51 2566
4 35 1454
2 8 2329
8 38 1088
18 38 1314
33 35 2770
35 44 3636
43 48 1988
44 53 4374
5 53 2366
6 36 4187
3 28 4798
18 47 1959
30 43 4930
8 43 3021
6 33 3484
7 51 4882
5 22 4769
4 50 172
27 38 944
4 21 4698
4 23 2523
13 20 2447
13 47 2596
1 44 2874
5 36 349
2 31 777
25 32 904
5 18 673
6 46 2534
23 24 2230
6 53 634
16 51 4673
1 50 99
25 40 2676
2 50 4433
23 31 4716
1 30 2097
34 43 3302
29 52 602
19 28 2126
16 25 3129
22 32 4902
4 29 2469
10 27 2333
12 50 89
32 48 4160
31 41 1278
26 29 2441
19 47 130
5 29 1289
2 35 4026
12 24 2269
27 49 4254
13 39 3237
12 35 2476
3 27 1365
20 36 3577
13 51 3294
12 30 1084
28 53 652
16 20 1685
36 38 2591
0 42 1853
0 45 2773
40 47 2528
35 51 4811
15 30 3185
25 48 1505
23 48 1693
7 36 3032
5 6 817
32 44 3330
2 48 2811
28 52 1355
6 31 1463
5 51 4474
25 34 1241
34 41 2595
30 36 4285
6 11 4066
0 40 4281
25 53 3706
29 39 4836
19 51 3800
50 51 986
2 40 4843
2 19 1840
44 46 2550
3 38 1143
30 41 484
12 48 4898
10 12 3694
9 19 4651
15 28 4557
3 13 915
18 41 3384
26 27 1601
2 44 2960
17 47 763
14 52 411
4 34 1627
35 38 1350
4 51 1610
1 35 4044
40 42 1002
17 33 3067
39 40 704
15 16 3634
4 13 937
30 52 4273
29 42 4749
27 40 1458
48 51 3808
38 44 167
15 43 230
15 33 4106
10 29 2003
17 37 2230
41 51 3025
0 8 1786
46 50 3845
39 51 1652
18 44 2193
7 12 4982
28 40 4
28 33 1712
34 37 2624
14 42 3658
45 47 238
35 43 2635
24 28 2985
46 48 942
19 41 118
24 42 4307
1 39 1050
12 20 2693
17 53 2163
11 24 1939
25 42 3432
17 19 1173
4 5 1799
37 49 4874
30 45 4586
3 42 4619
7 28 4095
44 52 3543
22 34 287
23 44 919
14 16 1069
18 19 4376
27 52 1301
8 45 131
14 41 1929
9 43 4252
11 45 84
26 45 2562
30 39 520
29 44 2920
21 30 3069
33 51 2766
39 41 1388
49 53 797
1 7 1324
10 37 1650
14 23 3628
7 26 1927
1 15 276
8 39 727
13 52 772
16 18 564
43 49 32
3 34 3811
6 51 4541
9 28 293
0 23 3741
12 28 929
38 47 4398
18 39 1432
10 47 413
18 30 2573
50 52 4379
11 50 2513
38 48 4682
19 39 2744
12 53 3807
13 33 2282
7 43 2559
21 46 3079
21 49 1946
39 53 2662
39 52 151
7 37 2603
5 35 3824
12 23 1770
26 46 3085
7 38 1960
9 24 4492
7 23 981
31 51 2361
28 49 3837
12 38 4168
28 46 3388
29 32 188
35 47 3016
20 41 3726
41 53 4706
23 51 2019
19 24 3264
40 53 3225
2 4 2160
3 37 3883
8 16 1313
14 40 2703
3 25 3008
12 52 1208
10 41 3816
1 33 841
19 46 386
43 46 741
0 19 1145
16 27 4967
0 22 375
8 19 4576
36 51 3528
17 50 2490
37 38 4169
7 18 4882
31 46 3232
32 45 3713
3 7 2272
12 15 4822
2 5 2515
9 16 4225
6 13 1681
19 26 1015
23 26 2208
7 13 4469
40 52 2921
30 44 405
32 41 278
8 37 3726
47 50 2248
2 37 4036
29 41 751
22 29 4441
21 37 4481
21 29 4558
4 16 3203
1 51 1503
8 9 4406
40 44 281
8 52 3245
6 42 1039
26 40 2196
4 20 542
5 21 2869
11 25 2886
6 48 2477
4 36 4259
30 37 204
12 27 233
13 27 691
25 28 4107
17 20 3984
4 42 2692
0 13 4155
11 14 2073
13 50 3456
16 38 1090
33 40 3790
9 13 4624
4 26 3105
7 39 4876
20 26 904
41 46 165
23 50 1890
4 27 1415
17 45 190
25 50 342
4 15 3104
20 29 3168
8 15 2597
10 38 1348
3 22 150
10 45 4656
20 53 2742
32 34 1559
23 29 1408
45 49 4182
1 23 4204
24 51 4310
25 51 249
3 31 3933
9 51 1366
24 47 2369
9 49 595
22 53 2313
11 15 4299
17 26 1397
26 31 3152
25 47 397
24 27 4997
0 51 1072
43 50 642
33 42 3319
8 29 1408
3 51 2226
15 49 1537
8 13 4935
24 43 536
1 28 1303
11 46 794
47 48 1074
4 28 3560
36 53 1284
15 21 3497
1 27 3381
18 40 468
17 49 1509
5 25 231
10 39 2214
13 21 3982
30 48 4314
1 26 828
45 52 1486
31 34 1261
29 35 1786
14 31 3079
7 27 1314
11 28 3277
35 39 81
11 48 2017
33 37 2791
34 38 1610
16 21 1157
7 24 3766
10 30 624
19 48 3446
2 12 2985
22 33 3054
5 44 2261
32 53 1275
21 23 4292
10 25 2048
18 24 2996
44 50 3767
10 48 574
9 12 383
1 31 3453
2 11 1416
15 53 4797
0 39 756
10 14 1204
23 28 1435
19 35 989
34 40 2987
41 52 1491
11 40 4985
4 40 4088
38 40 4872
8 21 1867
14 43 2584
8 12 255
6 26 4548
17 27 117
3 32 4064
14 24 2971
27 28 4885
3 12 3745
14 26 2661
46 52 2968
3 18 1305
10 26 4748
5 11 3107
23 53 1365
18 33 899
20 37 755
20 24 1558
23 43 4838
6 44 1443
23 33 1889
5 17 905
6 38 1073
