1 23 103
0 5 2570
2 1 1457
3 1 123
4 0 2774
5 1 2142
6 5 3852
7 1 1628
8 4 3267
9 7 1091
10 4 2848
11 6 543
12 11 4169
13 1 1419
14 10 3974
15 0 3922
16 9 3415
17 0 2010
18 8 1677
19 15 1991
20 19 845
21 5 3288
22 12 4886
23 11 944
24 6 385
12 17 4698
7 12 3572
2 22 2151
1 11 4840
4 6 4622
3 19 2131
11 14 4630
2 3 868
1 18 1050
18 22 2088
7 18 2407
4 16 2100
17 21 4465
0 8 4273
0 6 3958
19 23 2495
9 24 1026
3 22 623
8 20 3732
6 7 1234
5 22 2078
12 23 1665
9 23 455
1 21 71
0 10 4030
0 22 2648
3 15 1990
0 20 795
14 21 4105
15 22 4739
11 17 193
11 16 4163
11 18 1981
16 24 3606
9 19 3614
10 15 364
7 14 4505
10 11 327
8 15 3829
2 5 3365
11 24 2090
2 7 1277
4 15 23
2 14 2519
8 11 4526
7 10 1545
8 10 1566
7 8 283
12 14 2922
7 20 3116
12 24 630
1 15 849
13 16 1377
3 14 4660
7 21 500
8 16 746
6 12 3548
6 21 90
6 23 355
1 4 2840
19 21 925
4 5 3665
17 20 3582
6 16 4298
5 20 3896
16 22 4848
2 19 1735
9 17 4716
9 20 752
18 21 875
8 23 2470
16 17 4786
21 22 4451
5 8 419
5 24 3629
0 12 4165
5 7 2149
10 21 1539
7 13 3553
