1 35 245
0 18 1193
2 0 1654
3 2 3583
4 3 138
5 2 3341
6 5 1513
7 4 2671
8 7 2586
9 2 1122
10 6 3690
11 2 4012
12 5 2777
13 11 1087
14 1 4028
15 10 4438
16 8 4908
17 16 754
18 17 3297
19 5 2346
20 18 4901
21 20 3929
22 2 3328
23 9 2498
24 4 1935
25 17 4673
26 16 145
27 25 441
28 26 2447
29 13 3096
30 2 292
31 24 4143
32 13 3065
33 15 127
34 3 3718
35 11 977
36 32 2209
5 16 4059
9 35 690
19 29 3864
5 9 3988
25 26 2965
17 31 1144
30 36 1979
9 17 3184
20 25 1215
3 21 1268
2 23 4547
26 31 2265
0 17 43
15 34 1553
0 8 4843
7 24 4784
5 13 1548
24 32 1229
7 28 1724
1 11 276
14 23 4367
10 24 1449
10 12 3727
0 10 4954
24 28 2771
0 4 3368
23 36 3159
28 36 1042
16 19 2277
29 34 3770
0 27 1941
14 19 3164
25 35 2178
1 17 2944
3 13 502
5 34 2362
31 33 3892
22 33 1168
1 29 2274
28 31 4150
0 28 518
8 28 27
12 14 1778
10 19 235
26 27 920
20 28 3048
9 18 4538
11 12 324
22 24 3742
15 22 276
9 22 3342
3 5 2193
17 30 1291
14 15 4473
13 24 4363
4 28 3416
13 17 4114
2 12 1367
1 33 3686
16 30 18
17 23 3093
19 25 4422
33 35 294
26 33 663
16 29 810
9 25 3966
14 33 4560
16 18 469
16 36 121
23 24 3294
13 25 15
5 24 3145
2 4 3926
13 27 4672
4 13 3530
19 21 2791
1 21 2338
5 35 441
8 24 506
4 27 2899
14 25 3208
10 25 4547
27 34 1794
17 19 3168
2 36 4234
7 22 3646
3 31 4848
6 15 4034
23 31 3458
11 14 1766
26 35 3608
4 8 2620
21 24 1645
10 31 2612
2 35 4513
3 14 2720
9 26 3620
14 32 108
31 32 4770
19 31 3711
18 35 1699
5 8 3691
0 3 4548
13 26 2567
22 23 4230
10 33 1682
24 35 4092
27 30 2850
22 28 3340
17 26 1541
2 6 3261
19 36 261
18 21 259
5 36 595
26 30 1724
28 34 2897
0 9 326
3 18 1033
8 25 734
8 29 53
25 33 2899
8 17 4880
11 22 3034
18 31 1494
4 12 3201
3 8 1516
2 14 2061
16 27 4435
1 8 1553
2 18 4643
8 11 3964
10 32 496
5 15 2175
1 28 627
19 22 1848
28 29 747
1 7 2656
7 33 2426
4 17 1687
14 28 2913
5 21 4622
15 28 3783
4 31 1225
1 18 3874
10 11 4931
31 35 461
15 35 3980
14 26 1431
9 32 1586
30 33 1850
3 24 4427
21 35 2597
1 25 3407
15 31 2400
11 34 986
5 17 2233
22 25 3414
1 12 3587
9 28 249
20 31 2105
15 27 3258
17 22 1447
12 20 541
32 34 804
9 27 2204
2 10 744
3 33 679
13 19 3466
12 25 1117
17 28 602
14 16 3919
16 21 667
7 17 1333
11 25 2844
1 22 574
12 27 2800
8 22 4440
2 16 667
2 27 3030
16 28 2421
1 2 1378
34 35 3300
9 30 1925
10 34 2303
0 21 1050
25 30 860
6 26 227
9 29 1634
17 29 2913
10 29 1815
9 11 3522
4 34 4131
24 25 3821
9 10 85
4 26 1477
13 30 4561
7 34 837
8 21 329
1 23 1638
19 24 2205
1 9 2470
0 20 227
1 32 3486
27 32 4878
7 12 4403
28 32 247
16 23 64
10 14 3384
11 15 4981
