1 18 166
0 3 619
2 0 287
3 1 4158
4 2 1850
5 3 3611
6 1 90
7 1 2024
8 4 4102
9 1 4658
10 5 367
11 4 1295
12 11 3363
13 9 801
14 9 3994
15 5 4457
16 13 1183
17 16 1647
18 2 3267
19 2 2172
0 16 995
0 9 857
6 16 1569
2 11 4271
12 13 4443
1 8 408
4 9 476
8 16 253
15 17 4898
14 15 474
4 13 1649
12 19 3490
13 17 1287
0 19 2820
3 16 752
4 12 3976
1 11 3379
10 18 33
5 16 1634
12 17 4252
13 19 3117
8 10 4371
13 15 1220
9 18 1253
2 3 3694
9 15 53
4 14 1761
0 5 299
9 16 4931
2 10 3393
9 10 67
17 18 3206
12 15 1943
6 10 2712
3 19 1110
3 17 453
5 13 1506
4 19 4599
2 17 3520
0 10 3294
8 14 294
3 9 3625
16 18 3564
12 14 2859
8 11 1047
4 18 2771
2 8 4211
8 18 1593
10 19 3888
1 13 2184
8 15 1642
15 16 4249
3 14 4582
4 7 982
0 15 1715
1 5 2304
8 13 1295
7 14 1258
1 14 2963
5 18 3137
8 9 4563
2 7 1827
3 4 1811
7 18 4639
7 12 4342
2 5 4356
7 17 1101
12 18 3458
10 11 2960
5 17 3726
2 12 1159
2 16 1400
8 17 3905
12 16 2107
11 17 1988
14 16 3441
6 14 441
4 10 501
7 8 1915
6 19 406
0 12 3537
3 10 4811
3 18 2829
0 11 2451
17 19 3928
7 11 812
1 18 4850
0 17 4884
0 4 2871
5 6 1107
3 13 3398
11 15 2781
14 19 838
6 13 4946
1 4 3712
10 17 1177
13 14 3467
5 8 1483
10 15 1815
11 18 4515
10 16 4532
6 8 658
9 19 407
16 19 2031
5 11 4984
2 14 250
9 11 2722
6 12 1566
2 9 1482
13 18 4852
7 15 2521
1 10 4260
11 19 3651
5 9 3458
3 8 1099
0 6 2687
11 14 3460
8 19 3290
1 17 2164
15 19 2346
1 16 2726
1 2 1603
0 18 4785
4 17 686
5 14 4662
9 12 4124
0 8 4077
1 12 4354
18 19 3293
6 11 2664
5 7 4860
3 12 2311
7 16 3850
6 7 2308
14 17 157
0 7 3827
2 6 2632
3 15 1260
5 19 2018
5 12 2778
0 13 2274
3 11 2946
7 9 3980
7 19 4963
7 10 2642
11 16 4049
1 15 4652
