1 84 3648
0 47 3881
2 1 1209
3 2 4752
4 1 267
5 0 1044
6 2 3076
7 1 3433
8 3 1761
9 8 1086
10 8 4296
11 5 2722
12 5 4299
13 8 1718
14 4 4341
15 14 2430
16 6 1945
17 14 3924
18 5 313
19 17 4527
20 2 4489
21 3 2621
22 12 4300
23 3 3467
24 0 3090
25 11 1837
26 6 1585
27 10 1917
28 4 1332
29 1 4085
30 17 4956
31 20 4426
32 1 1911
33 10 4509
34 31 1755
35 24 1163
36 6 1909
37 36 1995
38 30 4412
39 37 253
40 39 783
41 32 1479
42 41 1443
43 9 4223
44 9 3509
45 14 4510
46 34 164
47 45 223
48 36 1828
49 36 4463
50 4 2727
51 3 1559
52 49 2472
53 26 2633
54 40 4169
55 45 4511
56 45 1113
57 38 1952
58 31 688
59 11 2699
60 33 2318
61 2 2645
62 13 2259
63 16 1290
64 24 3412
65 34 2874
66 52 4307
67 53 444
68 21 3874
69 14 4025
70 32 3408
71 34 2504
72 66 4185
73 19 3657
74 12 1038
75 69 4063
76 62 1048
77 23 2777
78 75 3108
79 10 3210
80 46 4748
81 18 2199
82 9 2623
83 39 635
84 67 2594
85 35 4023
9 75 136
4 56 1448
59 63 4928
3 6 1823
15 25 1255
2 35 1146
14 57 1126
13 20 644
0 82 4744
7 29 899
29 60 771
33 49 662
13 79 966
0 29 1167
23 60 3381
27 45 2285
66 80 4716
59 60 1127
18 77 2092
37 43 4338
51 54 3270
15 83 556
23 59 292
66 73 4527
52 83 2086
30 60 3187
8 80 3423
6 60 941
19 46 3182
38 82 611
12 50 2295
24 25 1589
45 76 3325
79 85 2069
18 63 250
25 42 4552
33 84 713
13 55 3616
6 42 4814
44 61 4889
24 34 2066
8 31 4012
25 53 4001
15 31 2819
37 58 1959
39 43 2880
35 45 4651
17 84 2222
51 79 1327
8 63 1707
4 81 3447
36 70 400
66 71 3844
3 58 3740
66 81 480
28 41 1308
16 53 1388
2 22 3976
54 70 3409
53 63 4451
44 45 1115
4 54 441
10 85 2175
57 75 1953
11 44 2367
25 48 3367
18 76 1157
30 80 4884
22 40 1999
62 83 4087
47 57 3297
15 56 2929
60 67 3473
4 68 1524
12 66 2575
52 54 1077
47 74 3536
2 76 2233
27 37 971
16 46 2509
71 80 4272
65 81 1351
36 83 3070
43 55 3161
67 76 4705
63 69 4433
27 63 1921
12 48 1836
12 43 4385
24 70 3021
37 83 2279
2 67 2919
8 47 2669
11 48 502
12 68 3471
6 23 3923
21 55 2572
8 66 3106
16 17 293
32 62 2704
14 24 4687
10 32 4465
34 84 4951
16 42 2864
50 60 1214
16 51 1720
22 38 2911
24 69 4674
82 85 4037
49 55 3767
4 25 155
15 26 3127
11 40 4265
19 41 1756
22 57 2337
18 73 3498
33 64 3802
1 83 4450
53 82 2466
34 81 875
22 60 3667
18 54 4155
5 85 1929
0 80 877
44 54 1699
49 82 4327
6 19 3924
53 85 607
7 75 2507
28 32 3641
4 58 3870
1 20 1549
18 60 3555
40 73 490
77 84 3780
58 64 4062
44 72 2200
17 72 219
46 58 1958
23 65 1964
57 64 3305
2 39 2835
48 64 1964
7 56 796
22 36 4816
58 78 3461
35 66 421
52 73 2989
36 69 1866
15 70 4633
31 61 340
31 40 2270
51 80 52
9 60 2770
31 46 1972
14 23 2316
49 68 3672
3 30 1754
65 67 1191
43 76 3140
21 23 2014
38 71 3920
12 65 956
8 23 565
8 24 4949
28 70 170
0 57 4174
37 66 1064
7 39 3676
3 37 2542
35 55 4282
80 85 1299
10 64 2702
16 32 2655
10 43 811
17 35 867
0 74 391
29 80 4791
52 62 310
10 52 2543
7 49 78
54 76 3512
8 19 3469
13 14 1350
39 63 1433
11 42 3566
27 64 1134
46 54 404
28 75 4385
20 71 1098
6 53 3009
47 61 1208
19 56 1461
13 39 3034
16 41 2446
23 73 2917
57 74 852
7 16 1382
32 46 3360
77 83 3712
6 49 2533
8 32 2433
4 79 4234
8 53 2846
20 78 2843
49 80 2922
59 69 1481
21 78 3361
53 66 28
15 17 1324
21 51 1216
27 55 1453
56 63 3780
61 77 3328
51 81 867
5 62 68
28 72 3563
20 83 1663
22 56 3725
16 79 4881
15 40 4065
7 66 3892
2 59 3662
13 44 1889
12 41 4601
16 70 2684
7 84 1730
35 37 4098
63 77 1748
4 72 3603
23 31 4145
14 21 4752
8 84 3007
32 73 3481
3 40 1073
10 18 1721
45 74 244
9 28 3098
1 69 4840
40 72 3846
73 80 3657
24 76 1780
32 84 2537
59 62 1988
18 34 3909
40 58 1157
14 52 3049
60 84 71
11 33 108
13 28 3462
13 66 1318
57 61 1400
27 41 3689
20 80 1457
29 62 2720
22 55 36
43 63 343
33 41 2774
44 75 362
65 78 3558
68 75 1702
27 36 3316
22 27 2742
62 77 3156
4 82 4349
0 85 3339
22 42 4754
36 72 3315
40 42 3354
9 46 51
30 35 3479
31 60 2626
77 85 4944
65 82 4483
26 74 3151
38 72 3097
30 68 4777
30 59 1020
37 49 1180
58 68 2589
18 45 791
2 48 1930
30 82 990
40 61 3245
50 69 1014
19 76 4161
40 67 1712
52 82 3221
18 25 1068
38 66 4223
30 72 903
4 6 1526
67 79 1784
37 64 4537
27 31 3693
32 42 690
26 56 734
12 17 4993
25 79 1980
7 54 625
31 72 4548
12 31 1946
26 55 195
15 29 1756
35 67 769
21 54 2001
15 33 4475
44 47 1376
25 55 774
12 80 2765
6 66 3372
7 38 3235
51 55 3910
25 60 1254
10 61 59
65 85 4152
16 61 61
64 73 3011
36 67 3003
55 78 1757
7 85 4532
27 81 408
39 80 4488
58 82 3611
81 83 821
24 65 2035
26 72 3635
6 69 4090
76 80 407
55 65 2164
3 66 1772
31 55 4716
22 28 2457
15 82 286
74 78 2620
12 46 1506
21 65 2754
56 75 2491
56 73 2546
75 82 1015
25 52 5000
30 44 4209
11 46 4717
70 72 3960
2 38 1128
62 72 2365
10 35 4749
4 84 4534
43 48 2341
25 30 3131
27 56 4314
25 62 3267
31 52 3701
70 81 1132
3 39 3832
57 62 3228
24 63 1720
11 67 3343
23 41 257
25 28 4556
1 14 3010
37 63 1041
18 46 4326
0 77 1683
32 44 1529
8 54 1461
76 78 2411
74 79 2598
52 57 2150
65 79 1272
0 69 2146
29 31 4666
17 79 892
11 81 1430
0 40 1115
72 75 1908
40 76 941
0 16 2057
2 45 3331
6 31 1995
0 45 2908
19 58 533
43 49 524
38 69 207
9 10 4548
15 85 284
13 56 2743
15 71 4938
1 67 3985
44 70 2167
13 42 3526
20 48 3787
28 42 3664
74 80 4699
38 65 3205
0 59 4195
4 39 4047
6 63 1531
66 74 1462
46 70 173
71 78 4879
5 56 2348
41 76 2356
1 64 4132
37 84 507
22 59 3164
20 79 970
37 50 2213
7 79 3921
11 39 4469
72 83 1484
26 32 3357
70 74 771
16 50 3372
33 58 3438
59 84 99
60 78 1074
25 82 2728
3 13 4873
26 31 2029
38 74 4824
40 84 3243
3 74 1123
37 54 2843
53 56 1369
54 77 1535
14 33 3086
29 51 886
13 43 1566
13 18 3051
25 56 1662
28 77 4163
20 51 3851
24 31 2967
19 51 4881
16 67 994
29 73 2911
69 73 3271
18 51 1362
25 45 4602
2 26 233
32 83 4965
82 83 1329
1 12 1103
13 85 4718
35 38 2880
20 69 310
69 72 3465
20 63 3821
1 63 1928
21 77 4577
33 46 1197
0 11 209
59 74 154
17 52 1274
65 68 2718
56 84 4233
50 68 1297
21 63 2563
13 60 4888
18 29 534
38 45 2717
8 35 3160
42 68 624
67 73 4816
8 70 2029
0 62 1683
35 48 4952
34 39 1332
36 63 3264
41 64 3921
42 72 4382
32 37 3148
4 10 3994
63 83 3332
0 8 4873
32 76 4214
39 70 5
3 16 3054
0 83 2448
7 15 4106
40 75 3768
3 77 40
5 65 2404
16 76 4160
10 40 1539
54 74 3128
60 69 1064
37 68 528
1 3 2456
7 11 749
44 68 4329
65 84 4466
27 60 2300
15 76 291
9 17 2436
52 63 3975
47 58 4177
55 74 1265
25 54 1698
39 42 1141
26 63 2156
4 67 2484
2 46 4178
6 14 455
12 77 1877
6 59 3763
31 75 2871
28 61 3602
6 29 4631
21 53 2562
12 40 4399
27 32 3528
8 64 4418
6 41 852
10 49 802
35 56 140
26 33 165
36 42 3693
26 47 1548
25 63 4584
24 78 2253
14 27 4081
31 56 1923
27 43 1431
16 64 3773
64 82 2835
81 82 2471
15 28 958
65 70 786
24 56 416
22 79 1320
54 67 1310
0 58 1870
15 19 4604
3 48 3998
17 85 1700
9 56 2809
42 66 4777
49 57 3546
32 67 513
6 83 3669
29 30 3190
18 41 338
10 21 2645
50 56 897
13 22 937
25 72 3179
27 59 817
50 55 1978
16 26 2564
27 51 2247
11 60 4214
21 71 4677
17 20 4734
9 80 1497
42 69 1222
34 85 1383
64 84 1402
6 8 2868
22 30 3500
43 58 4036
50 81 4258
1 45 3694
20 65 1574
7 33 1547
33 34 1081
2 50 957
53 73 2660
21 76 1262
19 30 3311
16 38 4428
61 65 3478
14 70 2582
1 70 1679
8 44 4263
36 75 2322
45 60 3076
1 18 2113
51 83 1659
31 44 1596
21 42 880
2 54 1389
34 78 1043
6 61 1720
10 55 4874
7 71 2192
53 75 1123
1 80 3942
10 72 3355
60 63 4390
9 27 2540
61 78 763
70 73 2115
9 50 648
16 30 2075
63 78 1142
35 79 1323
1 74 1389
44 71 994
11 80 3077
25 44 1772
2 21 3544
3 15 1474
45 80 4623
14 39 1199
12 35 1533
26 73 1579
13 65 965
61 80 90
9 70 3879
33 74 2237
47 78 3057
62 84 1608
13 45 3056
44 65 1405
23 74 3474
23 46 4892
42 84 2588
34 42 3261
12 71 3762
3 82 1581
2 78 3991
25 75 3753
60 68 4986
48 74 2580
6 75 295
49 64 2600
36 51 3283
39 56 3053
30 40 2543
41 85 1111
24 77 2663
62 78 550
64 69 817
8 42 2697
21 39 4036
6 24 2660
20 46 3261
32 66 1081
7 59 1507
17 50 2577
20 45 155
33 68 85
29 77 1393
40 79 2762
6 51 732
2 15 1485
7 21 3507
46 66 2265
23 36 3514
40 77 99
35 74 3750
19 55 4231
6 17 4725
19 29 1464
58 72 1850
4 19 3592
70 84 575
22 46 3537
4 75 1503
8 73 159
57 85 3057
8 37 1200
33 43 2048
0 27 324
67 78 3846
54 81 3256
18 22 4722
10 68 4646
61 74 3666
19 53 4789
1 38 373
43 45 3338
36 82 2616
46 50 37
40 70 3004
71 73 4578
20 43 2600
3 78 2812
10 11 4034
38 47 4909
20 26 3928
43 52 4873
35 53 1024
5 43 3521
11 82 4978
41 70 2169
3 67 954
16 52 4874
39 79 682
5 79 1002
37 80 4376
41 57 188
23 81 4400
17 77 1810
46 69 2127
26 38 3965
72 80 3119
68 74 616
24 80 4394
26 61 2790
12 24 152
21 38 469
25 46 3563
27 49 678
49 83 3955
20 39 1045
12 59 2522
10 58 2810
11 83 4822
67 81 3828
7 8 2755
23 55 2378
34 57 1519
11 78 3430
65 72 3500
7 77 486
10 57 4982
9 21 948
2 37 1551
32 80 4233
24 84 2211
3 64 3451
61 63 801
41 67 138
53 70 3162
0 28 4844
48 81 1994
56 64 2429
14 84 2866
41 80 1177
0 3 3523
26 83 4413
2 85 4681
28 39 3115
27 46 923
44 57 75
1 43 225
5 55 4842
45 77 1820
7 76 1232
5 71 3614
7 64 4077
59 65 233
33 69 285
24 81 1905
16 35 4787
5 82 2473
5 24 391
47 80 3942
19 36 22
27 39 3272
16 18 499
36 58 665
0 44 1816
52 65 3914
7 83 3010
18 30 3625
62 81 371
15 62 4068
0 35 4143
27 69 3040
12 49 997
30 64 1102
9 62 4715
48 71 941
47 72 3777
33 75 2927
11 54 305
34 55 775
12 72 2932
32 63 78
14 59 4424
13 80 4410
11 20 4726
23 24 3733
25 43 3084
18 42 4057
48 54 905
56 70 3465
56 80 3144
23 48 4559
31 38 2435
6 67 4934
15 36 2008
17 44 3053
39 76 4561
10 77 2447
25 76 456
36 57 2155
38 58 1921
2 68 4160
56 78 2495
1 60 3892
13 84 1614
26 66 4136
27 68 4332
29 35 1932
9 81 4856
64 80 4230
36 64 3127
71 79 3525
68 83 672
5 45 2159
63 71 611
49 69 2571
46 53 947
4 49 4096
76 81 21
40 57 3693
22 34 4727
7 73 3217
31 80 1828
32 65 2090
8 43 1233
35 71 3973
14 44 420
49 54 4871
41 53 2804
8 12 4263
51 65 2915
8 51 1858
29 42 3292
26 40 571
14 18 4058
8 26 1389
21 52 2293
10 24 981
3 57 871
16 77 856
35 46 4844
23 52 3930
8 77 3028
54 85 1412
29 67 2020
53 62 1818
30 34 2040
39 58 2326
50 71 1724
32 82 2584
10 66 2552
4 16 4464
17 55 32
30 54 3865
25 32 2033
49 74 64
7 23 4174
6 52 4399
59 77 1975
12 36 524
18 61 1849
72 79 625
29 81 4872
6 74 1013
13 72 4265
47 62 1015
33 37 2666
15 39 4692
3 31 387
79 83 4201
14 63 1128
31 42 3209
22 83 3380
57 66 468
28 71 3547
1 17 4384
14 68 507
41 44 3515
35 41 3939
55 68 1939
32 48 3421
44 78 4072
29 64 4805
42 77 3562
18 48 188
39 78 3439
27 30 909
16 78 2524
5 63 4258
0 26 534
71 74 90
3 24 4503
29 46 4002
56 77 2070
49 67 2255
4 48 3128
46 51 2930
19 85 4401
7 82 307
7 17 339
17 25 4299
44 62 462
33 80 1455
11 61 2269
0 73 1681
12 39 3285
37 72 2983
25 59 2964
1 31 4856
47 82 3130
19 81 2316
30 46 1874
57 78 4454
11 50 3067
45 71 2597
2 83 1884
33 50 1923
51 57 1692
19 47 969
31 41 4695
6 30 1500
57 59 4950
53 84 4054
4 83 3182
36 84 2272
49 66 4302
5 44 2341
35 60 4591
48 49 3652
32 43 344
13 36 1879
54 78 2595
36 39 2436
58 81 3791
38 79 4355
4 21 398
18 44 3457
54 55 1222
5 69 4673
4 35 4981
15 79 2039
32 71 4722
37 45 4282
4 9 3031
1 77 3090
31 67 1673
30 39 1133
17 42 3736
18 65 1521
3 75 2192
4 52 2246
22 64 590
50 51 3090
1 71 3388
18 20 2060
37 41 873
30 62 940
7 69 746
9 22 1356
8 72 942
51 69 2030
33 42 3246
54 80 909
9 45 2787
39 85 2467
48 61 750
34 69 3992
23 28 4971
2 52 3792
33 52 1613
2 25 2922
33 61 3490
27 72 4954
5 34 2087
6 65 4894
68 85 1924
26 39 3197
37 56 932
22 85 2326
20 82 4727
13 31 3680
15 64 4679
32 33 4612
37 60 2742
1 27 3602
50 84 986
4 20 2311
31 57 4594
16 31 3693
66 75 4724
34 44 4159
68 76 3396
32 74 2424
11 28 1930
44 66 4307
31 33 147
54 58 2176
17 33 812
7 20 3225
11 68 3301
17 40 3101
11 51 1579
43 61 3123
40 51 4596
5 80 709
24 62 1178
26 48 3614
2 13 1477
19 69 1924
62 69 1414
22 23 339
9 69 3254
19 40 2006
10 50 1288
11 79 709
19 71 2737
19 42 4297
73 83 1537
61 66 2282
15 73 3476
46 59 657
64 74 1541
42 76 4823
41 69 2704
37 53 456
58 65 392
31 82 2925
33 57 4978
69 85 1328
21 31 4663
9 41 3665
40 81 1627
37 76 927
14 67 1569
45 79 1432
10 60 613
36 81 2568
1 19 3440
43 46 3148
16 21 2095
16 57 2503
32 52 2078
41 72 3680
28 45 3833
1 59 1138
9 19 480
4 15 1208
41 49 179
4 64 2422
17 37 166
65 83 775
33 63 3081
16 74 4772
10 76 2228
1 54 1058
54 73 3216
18 39 3075
2 84 1072
15 74 1860
16 54 1162
35 42 2631
5 84 4393
51 73 237
44 50 4235
60 79 600
1 33 2838
2 65 2006
42 62 1788
65 66 1884
56 69 1919
5 33 3617
16 72 2199
2 70 3753
33 73 2822
3 26 1712
28 64 1371
20 62 3555
68 73 1984
40 71 2390
10 54 4305
7 61 4849
45 52 1651
76 85 141
39 82 2945
21 61 4836
5 47 459
43 82 3843
37 44 2467
62 65 1791
53 72 3702
55 72 2030
40 55 4382
28 36 739
11 49 1916
4 37 4503
10 56 3206
12 67 1399
43 72 940
46 79 839
51 82 1898
34 36 2928
38 75 2258
50 82 4290
50 54 827
29 40 1049
10 19 2722
12 58 3209
1 35 3119
2 16 3544
23 71 4714
24 42 4694
27 78 4400
49 59 3962
22 37 1936
47 67 821
43 50 1031
50 64 3924
41 73 4331
0 31 4084
48 52 2060
7 50 480
18 71 2749
14 72 1758
44 63 2484
50 76 2796
35 36 3244
25 85 3475
26 77 4730
34 72 2741
13 47 4655
4 33 1475
3 32 1352
19 79 2730
40 63 565
25 69 1754
24 74 4095
62 74 2372
37 77 3893
50 52 2095
63 84 2366
32 53 1847
13 41 1346
23 58 2085
41 78 4079
58 69 2042
32 59 3744
26 28 2022
12 32 2623
3 85 4916
33 79 1168
18 80 33
20 72 2299
43 47 2872
10 37 1663
36 85 2686
18 62 512
7 10 1191
52 58 2747
48 85 3449
19 68 3278
28 46 435
21 62 3680
29 55 3138
16 28 4671
39 44 301
7 13 598
20 49 1612
57 65 4854
64 79 1408
12 44 3211
27 79 450
25 80 3938
59 64 1076
51 61 4687
27 47 3394
11 35 4198
3 45 3314
2 12 4435
4 69 3434
0 23 949
25 78 2931
43 57 4878
49 50 811
29 37 1202
2 30 1933
42 57 2806
20 77 4604
22 24 1959
26 45 4246
23 70 4836
9 77 3039
41 43 1875
19 52 1196
0 21 4286
41 56 3273
51 76 1223
9 74 4724
20 25 3332
4 18 674
42 63 2855
4 26 3568
46 49 2193
47 48 4348
34 79 4721
32 36 4332
44 69 1650
70 78 1279
65 74 2439
39 84 1545
9 49 4927
17 21 1335
15 41 991
18 56 854
8 14 3465
13 75 4267
18 28 1197
45 64 3990
10 17 3136
40 45 1087
0 38 4705
49 81 3016
56 79 3344
16 29 4660
23 82 1807
44 53 4454
19 60 1391
39 48 1177
31 47 2556
1 81 2300
38 54 4399
17 75 2499
3 55 810
27 54 3383
11 45 2246
15 52 2943
46 82 864
10 51 2762
55 77 3741
19 72 1242
55 66 2094
2 23 3345
66 79 2392
33 65 931
6 62 2897
9 26 838
12 53 3021
23 43 1059
51 85 392
31 85 3831
5 75 2160
39 62 3266
19 38 3561
27 74 2563
81 84 2445
42 50 4689
20 33 2235
32 56 969
44 73 3472
17 29 4676
6 47 2830
63 76 796
3 34 3065
23 54 1523
60 64 2289
30 43 4278
32 61 2750
31 32 1505
13 78 1317
57 82 3056
56 68 2930
6 21 1192
9 35 2389
69 82 1530
58 62 4379
22 77 2872
79 81 2272
46 76 2778
12 30 1043
1 78 325
50 63 4699
3 68 3058
5 78 1406
23 56 4698
67 75 4813
14 25 849
62 66 1605
15 66 1983
3 18 1460
7 62 3440
30 75 1721
45 61 2390
66 69 72
13 40 1967
2 57 4040
50 78 578
17 64 3540
20 35 2922
29 82 4394
12 51 3623
26 62 2444
14 58 601
22 29 3707
3 79 3521
33 82 6
29 75 4248
4 30 1283
21 29 4157
41 63 270
20 30 3875
14 47 4489
30 73 3249
6 40 2046
9 18 1123
49 71 1977
65 73 2337
58 59 1159
60 71 4368
0 17 3323
34 43 4921
41 59 4851
4 34 3877
27 58 4347
10 83 2361
41 82 3971
44 85 2080
23 32 1345
4 36 549
40 52 2715
13 24 754
19 64 4748
13 27 1693
17 82 2275
33 78 3847
14 43 2076
52 64 1066
61 70 43
28 82 2202
26 85 3547
11 73 1095
41 52 4336
28 84 544
31 83 1595
9 37 2747
11 12 775
28 33 182
5 40 1365
61 73 4507
51 52 4943
60 61 1542
1 6 1875
0 37 241
4 76 3112
20 28 3806
24 60 1028
23 44 4791
1 65 3352
36 44 4521
51 58 3251
31 79 529
39 46 2008
7 47 4953
33 83 4707
2 40 3421
35 49 2474
34 38 4506
28 38 511
49 70 4205
23 37 4301
66 85 1376
4 5 1527
2 66 468
43 68 867
39 49 4726
26 71 2079
26 84 1334
3 54 1498
6 73 4152
75 84 2769
10 69 2893
8 29 1598
36 68 1585
10 45 3755
10 65 521
60 73 441
6 25 4459
18 47 3157
55 62 3417
46 68 4558
17 69 2629
51 78 4710
11 21 685
47 77 328
28 53 1208
39 75 4865
38 64 2127
19 78 732
30 36 2623
52 75 1942
36 41 687
15 27 252
13 19 2863
38 52 1399
70 85 1790
27 33 1291
26 79 3008
48 59 62
60 82 3823
38 39 3099
63 82 1164
78 83 2913
18 32 1798
39 53 1451
33 62 234
45 70 1803
65 80 4099
2 7 1729
43 70 2890
38 41 468
17 36 1443
29 39 892
66 67 2340
35 47 4027
20 36 2098
12 84 2907
4 43 3338
9 72 1251
4 74 3572
0 67 925
3 53 988
19 48 1162
24 38 319
58 80 1452
5 60 1231
56 76 1291
31 43 1231
3 10 1301
48 58 4844
2 72 2695
47 83 3793
61 79 4209
0 79 635
55 84 1992
3 65 839
47 55 1538
11 15 3791
19 34 3826
18 70 1918
6 76 705
43 66 4930
24 75 2970
46 71 4656
57 68 24
28 62 1219
13 25 1639
51 60 3861
10 22 3994
32 68 2222
59 66 3710
37 75 1004
41 81 2383
38 84 4292
7 74 4953
12 16 4688
73 84 3672
66 82 674
28 58 2462
25 35 3662
63 66 353
46 83 473
44 52 2489
14 40 1749
14 64 1285
2 11 1959
1 72 2601
10 71 3302
51 70 2310
21 36 4682
15 46 3993
11 29 1704
9 71 3401
23 50 2916
56 61 2652
82 84 453
28 50 1963
28 56 2784
46 62 1285
43 53 2802
18 72 1950
28 65 1635
24 30 2500
42 43 4270
21 67 3110
28 37 465
47 52 2277
7 37 1942
28 74 4488
8 17 1108
9 59 3602
65 76 511
15 37 4079
69 80 1239
40 82 3864
30 41 2851
6 44 1691
18 43 2630
1 9 2180
80 83 466
19 62 3633
8 11 2836
32 77 2546
3 29 4885
70 76 1156
74 84 1071
46 57 3186
6 71 3103
56 74 2035
13 16 2475
11 13 4582
45 85 2258
14 60 4941
22 41 4120
14 79 4191
41 66 1053
14 50 3898
46 65 3045
28 54 2737
17 66 2449
3 7 3942
58 67 873
8 52 4085
43 71 2911
26 34 2782
5 66 1214
0 2 4216
14 54 1655
63 72 3276
36 59 3680
5 37 4090
2 44 2364
75 81 695
45 48 2850
79 84 3105
26 41 950
9 79 215
1 24 1122
50 77 3664
55 71 915
50 66 3938
26 68 2182
13 58 4979
60 83 1283
35 58 1124
44 46 2356
2 74 1958
63 75 3199
74 76 3723
45 73 3780
37 52 4593
50 74 2161
15 49 3929
73 81 1933
2 41 404
9 33 1241
28 79 1854
55 81 4017
61 69 2710
46 81 3801
52 85 2560
9 25 2914
25 36 1357
0 41 1653
2 63 4438
39 64 2871
67 77 3853
37 59 1828
16 34 1939
17 24 1545
16 45 2082
59 70 387
22 35 3236
8 27 2807
14 34 3496
50 67 2818
34 58 2720
3 36 742
50 85 4294
29 36 2895
10 84 2008
42 79 829
23 85 413
46 72 4322
62 80 2058
35 84 4800
73 82 4930
21 24 1499
16 43 1401
56 67 4551
33 67 282
15 63 5000
11 26 4288
49 85 824
20 44 2232
17 81 3653
4 73 1657
27 34 3697
24 28 2132
12 62 2624
21 30 3093
59 83 3279
48 67 3672
40 49 2722
14 19 3581
59 80 1237
52 53 4854
35 63 3416
7 26 4732
47 81 3242
74 77 464
10 53 1611
50 79 2892
62 67 1885
31 54 2727
38 63 2291
11 69 3660
6 28 3934
3 71 413
10 75 855
44 76 4812
7 35 201
19 49 178
10 29 3981
29 45 4589
60 62 3061
61 64 4107
0 52 3628
20 40 1217
35 50 3418
57 70 4214
0 9 2033
23 38 4390
32 50 3033
20 24 1279
30 56 927
16 73 2308
24 43 2764
38 40 2869
1 8 2830
16 82 2021
19 84 2037
21 41 4999
60 72 2004
61 67 2713
75 76 4633
12 82 2800
16 49 1557
54 79 1882
77 82 2076
64 71 3542
6 81 2933
34 61 1674
26 54 4515
46 64 1437
21 49 2101
0 7 506
49 60 4006
45 82 2841
14 78 959
25 77 990
25 57 1197
46 52 2548
12 56 3010
36 60 2618
21 82 4563
23 78 2206
2 27 3081
59 73 2590
22 58 1304
46 74 460
30 71 2267
35 72 729
42 60 4347
32 57 8
54 61 4488
15 60 3025
29 58 2995
5 17 453
74 81 2462
36 66 2585
33 77 232
23 30 3458
24 36 2386
9 29 3834
6 54 1027
53 57 3420
48 55 929
48 65 2760
8 33 3082
42 44 2494
39 69 4990
4 8 3791
8 16 42
34 73 1767
42 81 3819
13 70 1332
5 46 557
22 54 3066
16 71 225
37 46 3465
31 78 28
26 57 1007
10 47 2100
25 41 3382
58 79 2583
34 70 1638
43 79 1517
53 76 246
31 69 2644
40 66 2379
2 82 634
17 41 3869
5 49 2078
25 58 4852
27 29 2000
12 28 4781
33 36 104
54 84 2233
26 37 1486
25 64 1521
17 22 1968
25 74 1809
3 38 2233
40 50 3961
0 84 1839
33 81 4827
21 73 976
4 44 2180
42 64 4846
14 66 1823
59 67 4151
33 47 4006
8 57 1073
60 81 1520
4 53 4350
23 83 2061
26 67 3563
24 32 1527
0 55 3779
6 79 2064
8 83 1376
58 85 1411
10 67 2485
18 19 4574
11 64 272
47 75 934
38 59 4177
54 71 774
6 45 2981
58 83 4673
29 32 4475
5 20 2064
10 13 208
59 82 530
17 53 549
36 53 253
22 50 2600
12 64 1855
19 25 90
29 85 206
49 65 3125
0 65 3798
11 56 671
31 63 1138
5 31 1387
21 72 4832
37 79 3143
57 72 1603
19 77 4661
14 62 3693
36 65 1383
10 31 1419
27 73 3632
28 68 2861
6 46 4122
39 50 3142
4 13 4435
36 46 2246
34 59 3689
24 53 166
1 41 3275
25 37 3703
30 58 2211
0 43 4452
18 27 4102
14 30 2480
17 49 2947
10 81 4429
57 73 3384
22 69 582
15 16 717
50 75 567
8 85 4687
0 78 1623
64 75 1668
44 80 3855
73 76 514
40 62 4101
9 53 3235
39 47 4342
51 75 1132
22 81 883
6 68 390
43 73 4755
10 41 2747
52 69 3098
12 14 4363
71 85 3793
16 56 1525
7 81 3939
42 78 221
21 46 4226
14 32 1331
4 17 2989
12 37 4764
20 60 3337
59 71 1860
26 35 1146
54 65 4096
3 35 2722
2 47 3733
50 72 4659
8 59 1050
14 65 4065
60 65 3700
3 43 4185
0 60 4444
58 84 2369
62 75 2232
19 31 823
5 67 3602
55 69 2171
15 38 1609
69 84 1811
49 53 3115
5 7 693
20 75 4536
38 73 4419
53 61 4880
15 44 148
63 73 3423
6 55 630
29 48 4402
32 85 3970
43 85 3779
14 37 4356
12 55 95
21 44 480
10 48 2266
29 53 772
64 72 4470
13 74 1814
21 22 1374
38 50 216
43 60 4159
31 66 3440
38 76 2617
9 84 2717
15 58 2591
70 83 3344
16 80 1757
22 62 2169
1 5 4965
61 81 3635
17 54 4732
21 26 4824
39 51 2661
56 82 2223
45 58 1494
14 42 132
54 60 3073
23 35 2949
18 35 2069
48 76 753
41 45 376
28 43 2581
17 59 4637
62 63 2268
69 79 3729
36 43 666
34 74 3727
14 22 2803
13 17 3395
34 77 1012
1 76 4750
21 56 776
42 46 45
20 23 709
11 14 1809
22 43 2682
18 83 3283
49 78 3680
52 72 4117
31 53 4142
35 61 1688
2 17 3226
0 18 2896
67 83 4334
23 63 2694
4 65 3816
6 15 3878
54 56 1537
40 80 1510
53 80 3199
27 38 3696
21 64 496
8 41 4255
49 58 2597
8 60 2700
74 83 1761
7 41 4907
13 37 3998
24 39 3597
26 50 4167
19 33 1324
2 49 274
43 64 4032
18 79 2016
17 31 3669
39 81 2574
78 81 427
20 38 4851
18 36 2274
1 73 2899
5 26 4862
32 58 1033
19 57 645
28 67 2812
1 16 596
50 58 2815
24 49 4741
0 4 4002
42 45 242
29 66 2174
8 82 306
34 56 4822
42 70 4579
45 81 2630
21 50 1940
40 48 1008
17 32 3252
45 49 1122
0 75 4222
12 33 4084
80 81 3440
23 27 2239
28 35 2889
8 76 4099
59 78 4277
41 74 1559
14 41 2328
8 49 4343
9 63 4733
27 28 1400
12 38 2895
1 85 4872
48 57 2765
34 68 4463
22 53 4298
4 11 2221
36 56 3447
45 65 3333
11 38 2830
43 83 3287
35 73 2745
18 37 1070
24 45 1783
26 80 1714
19 44 4421
22 31 1872
58 66 450
25 70 796
37 47 4069
17 63 2456
0 32 4309
51 59 2376
64 78 4641
48 80 3317
58 76 1911
63 64 3959
26 64 2053
31 65 4294
3 76 4557
30 33 3852
20 68 1459
6 27 421
27 67 1097
32 54 1967
11 71 667
21 32 488
10 62 4733
45 66 3438
44 77 27
57 58 1685
36 73 1405
19 82 1568
48 75 22
37 70 3601
80 84 4536
4 85 1276
11 18 4726
11 57 3432
33 76 2306
52 81 4365
79 80 3059
52 68 4571
23 67 4279
19 63 893
28 51 3889
5 58 1249
1 22 3980
13 38 3687
38 81 636
13 68 1579
25 38 3281
14 46 4362
66 68 1612
9 11 3890
43 75 964
23 66 1023
11 27 3223
48 66 1750
42 55 4982
32 79 2875
31 64 4304
21 45 2879
36 54 3158
32 75 633
76 77 3554
48 56 1489
17 60 4099
33 39 875
25 68 684
18 58 4209
54 62 1328
22 44 2539
8 79 1767
59 61 4958
77 79 4818
14 76 1481
53 83 4868
57 69 1757
19 59 2277
31 71 4025
6 56 3645
1 68 3195
36 80 3135
30 66 4498
8 39 2728
71 84 488
52 55 2096
57 81 959
17 57 1358
11 58 2516
15 72 1564
38 67 1384
34 53 1811
30 74 2529
83 85 2405
17 61 2484
63 85 2481
4 42 4671
12 18 4613
46 77 2571
6 57 3367
5 57 4669
17 39 4478
66 84 1110
60 77 683
32 78 3886
55 57 2638
17 51 678
2 19 1825
65 71 1878
7 25 1297
31 81 1341
3 44 3510
9 48 3617
8 62 2276
44 81 4861
48 60 1386
6 85 2350
31 36 63
53 58 2050
44 82 4502
11 23 3839
14 74 3653
18 33 1579
11 75 2780
3 33 2480
52 78 1751
13 29 1328
27 35 3850
63 68 3535
22 74 3855
21 60 1956
21 66 1138
29 76 1615
21 34 1561
32 40 1672
73 74 915
72 82 597
2 24 3898
60 74 2054
48 77 4423
6 78 3210
11 52 3637
16 66 3014
39 55 241
5 25 1072
41 84 347
41 60 40
42 56 1882
14 16 2874
22 84 4188
63 67 4124
33 85 3165
12 45 3987
16 60 3275
15 42 4146
47 59 372
24 73 4395
56 85 2091
21 69 503
68 70 1873
35 64 1124
10 73 2472
19 74 4026
63 81 213
46 60 4857
57 77 3096
36 61 15
56 58 3360
5 73 2693
26 44 2681
56 72 820
16 23 1431
18 69 4729
12 20 538
24 44 1165
29 56 243
77 78 13
2 34 806
3 73 3920
19 65 4401
18 52 2440
13 63 1328
29 47 4939
22 63 387
47 66 1811
16 55 4264
13 54 2861
16 40 4642
12 57 3904
40 83 4463
35 57 4413
53 69 3369
3 46 4310
25 67 235
24 27 1690
34 40 4708
0 22 2628
47 54 1935
69 78 2066
27 76 573
12 54 1408
22 26 738
48 68 2585
18 55 512
63 65 1095
15 61 52
0 72 1389
36 40 401
72 81 1817
52 79 3454
6 11 1133
18 59 2836
73 85 2051
43 51 2315
7 52 2946
11 74 2236
57 71 3467
29 38 4357
33 38 1416
1 53 4885
20 47 3092
2 4 384
37 65 83
7 36 2640
5 76 2651
41 48 4493
11 19 2093
48 79 2479
39 41 408
13 48 1774
9 66 257
22 76 2373
69 77 1256
13 71 1787
45 59 1742
6 80 249
17 23 3124
37 85 3885
24 48 3648
75 85 474
65 75 2469
55 76 4330
27 50 4989
3 14 3966
23 62 1700
39 65 327
13 46 2844
22 39 4650
1 10 2811
51 64 1255
34 50 3573
68 71 1931
17 27 2940
29 54 2844
12 27 2348
20 84 692
31 39 4413
28 60 443
69 83 4571
23 40 671
61 85 4873
23 76 330
5 59 3480
15 75 2081
21 83 3790
42 48 3350
29 84 3272
25 84 3359
22 51 1045
18 84 4979
62 82 1460
39 73 932
63 70 2615
1 61 1770
30 70 4679
59 68 1664
64 81 704
5 29 3756
23 29 1872
41 46 2720
44 49 2259
36 62 2553
24 57 3141
45 62 3357
72 76 2668
32 49 3021
13 26 235
15 84 1799
47 49 1324
4 31 691
3 83 2371
52 59 3208
50 59 4199
45 68 1321
1 40 2822
7 44 1914
49 75 4150
46 47 4516
36 55 4156
1 66 3769
18 68 3563
33 72 3277
81 85 1605
4 57 2437
9 34 2491
4 51 3705
20 61 1297
31 62 1428
3 41 3059
24 26 1717
47 79 4941
6 18 4610
7 68 330
70 80 817
43 74 2650
36 47 139
2 5 1733
7 22 2950
7 78 4394
5 41 1083
56 59 1094
3 47 4449
0 76 1138
10 46 2874
43 67 2187
16 62 4695
27 53 2926
15 67 632
69 71 4379
18 50 4394
39 59 666
58 73 2126
28 31 2602
39 61 2598
43 62 3662
7 40 4031
9 31 2981
5 64 3225
39 57 4116
16 81 1475
56 66 296
49 72 919
42 74 3630
9 15 3041
19 66 4763
1 36 4887
44 51 2512
34 66 4706
1 21 648
20 67 3534
26 70 803
32 72 682
68 81 583
56 83 1020
46 55 2047
33 45 4389
54 72 2760
72 78 4586
20 57 4339
29 43 302
2 80 813
4 47 1014
5 51 2114
38 83 3950
8 18 4808
38 49 216
21 37 4470
12 47 3617
30 32 3783
37 73 43
38 68 2561
0 12 2087
53 71 3808
46 67 454
3 17 4987
9 32 1088
29 49 1241
4 7 3026
33 44 3626
7 28 4342
73 75 2408
28 69 4330
11 24 2697
51 62 4301
29 71 3107
16 85 1431
58 75 798
69 70 277
20 29 973
5 14 518
72 84 2970
16 25 4312
40 68 1313
35 40 4543
64 70 1984
64 76 1285
17 28 1398
1 84 2955
68 84 4418
57 84 3563
31 48 651
1 82 3179
28 63 3527
0 34 4857
28 78 3207
37 57 1157
35 77 2705
48 51 4353
3 59 4636
24 41 1228
2 8 4690
2 56 3704
39 60 261
38 85 25
2 51 940
47 56 1150
42 53 3335
40 74 2088
2 29 46
6 77 551
24 79 89
22 75 2553
59 79 961
1 52 866
43 78 4896
15 24 518
23 25 3137
23 68 3280
5 32 4017
34 76 4056
24 47 984
6 13 2812
14 48 2135
25 31 135
28 40 4262
9 47 343
74 85 4538
36 50 726
64 67 327
52 84 4359
55 80 3834
4 23 748
9 76 2305
23 45 2417
5 22 3838
31 68 1023
10 12 4069
45 53 115
6 22 2109
2 81 59
32 47 1511
16 75 4821
33 70 3466
40 64 2748
12 85 1696
16 69 3931
4 29 62
21 80 1218
20 41 1122
24 85 4255
11 22 650
35 52 1823
68 79 4858
38 61 657
5 39 4973
44 79 4280
17 45 2706
32 55 1859
24 33 2302
46 63 2268
9 67 191
18 24 2354
4 62 3139
25 66 4362
7 32 4199
26 49 1472
11 43 4342
20 54 2498
69 81 2151
42 83 2176
4 59 4650
21 33 3639
13 23 2665
21 70 641
27 75 2672
7 70 4969
40 69 2425
9 64 3098
25 73 368
11 32 637
3 4 3837
4 80 3308
3 42 1858
8 20 2199
58 71 2815
22 61 1612
61 76 777
14 80 1659
23 64 1269
25 39 440
48 73 2896
5 83 1193
30 49 3323
13 32 2993
0 20 3365
9 68 1648
11 66 3282
13 81 2258
2 73 2354
16 59 2661
2 64 4850
1 28 1530
5 61 33
10 70 2850
1 49 4535
23 26 4499
43 56 539
14 38 1950
39 52 459
8 67 1285
12 61 4071
25 34 2814
17 34 960
14 61 4423
46 78 302
4 55 1302
42 67 907
20 52 4903
49 62 2914
8 48 1226
0 39 4504
52 56 2117
13 51 1421
14 85 3170
39 66 1944
30 85 1698
72 77 3596
6 84 4468
7 51 2769
32 60 3150
64 66 4049
20 73 657
51 84 1466
25 29 4944
24 68 1141
7 43 4567
27 66 1520
78 85 2807
13 30 1688
53 68 4122
27 85 1984
33 51 2006
34 67 3846
8 58 3263
60 80 3117
36 76 3067
57 67 4740
52 70 2073
52 76 1337
11 41 3229
4 38 4906
18 26 1566
20 22 3621
17 73 1099
0 25 4748
64 65 2900
51 71 1103
32 64 4907
9 55 1334
19 75 3256
58 60 254
52 61 2003
25 71 4823
4 46 23
15 18 1588
41 71 4517
53 78 2905
10 36 3829
49 63 1540
53 59 2488
6 20 2690
30 84 793
3 11 1253
45 57 3469
44 58 475
2 42 4501
10 44 184
12 19 3320
10 23 1351
11 70 2262
13 33 4080
5 23 916
3 56 2334
21 40 90
75 83 2198
47 84 2658
18 82 3565
55 63 3440
7 55 536
43 44 3902
41 58 1315
67 70 1490
40 60 4122
28 48 1574
35 62 4288
7 27 723
7 72 1779
48 78 1040
8 55 1157
44 60 288
14 53 1246
27 84 1970
43 80 861
12 70 2987
38 43 4485
12 76 4695
12 52 1597
57 80 1515
29 65 3614
55 85 3065
48 70 2549
67 69 235
74 75 4116
23 84 712
25 40 2233
22 67 1166
15 43 2732
8 30 1921
17 74 2534
59 75 3837
24 61 4099
25 50 478
38 53 2477
2 58 4632
49 61 1386
50 61 4647
10 30 4757
29 59 3527
32 39 4796
14 56 2441
53 55 2299
79 82 2314
17 78 672
47 76 1105
56 81 3527
1 56 499
12 73 4345
76 83 2963
3 50 2258
71 82 4374
42 52 1606
67 72 4914
30 47 426
16 39 1983
20 81 2409
30 42 1928
3 60 3985
41 50 3354
18 23 4708
25 81 849
19 70 96
73 79 4877
20 32 2368
47 50 2463
31 59 4497
33 54 261
31 49 503
49 51 3240
36 38 692
50 70 3189
27 70 3692
31 37 1169
33 71 4897
49 56 1635
26 36 3295
0 51 2290
2 69 2722
4 27 4770
31 73 4503
33 66 3216
17 65 1856
14 49 174
8 69 4751
43 69 1615
39 72 955
6 72 1739
7 57 2661
10 63 1109
34 41 45
20 74 2248
4 71 88
16 65 1146
15 34 3642
21 84 730
38 55 611
37 67 3714
10 25 901
34 49 1044
69 76 442
13 15 4057
33 40 374
32 45 2960
5 54 2337
26 51 519
23 42 3345
24 40 4764
38 78 4814
45 63 3820
12 69 2966
49 84 21
41 62 3763
44 83 4819
29 41 1896
0 63 259
66 76 501
45 75 2892
9 39 3897
37 51 191
14 26 801
26 76 4490
83 84 1364
30 51 1517
30 57 1634
0 61 1513
8 75 4773
42 71 282
50 53 3241
1 62 4214
13 82 2010
48 62 2216
22 25 2937
42 58 4302
45 51 3112
23 51 3649
24 54 756
77 81 3084
49 76 2526
35 51 3062
42 54 993
26 75 4094
53 77 4632
5 19 1519
9 57 3855
48 82 1753
15 59 4093
30 53 1914
7 60 2750
5 42 4498
67 68 1937
25 27 1205
46 48 4093
67 71 75
12 26 385
3 63 1199
3 28 1789
19 35 2795
38 77 507
25 33 294
3 70 3950
57 76 3429
37 40 2870
37 48 4401
8 15 2473
75 79 4160
30 48 2024
41 77 3652
28 66 3532
6 12 509
6 70 3370
9 20 463
70 75 962
14 77 1240
9 73 2445
23 33 1358
62 85 4440
0 49 4672
22 80 2406
71 72 3521
14 55 805
16 20 1262
35 76 3440
8 34 3150
0 42 2240
14 29 1540
57 79 4995
6 34 2103
52 67 2276
51 72 4651
78 79 2320
41 79 4672
16 27 3820
21 75 101
17 58 3981
29 50 3390
48 63 874
14 75 3224
0 14 4631
9 54 3688
69 74 2255
0 30 571
7 30 3081
0 6 3822
23 47 2193
34 51 3916
25 61 2167
19 80 3130
66 78 4728
4 40 1329
15 47 3460
52 80 2538
20 50 3149
30 52 3297
38 42 2921
53 54 962
45 50 584
1 11 3652
11 36 152
55 75 3462
42 51 3381
4 66 4563
9 85 3868
9 52 1845
31 70 4560
40 44 3671
34 54 3584
5 52 487
8 28 2929
26 43 961
70 77 2541
45 72 4212
44 74 2571
15 78 1299
10 15 1576
19 39 2459
16 37 3524
6 32 3857
26 81 2843
1 50 1153
6 82 1488
31 50 973
55 70 1909
59 85 2628
45 83 3598
55 60 4547
21 57 1274
38 56 1560
54 57 284
19 28 3758
16 33 4329
71 81 3457
20 58 1890
30 77 2305
14 28 3904
47 70 2260
53 64 128
35 80 3918
51 68 541
7 58 102
59 72 2503
12 63 909
51 74 160
13 83 1415
37 78 2366
38 48 4752
1 26 78
38 51 2836
17 83 1556
22 47 2654
15 23 4638
58 70 1324
68 77 3646
41 61 1636
28 44 763
26 82 1762
27 52 3972
28 59 3976
34 52 2382
37 55 4693
26 27 2723
32 38 465
15 20 3871
20 34 4739
40 46 1378
24 29 3373
23 39 3567
10 16 1657
7 9 1501
17 67 4420
19 32 3481
6 64 4267
40 47 3697
39 71 294
16 22 674
2 14 2436
34 48 4555
2 33 794
4 77 2281
22 49 1939
5 27 4413
4 24 3895
23 57 446
19 67 2311
51 67 2361
11 72 1682
20 53 1206
22 78 2509
45 46 2599
6 50 3377
46 61 2364
11 65 3719
54 59 3157
45 69 1064
29 69 1276
30 78 45
30 31 1517
4 32 2762
37 74 3457
49 79 739
13 77 4214
17 47 153
46 84 3447
47 68 4310
20 21 2645
42 85 1309
12 81 697
5 77 5000
27 83 3810
31 74 2893
10 20 2387
4 63 4417
3 80 4326
11 85 4643
47 64 2630
17 71 1422
25 26 1008
4 41 4845
68 69 401
18 31 211
55 82 3056
5 50 4875
61 75 2844
15 55 3719
18 49 2562
77 80 847
60 70 2816
42 49 2359
15 30 2213
23 34 1250
26 29 1279
9 65 3887
53 65 1009
37 38 4068
49 73 858
9 14 3248
52 74 868
21 59 4903
12 34 3493
14 31 2992
1 44 4310
56 65 3050
52 77 3078
19 43 2180
12 78 2683
34 63 3192
55 79 447
19 83 2971
64 68 4193
41 68 2409
22 72 2169
34 60 1967
10 74 3701
5 10 3276
18 66 4779
15 48 316
57 60 3901
40 56 739
28 80 1905
39 77 2416
61 84 3286
10 14 4993
19 50 1905
15 57 1425
0 81 1692
33 53 1175
8 36 1506
2 77 4899
31 45 2924
30 67 3628
20 42 4167
45 84 468
57 63 3798
40 65 94
63 74 1745
8 50 4502
47 85 83
65 77 4687
44 67 1205
23 53 3836
24 58 247
41 47 1130
2 53 831
34 37 1431
19 45 1103
8 56 4688
8 40 2460
40 53 4774
27 77 4958
33 56 2956
0 64 4003
1 57 4349
12 15 4058
2 10 1117
13 59 811
6 48 3226
36 71 4959
11 34 397
47 65 4618
16 36 760
35 82 4088
11 16 2902
35 59 1751
43 59 2292
60 85 4427
14 81 882
34 83 1536
8 61 3759
9 23 4775
24 82 1080
25 47 325
37 62 278
14 82 3235
41 51 2947
24 50 2751
48 83 1567
53 79 4399
54 63 1664
20 27 3620
15 50 2330
3 27 2671
25 83 4637
10 34 3336
51 66 2885
23 72 2340
26 30 2839
50 57 715
36 79 2500
56 57 1028
22 82 1848
12 21 465
30 76 4674
40 43 363
2 79 2257
28 81 2028
62 64 4403
29 34 2810
2 75 239
54 75 3306
21 85 2790
2 32 402
15 22 4236
4 45 2052
39 45 4763
45 67 9
7 14 4383
1 48 2434
24 66 4180
6 43 2415
35 65 1576
47 71 1055
22 48 4800
50 65 2776
26 59 2490
38 80 237
39 54 613
54 68 3623
11 76 1512
0 13 4558
12 25 152
6 38 2996
7 45 3682
20 66 1953
52 60 2417
14 51 898
62 70 4893
60 76 4271
15 65 1962
50 73 4950
51 77 930
12 83 398
11 55 3208
62 79 390
56 60 912
19 23 2274
9 24 3745
21 35 1436
1 47 2286
44 55 2685
46 73 3732
39 74 4038
80 82 3471
14 73 3206
54 69 3489
7 12 2436
20 55 2106
6 58 3250
14 20 4233
28 47 3016
28 83 746
50 83 2158
8 65 471
3 62 3864
27 61 3874
20 64 2122
24 72 4927
4 70 3086
12 23 4270
17 62 911
24 59 4131
45 78 3633
42 65 3641
25 49 668
13 34 3402
5 21 1734
17 76 3612
4 60 3919
10 82 1829
1 46 4256
31 35 3956
46 75 1544
29 74 2928
1 23 2581
29 72 3825
11 53 271
22 68 2172
3 12 2273
10 78 3848
12 75 4438
43 77 2648
26 42 2723
1 51 426
28 57 1624
55 61 610
30 45 1
19 21 515
1 15 2192
17 38 3315
30 83 3325
5 9 560
29 61 330
76 84 47
26 69 3561
3 81 4800
61 83 4006
25 51 216
29 57 379
50 80 1427
17 70 1244
47 53 698
32 51 978
51 53 160
33 35 4107
72 73 1536
30 65 4612
63 80 611
35 83 4883
14 71 4304
27 82 3085
16 83 498
1 13 4553
20 59 710
32 69 721
2 31 4016
9 40 3036
75 80 4580
44 59 1269
13 67 3861
40 59 313
42 47 2908
37 81 4055
1 58 3398
1 37 3220
67 80 8
1 25 519
1 55 1158
63 79 1406
55 58 1025
59 81 3180
5 70 2171
37 42 4355
2 28 3119
54 82 1527
68 72 3575
47 60 4818
0 71 3828
9 13 1295
16 84 3504
32 34 3751
20 76 875
55 83 3829
22 70 3137
19 27 3950
13 69 936
7 34 1140
70 71 4086
13 49 3569
8 45 2334
35 68 72
24 52 2659
0 54 263
7 24 2513
23 80 597
34 45 4042
36 74 1679
5 38 4633
54 64 2696
5 81 2742
68 78 2899
68 80 3594
41 55 1347
5 16 3994
19 54 1552
76 82 3473
29 78 1738
0 66 2439
24 55 4139
1 30 4119
74 82 842
8 38 4716
18 74 2862
34 64 1770
4 61 2047
16 58 4930
16 47 4576
18 57 327
9 12 2533
13 73 1865
3 19 2447
27 44 2904
56 62 4553
58 77 2557
61 68 1489
4 12 4563
76 79 4415
62 73 2808
61 72 4934
65 69 823
6 35 4979
34 80 1286
67 74 1084
42 73 4622
43 65 1587
37 61 4665
15 51 1476
28 52 3250
4 22 747
35 78 2190
15 21 1951
28 55 1887
9 78 2819
16 24 3185
39 67 3878
17 80 4192
6 33 2128
13 35 3078
43 54 1971
5 48 2410
15 45 2170
11 62 2848
19 26 1499
8 71 3952
9 58 836
33 48 3133
55 56 2076
29 79 3134
24 67 5
13 21 4796
34 75 886
21 27 3082
27 57 3614
7 42 4561
19 24 1145
36 52 287
40 41 2553
67 85 1175
10 38 3223
7 18 4820
44 84 3839
37 71 404
33 55 21
1 34 452
71 83 1816
66 77 2148
19 20 4006
61 62 1801
18 64 3062
3 5 3401
7 67 443
41 83 3986
35 69 2916
9 38 1797
44 56 532
62 71 4114
0 53 3949
5 30 1139
26 60 3045
73 78 1916
42 80 2204
30 37 4376
0 36 3900
67 82 945
5 6 1612
30 61 565
42 75 1703
10 39 2367
31 84 4288
6 7 3647
38 62 512
39 68 4095
10 59 356
5 72 2108
1 75 3490
7 31 4927
18 75 3774
21 81 2447
28 34 4603
9 42 2346
20 85 3820
10 28 4664
55 59 3928
3 72 3297
2 71 1812
4 78 2977
45 54 3133
11 77 3194
18 38 1729
48 84 4492
23 79 3099
41 65 2887
78 82 4876
8 81 896
17 26 3672
3 20 1316
10 80 536
23 49 993
44 48 78
43 81 1732
70 82 336
9 36 2678
21 28 243
42 61 3150
51 63 4994
27 48 3822
59 76 208
31 51 3454
6 9 2990
3 69 3706
17 48 4454
24 71 4760
15 54 2141
17 43 47
31 77 1082
9 61 3943
16 68 3447
8 22 3952
15 81 3987
11 63 4507
21 58 2753
9 83 4136
18 21 1726
13 50 2226
28 85 3398
54 66 2412
20 56 1115
78 84 3433
22 65 1984
43 84 2531
7 48 926
48 50 647
22 73 3643
27 71 4761
34 62 2369
48 53 4304
71 75 187
21 48 317
13 57 1951
31 76 4014
30 69 4955
28 73 1176
38 46 1312
2 55 731
14 35 3669
57 83 2143
3 52 4769
2 43 4878
6 37 556
7 19 1316
72 74 3514
47 63 3023
29 83 3347
35 44 4371
34 82 2381
16 48 4738
53 74 2491
10 26 2656
8 25 3759
7 63 4319
24 51 1661
28 76 1516
29 68 1759
27 80 1784
29 70 2974
24 46 918
84 85 3149
60 66 694
48 72 4036
7 53 2209
23 75 1922
38 70 3574
17 56 1321
44 64 4280
0 68 2718
23 69 581
3 9 464
9 16 400
2 62 2574
30 55 4313
22 32 2771
3 25 4459
41 54 17
19 37 1776
47 73 4561
14 36 1605
2 9 3753
23 61 1560
11 30 4
8 78 1592
78 80 4717
64 85 1268
18 67 3923
0 15 1252
8 74 3108
0 70 2092
3 84 4089
49 77 3531
66 83 4401
14 83 3612
22 33 1449
5 53 4304
55 67 3969
7 65 4743
21 47 819
41 75 2581
33 59 888
35 81 1671
66 70 2299
13 53 4409
54 83 1740
61 82 4051
46 56 2768
11 47 4468
35 54 2577
27 40 2035
68 82 1724
40 78 2439
18 40 2467
2 18 3719
10 42 787
71 77 339
0 19 258
48 69 604
2 36 4756
3 22 3420
21 74 2869
64 77 2126
72 85 1320
19 22 4484
21 43 4525
12 29 4860
35 75 3253
58 74 1394
8 21 2650
8 46 3484
5 36 4811
61 71 4813
5 35 1864
1 42 2309
34 47 115
17 46 1914
2 60 2688
5 28 1716
30 50 4470
11 37 823
22 66 1340
11 17 969
42 82 322
38 60 3614
5 15 2682
34 35 2215
50 62 3582
47 51 3318
5 74 4181
6 39 2516
20 37 4727
12 79 4687
13 61 3371
19 61 343
53 81 3247
0 33 570
12 42 4242
58 61 4297
35 39 3327
7 46 972
9 30 1322
55 73 4242
0 46 4361
30 79 1131
11 84 2616
1 79 3652
53 60 2522
15 53 2122
0 56 4076
22 45 2278
15 80 4629
21 79 3888
22 52 610
17 68 3047
28 30 86
21 25 2724
18 53 3550
73 77 2458
11 31 835
13 64 1857
32 35 4301
28 29 1772
36 78 3528
24 83 4248
1 39 4324
29 63 1908
22 71 3336
15 35 3040
28 49 1841
7 80 2613
55 64 1746
27 42 4806
38 44 3088
35 43 3087
71 76 705
17 18 4226
24 37 4985
35 70 2770
30 81 4701
3 61 1666
0 50 2691
40 85 4204
26 46 3074
36 45 4876
13 76 1975
36 77 4955
32 81 231
5 8 4426
46 85 3835
51 56 223
3 49 33
64 83 4136
0 48 1101
15 69 60
25 65 2132
15 77 685
26 78 3154
29 52 902
27 62 2218
13 52 1748
30 63 1816
16 19 3243
8 68 1587
58 63 44
5 13 2918
0 10 4461
9 51 1133
12 60 752
70 79 4349
12 13 959
52 71 2086
75 77 1757
42 59 4557
26 52 1167
47 69 1652
29 33 1254
27 65 2593
37 82 4040
16 44 2734
29 44 2187
26 58 3214
18 85 3132
56 71 4415
18 78 254
37 69 995
26 65 4116
5 68 4297
