1 24 151
0 6 2634
2 0 2197
3 2 367
4 0 1519
5 3 1243
6 4 2448
7 6 4195
8 4 1005
9 7 4900
10 2 198
11 8 3755
12 8 1489
13 0 1936
14 11 363
15 11 1831
16 10 527
17 2 763
18 8 2706
19 6 1165
20 3 4547
21 1 4721
22 8 3531
23 19 2871
24 8 3539
25 22 361
5 7 4134
3 21 1685
1 18 3898
0 16 4100
6 18 2003
7 21 2156
13 22 2732
1 25 4526
21 22 4617
20 23 1907
3 8 1302
12 21 4171
2 13 3373
1 4 1127
12 18 371
0 17 843
10 13 4307
8 21 2143
1 19 3339
11 25 4506
9 13 543
11 19 2161
3 11 1072
16 24 4159
9 12 3582
15 19 3806
6 10 1753
1 5 3362
10 22 4222
4 7 2439
18 20 3455
1 24 436
3 6 3883
12 13 2298
4 18 3300
2 8 624
7 11 1267
8 10 1458
21 25 4324
3 23 2752
0 11 1597
20 21 4792
4 10 187
1 10 608
14 20 1950
14 16 1521
15 24 900
3 25 1629
14 15 4818
3 13 4245
9 11 4882
1 11 71
14 22 1637
3 4 63
18 21 3884
9 25 3955
3 7 2627
20 25 2874
5 22 1536
3 14 1518
1 20 4875
1 12 2822
7 12 2144
16 19 375
7 8 4788
22 24 3545
5 19 415
8 9 1337
1 9 3331
19 24 4078
4 15 3595
7 24 2471
6 22 1149
10 12 4893
5 24 1804
0 3 3880
5 16 4612
8 16 219
19 22 1364
13 20 2003
16 23 1596
17 20 2614
3 24 2092
1 2 4703
11 18 2965
2 23 1523
18 22 2375
14 21 4226
15 23 4421
2 11 2841
9 19 3902
14 24 2015
6 24 2756
6 25 24
24 25 2966
4 9 2180
0 7 4659
5 9 2730
11 21 1019
7 14 1821
0 18 1622
0 24 1495
8 20 1600
0 21 2067
23 25 2699
9 14 1896
13 14 3659
13 24 2367
12 25 3215
5 23 2722
5 13 347
9 18 3972
3 12 1021
2 25 3464
8 17 4184
12 15 3154
12 24 3505
11 17 659
19 21 1498
18 25 106
6 20 2723
9 24 337
10 11 3217
0 15 1111
2 14 3344
7 15 4571
