39 37 1771
0 52 2628
2 1 1801
3 1 4119
4 3 3695
5 1 1186
6 4 3401
7 6 4561
8 6 3288
9 8 3519
10 7 1210
11 3 32
12 5 868
13 12 1611
14 1 1653
15 8 783
16 12 2095
17 3 3386
18 9 3349
19 15 3583
20 7 3648
21 7 4038
22 8 4633
23 17 2265
24 3 587
25 19 3242
26 16 40
27 15 1900
28 21 1809
29 1 4278
30 23 1210
31 5 350
32 12 1894
33 32 2170
34 2 2244
35 15 834
36 15 1159
37 8 3282
38 21 1371
39 28 3547
40 24 4956
41 17 814
42 24 4880
43 25 1555
44 27 2265
45 32 626
46 44 1224
47 15 1458
48 36 3667
49 47 1201
50 25 579
51 34 2900
52 34 623
53 28 4663
54 4 2184
55 19 2265
56 11 4134
57 0 1069
58 52 3790
59 47 387
60 5 4714
61 39 3199
62 46 4729
63 51 14
64 53 1192
65 51 1679
66 22 4376
67 24 3818
68 39 3660
69 51 1861
70 24 1733
71 51 1449
72 18 2013
73 5 4313
74 9 4106
75 10 1634
76 67 4726
40 58 225
65 70 3725
5 15 51
23 24 3763
20 76 3141
41 73 2099
38 75 1749
11 19 2160
34 59 4362
31 43 4954
28 36 1282
27 39 1579
20 56 1049
63 67 2621
28 38 1944
44 67 1105
50 56 1659
11 41 1470
57 65 4216
2 36 4592
44 55 3170
0 65 4195
20 34 1637
38 52 2534
14 75 2445
39 64 69
55 75 2105
48 76 2743
1 7 574
12 46 719
16 37 2057
11 43 2024
22 34 1911
13 43 657
6 28 901
25 45 613
31 53 2431
39 49 2229
36 50 1720
28 30 3996
51 75 4174
41 55 1524
5 11 2774
8 23 219
2 65 4868
37 56 1440
19 59 2059
19 20 2036
14 51 1315
11 63 3937
2 3 4602
57 72 3269
24 54 675
10 16 1310
41 66 3967
29 56 4052
37 44 79
32 52 3974
35 64 4352
2 37 4657
31 49 814
35 58 861
8 49 708
63 73 3512
46 59 2443
7 14 1406
54 72 1668
61 68 4400
2 46 4781
8 17 1414
27 32 1062
25 41 2938
4 50 2992
38 64 4028
65 69 2644
8 73 1346
14 24 4067
57 74 1204
19 62 4785
31 51 4314
13 73 4112
10 14 2706
25 49 735
21 76 2151
23 60 4018
3 29 1350
31 40 4104
33 54 2338
3 75 2295
34 53 1011
37 45 4485
17 65 598
20 29 3496
47 76 2322
19 35 2188
6 43 3267
60 71 475
10 25 3440
29 46 1667
63 71 2152
16 48 2615
35 61 1937
14 59 3007
36 41 1603
41 49 4602
33 37 2370
33 47 1965
33 40 4200
26 61 2215
58 76 4386
17 59 1479
2 57 4755
17 56 4132
21 45 3754
10 48 1189
42 57 2366
32 50 415
10 52 2013
55 72 4076
16 75 3457
54 65 366
30 52 1544
30 72 2841
20 31 3264
21 23 2752
36 43 1255
29 66 1303
44 76 554
15 62 991
6 32 351
29 76 3194
45 49 4014
18 39 1295
18 26 1355
11 48 4651
39 53 4735
38 41 4557
6 20 546
68 75 4295
3 26 1723
41 56 449
65 66 690
15 24 2938
9 25 2501
4 61 4437
4 66 3032
33 55 1957
9 37 4049
1 48 1822
18 30 2924
53 55 740
35 55 2483
23 54 1034
16 70 3596
3 65 4157
14 46 2303
30 45 1651
25 52 3167
17 29 3344
31 50 3145
30 31 760
16 72 774
32 64 2175
12 70 1954
23 73 2487
22 27 1554
52 72 3484
26 75 34
18 21 1982
32 42 3503
4 37 2682
20 73 4828
31 54 2369
13 18 824
23 70 837
58 67 1152
38 58 3417
20 38 698
35 67 464
53 68 3256
9 50 888
7 46 1825
17 50 2078
0 50 2655
33 60 1545
52 60 511
23 61 1123
41 74 3932
14 52 471
20 43 3732
32 75 2985
45 56 1288
13 55 1254
19 45 3828
18 75 2429
9 55 4419
54 63 709
50 61 4001
11 71 4337
7 45 2127
15 63 4772
48 75 2124
11 45 2812
23 58 4803
22 31 4894
22 30 485
18 42 1557
25 75 785
16 19 2793
12 60 4555
1 26 4787
6 74 105
23 75 3718
4 14 4631
35 49 2321
22 59 3731
19 74 1785
12 51 2998
20 64 4543
53 63 80
20 33 3275
6 31 1176
17 62 4180
65 74 3898
34 43 2961
23 66 1765
1 28 528
44 57 3418
25 68 4455
46 49 3705
3 57 1209
8 11 4666
2 24 1863
31 45 119
13 75 357
54 59 529
15 25 108
15 61 2142
24 65 141
21 29 4799
3 49 4928
8 66 3341
17 66 188
14 50 1700
32 56 795
18 68 3490
11 21 4932
43 73 1968
7 72 3571
52 54 4564
33 38 4893
60 67 3726
7 22 442
8 12 3182
24 52 1353
1 15 1095
46 51 21
40 72 2865
11 39 219
50 65 1610
1 74 4927
60 76 2324
15 40 2336
36 68 3035
14 54 4792
50 69 854
27 34 516
18 40 4276
47 67 4114
25 69 2650
15 55 1040
15 17 1351
9 61 3729
28 59 2861
46 60 1517
12 47 368
18 43 1567
27 68 344
7 43 3751
19 21 3255
21 67 759
53 74 4103
7 34 693
13 25 4587
26 56 1054
10 23 2964
47 72 1644
36 46 2567
13 67 4947
8 42 4034
6 48 2645
71 72 3735
33 45 3445
7 59 135
10 73 1828
33 49 4880
28 67 998
2 39 2812
14 47 1843
36 55 2900
21 48 2671
11 24 1290
67 70 983
6 59 86
13 16 4525
42 62 4111
4 15 1850
62 74 2401
3 18 726
17 39 300
42 51 1451
8 19 2299
14 42 3346
41 72 3902
1 55 1974
13 32 3816
19 29 823
23 63 1664
22 65 6
22 49 1522
11 65 4863
34 42 1026
22 23 1444
33 69 336
17 58 4059
20 57 3533
41 58 826
48 62 1408
5 36 2023
7 54 4427
29 69 4874
33 73 1344
3 7 454
38 63 1156
15 28 3265
8 58 1625
3 20 3231
24 31 2628
27 31 4508
9 15 3649
12 59 3096
46 58 2477
32 62 88
51 73 3237
46 47 3886
12 22 4044
2 45 1569
49 51 2017
40 49 269
2 21 4432
64 72 589
38 60 3498
35 40 1677
29 59 2826
34 45 448
10 72 683
69 76 4720
3 8 4689
26 45 3756
2 17 3582
1 57 892
0 45 3311
10 31 1545
20 35 98
35 50 3347
4 30 116
57 60 831
49 57 1928
15 37 1720
5 49 4788
60 72 566
31 41 1753
27 58 1333
13 50 315
22 26 523
41 76 4408
40 75 2831
6 38 1713
31 35 915
42 69 757
39 58 1707
1 61 2381
7 37 2517
22 73 4472
39 70 386
1 56 3929
32 70 1372
7 75 995
55 59 4133
29 61 754
13 48 4706
58 72 385
37 41 3270
6 13 1483
16 31 4340
14 41 4780
17 36 3984
39 75 2635
18 28 4992
4 39 2301
6 16 3271
14 64 1968
25 48 2812
52 63 4088
61 69 439
27 51 1512
17 49 4634
12 76 53
2 75 354
57 75 1722
63 76 2584
50 71 446
8 68 2095
43 69 685
25 73 107
53 71 2304
34 75 1158
7 61 3014
29 71 989
24 57 2505
24 61 2248
11 75 1502
14 34 3043
27 65 289
7 28 1425
27 33 4855
26 32 3225
24 51 2278
3 12 808
65 72 1421
28 51 4733
19 60 3683
21 40 1289
56 74 2855
2 33 865
32 54 2779
1 31 4670
6 66 4519
49 66 4994
54 68 456
7 70 2073
15 32 2882
24 39 4265
37 47 1931
26 36 476
11 32 2810
19 56 2807
35 44 3131
18 76 1181
28 70 4925
16 71 4784
12 52 3001
52 57 712
58 63 683
69 74 525
57 61 1628
10 21 2853
14 45 3246
17 63 1779
49 65 4839
30 47 3534
7 51 2119
20 26 1318
3 43 2081
22 57 687
23 59 2363
0 70 3219
42 47 4194
3 71 753
2 38 3833
13 64 78
30 76 2808
13 26 2437
11 72 1912
17 67 2055
48 72 1846
14 68 4655
59 63 302
29 67 1701
4 9 511
30 33 2690
32 76 4889
31 48 501
70 73 1742
44 58 4995
43 58 3689
4 5 3538
23 29 3311
14 76 1576
6 47 3150
33 53 3788
19 28 3638
8 40 4072
9 40 3740
51 74 104
26 41 4234
3 45 1157
43 67 3019
15 70 2437
7 26 739
31 57 3940
54 64 2904
52 61 4682
8 72 3199
2 16 2220
23 65 4999
68 73 2463
18 31 3155
23 40 800
47 58 3598
1 4 3344
2 64 1935
25 30 1158
3 72 4002
33 51 1345
22 64 3631
19 26 3157
48 61 3536
16 32 4021
51 62 1888
13 65 1537
22 62 536
38 73 3003
71 73 3494
28 57 3291
2 19 4110
40 55 4133
55 66 1738
17 76 75
35 62 2756
23 38 2937
7 24 2973
22 75 2536
36 59 3323
16 74 37
40 48 3659
57 64 1661
9 66 3599
43 65 3144
72 73 858
10 71 884
1 6 1633
28 55 2132
48 53 3626
54 57 2571
15 23 2367
17 61 3771
59 76 3226
10 59 939
19 50 1116
34 76 4945
33 61 3967
4 24 2978
24 68 4091
20 22 3196
14 63 2311
34 38 2566
33 39 3827
4 60 76
28 66 899
53 66 4942
34 72 1761
5 34 3335
50 73 1318
41 51 116
5 58 1025
1 36 3815
26 54 679
14 53 496
16 45 4838
19 53 1434
24 27 292
29 50 964
53 76 246
33 76 3856
35 39 3613
54 60 1813
35 59 1104
18 19 2506
23 55 1193
31 46 1401
37 39 2138
12 34 1764
43 54 2376
42 56 3903
2 55 2543
12 33 1280
28 62 3970
14 58 4094
27 71 4351
6 15 1450
10 57 1107
25 33 3556
15 49 2170
24 75 362
9 22 2731
30 40 4772
5 46 2682
45 54 2147
55 61 911
16 36 1433
5 65 1118
21 31 4635
17 57 2378
72 75 1096
13 62 1149
30 73 4299
40 62 2382
7 73 236
19 36 677
1 67 1496
50 64 1809
20 55 4426
20 66 2653
26 76 4645
12 18 3863
9 36 1026
13 52 4926
7 65 3175
35 38 3094
12 58 854
61 73 531
46 76 1755
2 44 2485
23 47 1745
65 71 4818
56 59 3586
41 69 1983
59 62 4610
43 53 1656
13 76 234
29 73 185
17 68 3804
13 58 4145
5 19 1895
1 62 344
37 59 2672
23 25 955
30 34 1815
8 65 2594
12 19 2719
35 66 2289
11 17 4331
14 74 2729
11 52 1244
33 56 123
15 66 1166
32 55 4177
43 45 2823
12 64 3012
12 69 456
39 41 1773
17 20 4164
8 76 517
45 60 2460
51 58 3355
20 37 4035
3 58 3545
46 65 214
29 47 4515
31 66 2052
31 52 2479
18 54 1942
51 68 887
37 38 2615
37 52 3107
34 56 2008
28 37 3230
3 56 4656
39 48 245
46 72 4803
40 57 3121
22 38 793
24 66 1967
14 60 586
31 32 4414
26 37 3631
25 62 82
27 70 957
13 35 2623
11 25 3651
41 68 3243
23 32 4898
46 48 3905
51 53 4211
25 32 587
30 75 4725
3 39 4640
4 11 794
3 19 121
12 54 1580
34 54 2957
14 38 1884
25 34 2870
25 53 2434
11 66 4984
22 40 4513
19 54 4848
2 66 4963
36 53 4913
35 70 2570
39 60 1444
59 68 751
12 65 1522
51 61 3379
45 52 439
21 54 3358
53 56 3776
46 70 596
18 57 4636
45 63 2662
21 57 1643
53 61 37
9 58 3917
40 51 2760
5 25 291
14 29 3044
26 40 2485
11 26 2551
23 31 3839
32 69 52
30 57 3333
38 72 952
2 63 2022
12 75 4273
29 75 2026
25 28 3552
60 73 4709
34 48 532
3 69 2668
41 63 867
43 46 2983
7 50 1789
6 53 2708
64 66 4053
13 56 2743
7 67 4497
11 60 403
23 57 4287
1 43 1026
49 58 750
13 51 1823
54 67 2028
18 34 1824
37 73 4009
28 45 3079
56 75 3818
19 76 1603
38 71 4659
12 31 2934
19 27 222
10 35 2900
52 55 4414
17 75 4324
56 57 1339
48 59 2187
63 68 4305
55 67 3112
33 72 1087
15 52 4540
8 48 4675
20 60 589
37 64 2821
12 35 2195
9 39 3272
26 55 1032
1 69 4942
9 29 1558
64 74 2020
52 68 2763
64 75 550
11 36 533
16 63 3072
9 17 3364
47 53 3135
41 48 4825
10 11 2958
55 56 3294
74 76 2012
15 44 2238
29 35 2599
42 48 1568
10 62 3974
32 72 297
45 62 2617
49 68 805
3 16 499
22 28 1054
10 24 2573
4 33 1901
21 60 4530
32 36 3593
20 47 4363
2 61 850
27 29 1435
48 50 664
39 76 3734
22 76 2900
2 53 1378
26 33 4200
56 68 2630
46 57 3222
28 46 2305
16 56 3317
62 76 1252
25 72 2742
8 33 398
7 47 2507
34 50 4703
17 64 1827
14 43 705
11 42 1402
29 39 1068
6 36 3364
36 49 2587
47 54 4516
21 27 2722
19 64 2099
45 53 1965
35 51 4923
6 55 1424
39 40 1016
34 58 1663
5 59 2653
11 68 4570
19 73 2763
15 56 4412
1 68 4077
12 49 2393
4 52 695
26 57 781
5 37 2382
22 72 3089
16 46 4021
20 74 3905
4 12 3365
35 71 2735
45 57 2233
0 56 4348
16 57 4899
1 41 3894
43 74 2002
55 57 3901
28 58 3608
55 69 101
23 48 1720
38 56 1216
72 74 4098
43 44 4876
29 40 1771
29 63 2270
2 9 4302
52 53 2087
0 53 3904
10 74 2974
3 9 1117
13 30 1381
14 62 1595
41 50 3031
20 68 3576
3 5 2474
4 57 277
46 69 3940
23 28 4418
10 76 232
14 44 433
9 24 1898
22 29 1735
42 74 800
37 74 4967
14 67 1568
20 69 3199
4 42 3241
5 64 1087
14 40 3087
4 19 3749
70 76 741
14 72 3333
8 54 3553
66 75 2922
26 72 82
30 58 3205
12 15 4839
26 62 3322
28 56 645
0 63 2171
45 74 4854
40 41 2560
10 69 1194
52 74 4790
15 50 286
7 68 1304
33 65 1768
19 44 2691
17 25 4523
23 67 1450
25 46 1404
9 14 3392
16 43 304
4 59 2986
15 18 1731
3 38 3613
19 24 718
39 44 3885
42 44 3085
19 65 2922
34 55 3849
27 55 3518
16 30 298
17 32 3166
2 51 4481
37 53 3277
27 35 2
3 66 1889
10 13 4035
36 51 690
7 64 709
17 46 2432
46 64 1903
4 65 2436
8 44 1210
19 32 667
3 36 1253
64 76 836
33 68 1111
13 53 4239
22 56 1564
64 73 1209
18 74 3246
25 57 40
22 35 1271
44 71 3125
33 64 1255
53 73 1340
5 28 1837
27 46 643
31 75 2176
9 70 3655
20 52 1792
5 17 1739
0 51 262
37 48 2267
36 56 1930
25 74 461
56 72 2330
25 60 2592
37 51 4116
19 47 1707
8 16 4086
10 20 707
28 54 4899
10 12 1310
36 71 892
12 36 3971
8 55 4420
22 58 505
58 61 900
25 61 2764
9 26 631
9 52 1189
44 74 4976
40 45 337
29 48 1825
24 73 746
14 48 1179
5 20 3357
6 29 4067
26 44 2211
0 69 3313
11 14 4291
9 76 4030
3 37 33
9 16 4529
9 42 3995
20 48 3003
7 42 159
52 70 185
41 60 1491
45 65 1652
3 13 1878
67 72 2099
13 19 2716
15 30 3736
17 55 1609
6 71 790
66 72 417
64 65 1300
2 48 4765
6 65 119
45 59 2479
23 43 3546
5 53 1322
57 70 1317
59 74 2367
8 18 2866
16 76 1766
3 33 718
9 59 2007
5 8 2005
50 62 2851
19 39 645
16 18 7
22 60 3467
18 37 2645
18 24 2876
4 70 1595
27 48 2170
58 71 1508
13 28 558
4 34 4518
5 30 2485
44 59 3263
37 69 3397
4 55 2878
35 46 2242
13 33 4032
49 74 2363
71 76 4485
24 41 283
43 50 4537
52 76 2604
1 49 3372
57 69 862
18 59 1784
39 43 3314
33 63 528
44 45 3965
42 61 3917
12 44 1452
23 50 995
61 75 3965
14 30 2963
15 22 3278
20 58 1042
27 37 1655
35 63 4133
42 60 4838
4 73 2028
13 20 246
4 26 3409
61 66 3086
3 34 1725
6 75 4288
40 64 1129
20 53 4009
60 64 976
31 60 4434
37 68 3767
59 61 3183
20 21 1008
53 70 3144
18 64 2381
36 47 1350
70 71 1130
17 54 799
22 41 3460
9 27 2155
54 69 2324
10 17 945
23 39 4685
47 74 2074
26 74 885
14 21 4513
60 61 3667
31 69 2508
21 69 1547
18 53 949
13 44 42
9 48 4851
24 43 4658
19 46 1672
1 34 3945
17 48 4274
32 35 892
48 55 2998
47 55 3358
7 9 982
0 60 2404
4 7 4044
69 71 1022
35 72 3463
10 22 4688
1 51 3232
8 28 856
63 75 4520
21 70 4533
24 38 2528
43 71 4667
1 53 3824
32 73 1928
39 57 1340
3 51 3603
48 51 426
23 27 3605
7 52 3830
44 47 174
30 71 4801
64 68 2427
56 60 4363
29 70 31
29 74 1820
4 28 243
35 54 1137
3 30 3639
12 38 3285
65 68 3101
21 24 2911
16 35 4335
3 73 2227
48 71 670
0 61 2409
53 69 3089
49 56 1154
29 30 732
24 60 3960
31 73 1576
53 58 3339
12 56 3417
10 15 2290
20 61 4722
64 70 3379
0 46 4817
34 39 4451
27 28 3270
5 45 3616
47 52 3598
10 27 2713
2 54 1377
7 69 2428
0 49 1885
29 53 4488
10 53 4644
13 24 4290
35 57 3670
9 62 190
44 68 4047
30 49 4109
8 67 533
48 64 65
18 44 528
1 73 439
50 53 3472
32 66 3872
9 32 3703
29 55 1176
9 67 184
8 10 2008
32 47 1002
68 70 493
15 57 4497
37 66 3392
48 73 3654
48 56 4497
24 25 1666
51 70 3964
17 47 4954
4 38 3067
5 63 2227
36 58 4381
35 41 3482
46 67 4950
15 21 877
26 31 4975
1 60 4563
17 22 3914
3 76 621
29 38 1308
42 66 3528
38 53 3857
30 74 97
13 37 598
21 59 1323
17 44 608
3 10 2936
8 63 3082
46 63 500
16 50 4671
56 73 339
1 46 1212
57 73 1736
16 42 2571
24 37 2704
49 70 4055
20 54 4197
30 62 1635
20 24 1497
47 75 4116
14 37 2290
13 57 3724
27 40 1352
28 74 2535
11 35 4707
20 44 3721
54 73 4739
7 18 2908
1 9 1298
61 65 4920
22 43 1684
25 55 3225
34 40 1808
40 67 1603
33 34 309
40 60 1355
15 26 746
23 26 3530
29 65 392
4 74 4546
52 59 1548
22 25 2630
22 51 2720
2 70 3248
16 29 1367
6 58 3880
39 46 14
5 42 2019
41 53 3476
12 66 4810
9 34 263
3 61 2534
2 32 4010
8 13 818
34 67 431
42 49 4879
19 33 2163
67 73 2212
12 72 1821
68 76 3187
13 34 425
10 64 565
29 60 4177
3 59 3122
45 67 2020
27 63 524
38 59 4764
10 55 479
53 57 496
13 74 1524
17 72 2605
8 71 3849
1 22 2735
23 44 3105
24 58 3617
38 50 1394
13 46 3309
29 49 3182
16 21 1100
8 29 176
7 8 2745
41 47 740
11 55 4391
71 74 115
1 19 2825
18 56 4065
17 21 3169
1 71 4218
43 63 209
9 73 2943
56 67 4066
6 61 2448
26 68 2996
27 76 4025
28 72 1788
3 6 4342
30 38 961
16 22 4356
33 44 1548
22 37 4161
6 57 3910
41 54 3462
21 64 4153
2 67 3199
27 45 592
30 61 2412
34 62 3963
35 68 4224
44 54 3211
35 45 2963
50 75 2780
33 71 3351
4 43 251
14 71 3786
8 41 4065
15 34 4038
20 40 1995
2 29 3531
14 33 3470
9 23 2415
38 67 2406
43 72 2113
1 35 915
18 58 168
43 61 1944
56 65 2077
8 47 1378
29 33 3827
25 71 646
28 41 2056
20 25 4851
7 15 980
42 73 4875
16 25 1657
5 48 3734
23 41 2748
73 76 4577
55 63 3121
30 63 4096
22 48 1882
52 73 3515
13 29 4589
14 17 3708
28 40 3720
27 66 2649
47 68 2406
9 57 1839
45 71 4223
65 73 2249
5 52 3946
67 69 2416
49 73 2562
59 75 4232
18 35 97
21 74 1166
7 38 727
18 29 4928
31 38 545
17 52 4688
22 74 1270
3 27 2298
6 46 3040
61 67 4663
9 69 2432
9 10 4601
45 70 1117
20 45 4445
23 74 2428
41 65 3758
8 70 3624
16 68 1364
26 47 993
31 61 4358
16 73 3999
51 72 1309
39 56 505
1 63 2597
1 40 2291
13 42 3449
27 61 3701
22 63 3923
5 39 4005
21 73 3217
7 48 3489
5 38 3520
28 31 1498
40 59 4826
21 32 4132
12 43 4805
12 39 3939
48 65 3054
11 34 1427
42 75 700
49 54 263
3 46 2282
10 67 3994
11 27 2943
54 74 3556
18 49 1059
50 55 479
27 60 1742
54 66 232
23 37 1364
14 65 1184
43 56 1684
14 18 1913
0 40 4798
25 54 1601
17 69 4820
21 47 4103
38 68 3168
36 66 3050
4 45 547
47 65 3106
1 25 3038
2 8 2186
6 35 1741
39 72 1621
8 45 561
18 41 1637
6 37 2363
10 40 3111
34 66 366
63 70 4733
42 45 1679
37 42 4268
14 35 1607
26 51 1882
49 69 2526
51 67 1042
46 50 4675
7 13 4804
0 62 1455
30 50 425
58 69 791
4 76 4879
53 62 2334
38 44 4789
30 56 2724
40 56 2073
15 71 1427
1 32 2395
50 68 1619
47 69 1070
54 76 3771
17 37 4897
27 75 57
22 46 3315
20 62 1932
49 64 4294
1 59 4165
21 75 988
5 10 1459
10 56 1170
12 73 2129
55 60 4934
2 76 2628
32 57 4038
9 51 1371
44 56 373
21 46 2416
62 67 2744
17 73 478
44 72 2256
53 59 2542
16 55 1902
37 60 846
19 49 2988
2 69 1418
34 46 1675
15 67 4855
7 63 2836
61 74 3968
51 64 1339
7 71 1290
6 30 3343
10 70 3708
11 62 2324
43 48 1042
25 51 3858
64 69 246
6 39 2771
40 47 3957
70 75 1178
16 28 4268
25 65 2013
17 45 642
10 36 2338
46 56 131
7 49 85
31 42 721
21 39 2992
22 70 4884
3 23 1279
7 40 2124
31 63 1564
28 63 2428
50 76 1712
4 18 4076
4 10 2194
4 67 719
27 62 4006
44 48 816
41 64 2561
5 21 4670
48 67 4077
15 72 1472
56 66 162
17 70 3646
16 52 4090
38 42 1673
33 66 4583
44 75 4654
56 71 4742
25 38 208
55 62 2375
39 71 1990
44 69 1994
19 31 3971
40 70 837
62 72 1544
23 56 3575
36 69 4
24 59 1340
59 70 1620
27 59 3672
55 76 969
36 70 2157
3 68 36
30 51 1911
56 61 682
10 42 3983
17 24 1869
30 68 4530
19 57 3461
59 64 1904
44 62 4336
58 70 3359
32 34 265
12 29 1872
42 70 4660
40 43 3312
18 60 454
35 75 923
15 58 1232
32 38 3669
2 26 1894
25 27 4096
6 26 2239
15 33 1692
36 57 844
6 27 67
49 72 759
41 42 3015
22 42 267
0 68 251
8 20 4240
33 58 3203
23 45 1129
66 68 971
54 55 797
65 76 2856
16 69 1575
16 20 3628
28 69 2407
30 39 2476
19 43 3399
7 56 2096
0 67 4631
32 68 1234
1 13 3017
15 68 3307
13 22 1429
23 34 3450
4 56 1947
29 31 2369
16 24 1442
0 55 4673
9 45 3184
28 68 2453
48 49 933
6 24 873
11 38 4381
9 64 285
10 66 4517
45 46 3703
29 34 3097
28 49 1124
26 53 1364
26 64 1024
56 69 543
58 74 1898
31 39 2529
15 76 1127
28 34 3300
52 62 2806
33 42 2289
19 66 4927
25 35 413
56 62 3776
50 74 1895
3 53 4891
40 42 447
31 37 3771
50 72 3179
49 71 4209
29 68 4921
43 70 1048
20 39 1046
58 68 2570
16 47 3330
23 71 3439
18 50 4868
39 65 2698
2 41 3078
22 50 1063
11 16 404
27 57 3407
29 51 4549
30 48 3907
56 70 4396
22 69 295
4 58 1365
1 8 2709
53 72 3126
39 50 2568
7 30 1316
21 44 1100
38 47 1566
8 53 1601
1 20 3671
20 27 1104
20 49 4306
65 67 4173
14 16 234
18 51 4047
36 40 430
4 40 859
6 44 29
18 52 2417
50 52 3661
9 72 4128
12 50 4379
40 69 2636
5 9 618
3 48 288
63 69 4983
9 28 3788
16 41 3425
30 36 1056
28 61 4754
29 43 2390
18 66 4393
50 54 1935
11 57 4507
1 30 3663
21 36 1438
28 43 3089
17 33 2637
7 11 419
50 51 2409
51 54 3519
35 56 1216
49 61 3531
25 66 4649
0 71 2731
5 69 1730
13 47 101
4 63 3891
37 70 197
3 25 852
59 72 3401
62 71 1463
32 46 264
2 22 3704
38 74 1776
23 53 2173
8 34 2082
13 63 867
8 32 3545
4 72 2878
54 70 2909
9 38 2104
9 65 284
15 29 3751
57 58 3268
9 54 2488
38 61 3315
13 61 1720
49 55 3838
16 49 1691
19 67 2798
22 36 2111
2 62 1896
19 22 2654
14 15 1105
44 61 342
21 56 4707
34 64 157
62 64 4899
5 18 3240
31 65 1477
30 44 3945
28 42 2939
21 34 1618
14 69 2086
13 49 686
42 63 4856
14 32 2192
19 38 2471
5 61 95
26 52 2917
57 63 741
4 69 4354
30 67 1904
30 41 3843
32 71 3586
62 73 2695
22 53 2297
12 25 1759
9 47 1810
60 69 4843
46 54 1146
45 64 3897
1 38 55
33 46 357
24 45 3080
0 13 1878
