57 5 1732
0 60 1904
2 1 1298
3 1 1644
4 1 4973
5 1 2642
6 2 4783
7 2 2084
8 6 1830
9 7 757
10 6 2674
11 10 4668
12 9 2062
13 6 3198
14 7 4530
15 14 3917
16 3 1141
17 2 2272
18 1 809
19 13 4899
20 7 3935
21 2 1751
22 10 4865
23 2 3083
24 18 3988
25 9 2325
26 25 3370
27 7 3680
28 17 4066
29 22 4199
30 29 2628
31 15 3060
32 5 2252
33 19 3506
34 32 1325
35 1 1533
36 10 3582
37 6 1819
38 17 3020
39 13 1477
40 12 2753
41 2 3698
42 28 2167
43 37 37
44 28 4412
45 35 2636
46 40 4190
47 37 2786
48 47 2993
49 25 3503
50 28 4450
51 14 3071
52 5 3646
53 9 1829
54 47 2702
55 51 1957
56 5 2409
57 32 2430
58 48 3540
59 8 1318
60 14 2130
61 49 3915
62 37 4677
21 37 517
21 42 2337
30 52 4374
9 40 1227
6 18 3361
6 11 4317
20 48 1790
21 62 4103
4 31 2069
16 34 410
15 39 3468
32 37 4799
56 57 3879
4 14 1332
16 46 4263
49 58 1975
43 44 3226
37 49 838
9 14 2015
22 31 1998
27 49 305
19 37 3628
50 51 3320
25 33 4719
33 41 2564
39 54 1173
45 48 3518
31 41 1071
20 38 4927
2 49 2688
34 46 1406
27 58 764
21 59 1412
6 35 1693
7 38 2843
15 23 4218
20 33 2114
43 53 1929
41 55 3458
18 62 1176
50 53 1327
31 36 234
25 57 4708
35 48 1036
20 49 5000
36 45 1815
21 56 2092
12 37 2303
23 42 1877
3 9 1299
13 42 3567
42 58 342
12 19 3081
30 45 3284
10 46 2812
42 55 217
16 28 2141
1 57 474
18 49 3996
24 53 3117
16 24 2657
13 34 3550
26 61 1010
10 42 4178
15 30 1808
19 30 1514
15 22 2559
18 28 2910
21 60 2281
28 49 240
45 51 1031
45 46 155
22 54 460
5 26 997
20 36 2029
3 8 2793
3 37 4717
34 47 1238
12 52 1125
41 51 4768
15 47 2754
57 59 3395
28 46 3109
6 24 4834
5 8 4076
6 39 1706
8 46 1117
10 20 2625
34 60 2625
43 47 1657
24 48 3374
1 52 4557
44 52 3251
3 11 1665
5 29 1589
34 50 177
6 44 520
38 62 2745
19 53 1249
1 53 3182
15 58 4636
29 62 252
5 54 4542
4 36 4787
7 18 2345
3 49 2501
22 42 1210
2 16 949
15 21 836
12 14 2052
35 60 4998
13 15 1962
5 11 2328
12 43 4305
41 57 4292
9 44 2954
22 36 817
5 55 2416
53 59 2910
33 60 3826
25 59 552
39 45 1827
2 42 3851
16 52 4564
9 17 3610
17 61 4836
6 58 505
19 54 233
10 43 2374
49 57 1930
6 19 3459
24 62 2590
20 25 4552
29 34 1891
25 31 2582
52 56 1097
26 60 4411
13 41 3434
4 43 2202
26 53 1328
47 51 1658
54 58 876
41 53 1923
20 37 1876
35 52 1895
20 40 3824
14 27 2345
33 45 2094
55 56 1858
43 46 3398
51 58 1618
26 50 4182
3 50 4116
35 41 3974
42 46 994
14 35 2926
25 29 1645
24 36 3203
2 33 3372
9 46 3364
25 41 4707
26 39 2509
4 56 624
40 50 4075
14 57 784
30 56 1920
21 46 1169
23 58 4952
6 40 3571
10 30 818
9 49 388
35 47 4478
21 35 1640
5 60 1068
44 60 2700
50 60 3543
10 32 4386
26 62 3499
30 47 1537
13 51 1590
34 39 136
37 52 1145
25 36 3174
3 19 2511
28 37 2795
33 38 1525
22 40 445
37 57 3038
51 56 381
27 48 1892
14 40 2388
2 30 1557
8 49 1690
14 36 1150
13 61 4209
12 61 1040
27 37 1920
14 41 3887
34 48 1034
11 31 2221
3 36 4561
36 42 127
55 60 1039
2 60 501
32 52 829
21 50 4478
29 54 1979
3 33 3776
33 44 2998
8 24 4138
2 15 1246
15 19 4209
49 50 3272
3 44 4304
45 60 1250
4 32 3146
33 37 372
17 19 3832
10 21 3190
3 56 2230
44 58 3793
10 48 32
15 42 1403
45 50 2390
42 50 719
31 54 3356
2 27 1026
9 18 43
2 46 4768
5 58 644
34 37 4734
3 15 4467
19 51 2324
14 22 1575
23 24 1853
42 60 2835
4 30 501
5 18 2225
52 62 2736
19 36 1064
22 51 1022
19 52 4010
9 31 4477
11 18 1557
11 52 2369
2 52 4968
19 42 3925
9 16 1611
19 46 1197
45 47 1239
32 62 4627
31 45 1768
13 22 2730
38 48 4297
38 58 457
6 12 617
21 30 173
42 57 43
3 46 694
25 56 1130
25 46 1799
20 30 4801
19 47 4744
9 51 79
19 41 1572
29 31 3627
27 60 3869
1 24 277
9 39 1211
3 43 3579
10 25 797
34 62 2083
4 28 2544
44 48 2723
2 62 460
8 51 2758
13 29 3459
4 41 20
57 58 661
8 44 2866
12 49 4728
24 41 3942
25 55 236
10 59 2845
6 60 285
32 38 3306
5 10 93
31 40 3258
6 17 1872
16 18 2592
37 55 4320
32 54 325
17 25 1307
6 34 1729
51 60 2028
6 61 440
54 60 4987
48 60 2401
22 53 2774
30 41 613
39 62 3403
48 61 966
17 45 3505
15 25 2635
36 60 3184
11 22 4478
10 38 1889
15 34 2419
7 54 152
23 40 1455
40 54 2169
0 59 3726
23 53 3422
19 23 2280
38 49 941
40 48 542
1 49 220
17 27 2506
20 34 1761
23 62 2606
7 21 3196
9 62 3746
25 50 4886
6 23 4050
21 36 4906
35 44 2151
50 57 4778
20 42 4108
21 58 4666
10 58 1142
30 35 3555
41 49 2983
46 50 854
23 33 3473
27 34 4431
32 33 3830
4 45 3331
4 38 1502
49 55 2948
40 43 3474
7 17 786
58 62 604
24 60 2499
7 45 1834
24 27 4934
14 25 1269
28 38 1681
8 50 266
22 25 2635
26 31 3377
24 34 3808
4 59 3404
9 36 3706
5 14 4092
25 60 2157
11 23 2296
2 58 2635
31 33 3208
13 47 3379
49 51 84
6 22 2834
34 57 4736
35 53 4151
48 56 2169
45 56 3907
16 19 4576
21 24 1945
7 58 3139
23 49 4195
37 56 1588
26 29 2631
10 41 4714
42 49 1486
5 35 1042
22 62 774
14 55 4498
42 44 4275
59 60 4991
32 40 1636
16 17 2998
2 11 2385
26 33 508
23 29 3256
4 18 831
4 8 3044
56 59 942
57 62 612
1 40 3119
5 9 1510
1 25 2527
16 35 1235
13 49 3243
31 55 2149
40 47 3651
21 41 2753
36 41 3598
19 20 3631
47 57 273
31 51 2266
22 58 4580
27 55 2175
26 45 3228
36 52 266
1 44 489
18 39 3125
5 46 4574
28 54 3125
49 52 409
9 55 615
21 29 4311
14 16 2179
3 45 947
8 38 1208
3 31 2678
14 31 4175
35 38 4679
23 52 2073
8 25 1430
5 34 4678
9 38 432
16 55 4140
38 44 2436
18 37 4351
10 39 3012
21 40 3182
8 37 2931
41 48 1922
27 32 1614
10 55 1065
47 52 2238
14 52 3622
47 53 128
26 46 1327
2 32 4770
7 19 2019
10 52 561
35 58 2623
3 27 991
26 59 1057
12 20 4769
7 41 739
7 32 3832
3 7 925
16 25 1178
2 39 2598
19 22 4694
3 14 733
11 59 935
11 56 1787
15 50 4968
6 59 4731
14 24 4975
12 25 2622
12 28 2045
13 62 2917
52 58 3310
8 26 3271
2 3 2832
6 56 3520
27 46 3374
39 59 1142
17 43 3123
35 50 2750
19 35 3641
1 38 3814
52 60 2983
30 39 2119
34 44 4819
1 21 3168
43 57 1449
4 49 1231
9 29 1850
2 9 1807
39 61 3403
29 33 3434
28 56 125
32 56 490
28 51 291
23 41 744
22 39 2470
8 56 2212
11 50 4743
29 42 616
4 23 1944
2 55 1180
10 35 2908
11 26 3440
24 57 2578
31 42 2830
8 29 3755
16 60 1161
11 61 1804
5 51 2803
2 54 3532
54 55 4709
32 39 3291
5 17 675
4 44 1970
11 19 2794
6 32 185
15 48 4065
29 40 4308
19 25 929
18 21 1867
28 57 499
37 58 1896
32 61 4999
51 53 2612
2 4 4234
56 58 2102
9 33 4401
1 31 5
38 52 1120
29 48 4148
4 17 3478
23 56 1487
2 31 3908
17 32 3243
20 46 1434
10 12 1718
8 16 1173
33 53 2411
15 29 2938
53 60 4199
19 29 97
22 35 3467
4 61 132
23 37 2516
6 28 2679
17 33 4639
46 51 4789
23 39 738
13 43 3432
29 57 4810
4 6 1259
16 56 2582
30 57 4961
6 54 895
19 50 1159
14 42 2051
24 54 4032
16 62 4915
3 58 1150
30 31 468
33 52 4069
53 54 863
61 62 2719
1 60 2430
22 38 1553
22 28 2408
16 37 1732
47 58 407
25 47 3785
4 12 1075
25 32 1132
2 12 56
19 21 3596
25 43 3767
8 58 268
55 58 1259
37 54 3929
16 32 1048
37 42 655
36 56 279
9 43 4179
7 25 3914
16 31 3689
19 55 4065
4 37 2540
53 58 377
28 62 1398
17 52 3405
5 44 4414
29 49 2625
21 45 195
43 60 1575
36 53 4847
40 45 3352
8 62 3421
54 59 1974
27 56 775
24 61 836
46 49 2691
7 47 1654
22 23 1178
48 51 1253
21 38 1461
35 39 1988
3 32 4851
20 28 1476
5 23 2063
11 38 1971
17 39 79
43 45 4454
36 49 4696
7 52 650
10 53 686
37 41 4799
29 51 1120
24 40 516
36 58 4811
51 59 4969
37 38 365
12 51 3890
31 59 1029
3 21 2457
28 55 3956
12 60 1344
18 58 3081
26 41 2844
33 56 3713
24 25 2376
1 36 2472
2 18 1429
43 55 3673
51 52 4493
24 42 1950
12 26 1088
51 62 2332
30 60 4467
40 51 1424
25 48 4668
17 56 74
22 26 249
35 62 1271
18 42 1681
8 28 1209
17 53 1279
3 4 1444
11 24 2403
14 56 623
17 20 2562
41 54 1843
26 44 1124
36 46 3508
30 51 3207
14 47 1620
13 16 1263
20 59 151
11 43 965
29 44 1663
2 38 4252
5 30 1803
8 20 3820
19 32 4647
23 25 4236
3 23 234
8 34 1907
22 37 1092
4 10 2881
17 49 3254
23 31 988
37 60 3315
40 52 834
53 61 977
21 49 115
41 52 4972
38 60 4984
16 50 2603
31 53 2058
12 45 3134
16 58 1152
19 62 1257
15 52 446
8 35 4644
10 29 598
37 50 622
12 50 3452
4 19 4294
26 28 2044
10 13 160
12 23 2214
6 47 2670
23 55 1262
21 52 1573
37 39 1700
21 55 974
8 30 4642
48 53 2283
2 59 3785
34 52 743
1 20 4987
7 28 3215
47 62 1965
6 30 3886
22 56 4624
20 32 553
13 54 3765
54 57 4128
15 26 4173
22 43 1115
21 27 3674
14 33 4281
4 27 3330
38 43 1057
51 61 4440
34 42 2841
51 57 4751
22 48 2159
9 13 4759
30 44 4556
38 45 3075
15 45 596
13 50 1093
1 6 803
10 19 1620
6 43 4722
3 53 2897
44 53 3616
21 25 2961
37 51 328
25 53 835
11 40 1902
7 23 1350
9 57 2034
32 48 3890
15 35 1387
12 30 1010
5 59 19
22 52 3830
2 50 3261
35 55 193
6 53 106
1 32 2192
26 58 3330
27 62 414
16 29 4625
27 29 2769
20 60 3426
11 15 3391
30 38 730
31 39 4861
32 51 4182
40 56 814
9 11 4136
27 41 1599
42 43 1609
20 22 1131
26 54 3341
43 50 2166
1 59 2871
43 54 1892
24 51 3490
6 57 117
52 57 1890
19 28 3606
24 45 3297
4 47 4458
10 23 4344
9 61 1399
40 44 2405
27 38 1155
15 40 4222
2 26 4467
5 12 1744
8 23 4683
3 10 2430
32 35 2091
9 20 1200
48 55 3920
20 55 845
40 60 2593
14 29 558
16 57 3628
31 46 2164
18 43 2907
4 40 1051
26 27 1670
38 39 1010
21 28 4360
28 59 2167
7 36 4104
12 21 3015
5 7 1378
40 41 1944
27 28 291
4 53 4031
11 46 2937
5 39 2058
15 44 2718
11 44 4095
5 37 3388
8 53 1040
18 60 1894
15 17 2736
34 38 1209
22 27 682
4 58 2069
12 53 455
14 38 4924
22 60 2422
33 62 138
13 18 3441
45 57 1943
18 30 2623
13 45 3896
29 35 1352
12 31 3150
4 13 1669
19 43 912
55 61 3006
32 55 3566
6 46 686
22 46 1016
12 54 1916
8 36 3942
4 22 3001
16 38 3862
18 53 100
6 14 3007
9 30 169
47 55 1869
30 49 3744
26 32 1570
36 43 1400
5 47 428
7 56 1525
7 37 3353
4 35 3977
3 6 3405
14 21 4031
39 55 1399
25 42 3430
8 12 3985
24 28 3161
22 30 95
32 44 4324
23 44 1610
18 54 1081
4 54 4788
17 62 855
54 56 4855
4 21 1549
1 26 4610
2 44 4431
7 61 4174
41 60 221
21 23 4583
43 56 148
29 61 3689
7 46 1483
46 59 3100
7 31 353
19 48 1369
25 45 4918
60 62 1494
36 57 2410
30 61 3501
17 29 733
58 61 2918
16 54 1857
9 59 39
2 35 2018
39 46 4869
24 31 258
24 30 318
25 62 753
34 45 704
36 40 1674
20 31 362
46 57 4661
10 44 1017
20 26 3847
45 49 3770
12 35 1496
9 24 1896
29 46 2169
9 50 4969
38 57 635
18 32 2766
27 51 2811
20 21 326
1 41 3759
29 39 4922
0 58 1409
2 51 4293
40 59 1636
19 27 504
16 30 4495
14 53 1749
2 61 3884
29 56 1639
3 57 3167
3 17 719
2 53 4269
12 55 2448
16 49 4219
31 60 3712
57 60 3695
10 57 2897
18 25 4999
57 61 3337
12 27 1072
24 33 1815
31 52 4126
4 46 4330
22 47 672
5 50 468
30 33 1158
47 60 1117
1 16 3376
34 49 4677
18 19 4061
24 38 3289
15 54 2694
10 56 619
13 40 1983
19 31 4486
35 40 1906
5 61 856
32 53 4988
27 42 3295
41 43 2768
11 57 1997
21 44 2024
1 15 814
10 47 1321
20 47 2470
4 52 1766
4 5 2504
34 55 4608
4 33 4864
28 31 1649
18 36 1299
7 35 2191
13 30 1109
50 61 2050
7 62 3181
39 49 3402
43 62 2794
30 42 1938
27 54 1873
8 55 4236
1 19 3196
3 24 4096
15 51 1256
25 37 1862
49 53 3661
39 50 581
42 62 1337
15 41 4583
5 27 153
1 30 287
19 56 1708
4 11 4457
18 33 2655
27 40 2880
26 30 2373
30 58 1643
3 5 3237
15 33 1068
32 41 4109
5 40 4255
11 49 1270
15 53 2754
60 61 3614
15 27 1424
50 62 4559
6 38 3100
4 20 2989
13 17 2918
39 51 139
36 39 3168
29 60 4542
28 36 1368
17 40 2596
31 58 1684
25 30 1881
11 28 4413
19 57 1313
18 38 1096
43 51 1986
24 29 1668
2 37 3317
39 60 765
48 59 128
30 50 4466
25 52 844
9 42 1705
59 61 1139
3 30 4311
13 27 3938
8 32 3714
51 54 375
20 62 1473
28 58 1724
26 47 4261
35 49 2889
17 51 2190
35 61 560
18 44 195
12 39 2230
1 51 1250
10 40 3657
1 47 3162
12 29 3353
9 21 346
56 62 803
4 62 3403
8 52 3162
29 53 4028
27 47 4794
8 10 695
34 61 4932
12 34 2124
2 29 1749
14 48 3290
19 38 340
26 51 3133
8 43 959
18 22 1632
27 61 1747
9 54 3256
13 23 1044
11 13 3172
17 47 1954
50 58 2023
26 42 3550
10 60 678
20 61 2759
7 50 2166
20 58 3753
10 45 2240
7 42 799
7 13 3475
18 26 1188
25 58 1957
5 16 4940
12 36 3117
6 9 788
35 36 1208
2 48 3307
18 61 1720
45 53 1300
4 50 2921
1 22 1749
10 49 2850
47 56 197
47 50 4123
13 37 4374
30 54 3422
33 54 4193
9 56 4839
14 18 1987
56 60 4442
27 36 884
14 37 1306
18 46 1576
38 50 4647
41 59 591
22 32 4746
43 61 2937
3 41 1750
22 55 4050
20 51 2084
10 37 3629
14 58 4670
35 56 1523
10 16 264
11 21 2823
14 43 4918
11 25 808
28 30 1935
31 48 1470
34 36 3783
26 34 3857
14 49 2028
53 62 119
11 32 688
29 32 2844
23 48 2895
29 52 581
18 41 1121
1 9 2534
29 38 2909
35 43 3155
46 62 3473
1 28 4373
42 48 3161
28 33 105
15 60 2296
32 50 1766
42 47 2275
9 34 3746
11 14 2223
6 51 378
28 39 3451
39 58 2835
55 57 473
38 41 3244
22 57 4997
30 59 3946
3 48 2454
46 60 4688
32 58 3740
13 46 3576
26 56 3424
20 54 2168
41 58 122
39 41 2166
15 62 3686
3 20 3951
12 18 4669
17 54 3069
14 23 4595
7 48 676
4 29 1163
27 43 646
3 28 2121
21 47 1396
7 55 158
30 34 4977
22 33 2276
21 26 2399
7 40 4591
12 13 4577
6 15 4425
6 48 1135
4 26 792
39 56 2789
16 39 4033
10 34 2611
3 35 4932
1 23 4376
40 53 1634
2 36 4760
5 57 4293
39 44 2158
7 22 2279
33 34 1285
45 52 1447
1 48 1022
21 39 3857
13 35 2526
47 61 4225
25 44 1833
4 42 380
32 43 1856
6 62 373
10 33 4028
48 62 4638
11 36 2620
1 10 980
16 40 16
5 31 3182
31 44 4253
46 47 4000
32 59 2706
5 6 4902
9 22 3383
7 16 2479
3 12 4811
11 27 2504
16 44 338
36 47 2880
3 42 3555
2 40 4070
18 40 1517
43 59 2884
7 43 2942
33 39 71
2 57 3700
5 33 553
24 32 2293
22 24 489
44 49 4427
31 47 4805
9 48 832
3 39 3860
14 44 3379
38 61 3745
18 23 3160
29 55 340
4 16 4382
3 54 2728
25 39 1352
41 44 4441
1 13 428
9 47 4544
1 17 113
21 32 4263
5 36 3021
21 61 214
33 40 560
43 52 3251
11 30 2664
9 35 1711
26 55 3848
21 54 3835
14 28 1288
38 54 726
35 42 4302
8 31 1951
6 36 930
26 52 2721
19 34 1932
4 55 1769
35 46 4775
8 41 2744
29 58 994
14 45 1085
36 51 4852
30 53 4290
52 54 558
1 54 3394
25 27 601
6 7 2982
4 25 4147
43 49 2918
45 61 4024
6 21 990
9 45 1057
18 35 3742
9 28 1991
11 53 3136
20 45 4542
52 53 1056
21 22 2076
1 50 3930
19 45 3891
23 43 806
21 34 1400
13 20 3609
26 40 3582
38 46 3035
38 56 107
10 54 1620
29 41 2622
7 57 705
3 25 3854
22 49 2824
15 18 3950
8 42 3384
32 49 3366
36 44 3828
7 53 2226
24 56 975
35 54 3742
6 55 410
1 8 2845
12 44 1445
9 60 1872
21 48 2190
46 61 1536
11 48 2028
20 57 2080
28 47 1699
39 53 335
20 50 1038
34 54 2166
6 52 164
17 31 2738
19 26 1677
39 52 4037
16 53 3863
27 52 3635
23 32 4944
19 24 3658
42 56 2748
17 55 2375
23 47 3628
30 37 4961
44 62 721
16 33 2061
9 15 4639
31 61 4692
2 22 3597
36 38 1933
11 16 2131
8 54 4449
21 53 1134
2 19 1375
34 53 433
9 23 1181
25 35 1363
34 41 2813
18 47 828
21 33 291
12 16 4168
6 16 51
8 18 4947
2 43 771
14 26 601
24 26 3252
27 31 4631
18 45 503
37 40 3572
47 59 631
44 56 2397
20 53 2949
7 59 4138
55 59 1403
28 43 655
19 40 4207
38 47 3848
50 59 3142
3 29 4284
23 36 2236
31 38 2275
14 59 1351
34 43 394
29 47 4505
45 62 2005
46 53 3159
13 55 3994
28 29 4114
36 55 3686
48 54 503
14 19 3493
22 34 1407
46 56 2948
29 36 4000
53 55 3180
24 59 3658
23 28 2189
44 54 4545
7 39 4765
18 55 1646
33 51 1528
23 34 4030
22 41 1791
19 61 3479
19 44 2034
5 20 4223
17 48 2955
36 37 4268
20 35 1673
33 43 275
39 48 2629
18 31 3017
1 27 1844
11 12 2754
15 36 1703
17 46 2026
18 48 169
13 58 1246
44 47 2069
7 12 16
5 15 1402
37 53 1995
45 55 1820
41 42 2821
25 51 1025
16 41 3233
12 46 857
8 15 4945
27 30 741
24 46 892
10 50 4506
22 50 2088
7 30 3118
8 13 3591
29 59 3787
11 51 4060
2 47 4106
40 49 1398
24 47 786
40 42 1962
12 56 1163
3 52 2691
18 29 394
30 36 4739
17 24 2834
5 25 3417
20 43 4876
40 57 4734
17 34 4505
31 56 468
16 22 1229
46 55 560
37 48 1778
1 46 1667
9 19 4482
18 52 3895
44 46 2182
10 27 4702
28 40 2901
6 41 3464
23 38 495
38 53 19
14 62 692
8 33 2628
17 50 3553
7 8 4918
20 52 1561
31 34 2298
33 59 2570
34 56 2971
33 61 3293
8 57 901
28 52 726
11 45 946
35 37 1812
17 21 4611
28 35 4656
33 36 3246
24 43 4514
30 55 4721
40 55 3415
3 62 1393
3 38 2927
13 24 66
31 57 1310
8 39 3418
12 32 775
26 36 775
2 8 550
5 19 1527
17 22 273
12 57 3896
36 62 3971
49 60 3660
3 26 4090
3 55 472
20 39 3683
11 42 3636
28 60 4982
37 61 123
3 13 747
28 53 983
16 36 2119
52 55 188
33 35 4538
10 61 1448
16 27 3582
26 37 3437
11 55 101
18 27 2315
27 45 4056
12 47 4880
25 54 4833
58 60 2322
37 44 566
3 40 4452
9 52 2944
23 61 2146
21 31 1596
26 49 2329
36 61 1799
17 58 2518
15 32 489
54 61 1200
23 26 1473
49 54 890
13 53 4301
8 9 3865
42 51 1102
41 56 2027
17 57 4982
7 11 3167
56 61 2246
13 59 931
15 20 2777
14 34 4860
15 24 2253
24 50 3880
30 48 2352
12 42 3638
4 39 3611
15 55 1052
12 38 985
23 30 186
1 37 997
34 40 3866
48 52 1258
28 41 2333
27 50 242
33 47 4013
4 34 1741
18 59 3553
17 36 1030
30 40 1549
13 56 525
6 29 4631
17 44 2408
4 9 1510
36 59 2735
33 55 4106
16 26 2377
9 41 3578
7 33 1310
12 62 21
17 35 1408
41 45 1693
2 56 2050
2 45 1667
2 14 2149
4 7 3018
6 20 1615
30 46 2786
42 54 1133
8 27 3915
20 24 3388
48 57 3221
16 61 4297
17 41 4488
11 60 1387
30 43 574
17 42 3399
24 39 435
30 32 1110
1 61 4034
28 61 2547
59 62 4496
19 59 40
4 57 3106
48 50 3071
5 48 2307
13 28 1389
39 57 2685
8 17 1851
5 28 3803
44 45 1848
39 47 3565
7 60 4003
47 49 261
16 59 4947
1 45 1628
25 28 740
18 57 849
39 40 1362
13 57 712
16 23 3893
9 26 2364
7 44 4781
23 60 2923
11 41 1001
15 61 878
1 58 2953
14 20 4407
12 33 1620
17 26 2903
20 27 2109
14 61 1571
8 21 1284
20 56 2690
2 13 2890
37 59 2953
28 34 123
6 25 1314
1 29 834
50 54 4675
7 15 101
12 59 1180
29 45 4109
53 57 3248
24 49 1103
44 55 60
8 60 493
11 47 363
0 61 2553
22 59 4747
17 30 1041
54 62 1603
41 62 1258
16 45 4874
8 45 1766
13 21 980
11 39 4527
31 37 4789
9 32 1205
33 57 2099
12 17 3456
15 16 472
31 43 1011
2 28 1342
4 51 1148
24 52 800
24 44 933
32 42 3917
1 34 894
3 51 2658
18 51 4362
6 49 2275
1 62 2510
6 27 965
15 43 2273
50 52 2343
10 18 2130
33 46 2818
33 49 4721
14 30 1990
19 58 262
28 32 233
38 59 3025
10 17 3265
15 59 155
27 57 1526
4 15 3627
33 48 2462
18 50 387
46 54 289
11 20 1409
8 14 2496
13 60 1046
22 61 4059
42 45 607
17 18 79
10 28 4952
28 48 1942
36 50 4095
7 29 4616
42 52 2824
52 59 328
35 59 2934
27 44 3718
11 33 1446
23 51 1465
15 57 3527
38 40 3229
1 42 4454
23 35 1486
5 43 2770
2 5 3280
8 22 1708
17 23 1864
1 39 3467
13 31 2918
10 15 677
7 51 3610
25 40 2775
14 54 2607
11 37 2112
16 51 3469
13 44 2516
15 37 3757
14 39 3835
11 58 822
26 48 3377
44 51 2860
40 61 3569
2 24 725
29 50 4956
38 42 581
36 48 1760
5 45 2193
10 51 3761
30 62 3335
31 49 1053
31 50 986
35 57 2129
8 48 229
6 50 3176
6 31 1176
6 26 838
2 10 3267
0 62 4417
28 45 2110
4 48 1788
34 58 4280
13 52 387
25 34 2307
1 43 132
1 7 3465
7 24 4650
2 20 4103
29 43 552
17 37 2047
13 36 1453
23 57 93
17 59 1726
7 10 4154
12 15 3919
32 46 246
25 38 943
11 29 2774
5 24 1017
9 37 1311
21 51 119
0 32 3494
