70 28 430
0 76 2059
2 1 899
3 1 3792
4 2 1556
5 3 4844
6 2 4435
7 6 1590
8 4 2763
9 3 2026
10 6 689
11 6 1967
12 11 3316
13 10 2342
14 8 472
15 3 4057
16 5 1661
17 13 2627
18 17 3768
19 12 4231
20 2 2500
21 13 647
22 21 4937
23 15 3338
24 2 4638
25 10 4575
26 11 3718
27 20 650
28 24 3057
29 13 898
30 12 4241
31 2 3504
32 23 1960
33 5 1110
34 33 1360
35 14 1077
36 16 637
37 30 155
38 9 2072
39 22 2618
40 11 3284
41 16 1435
42 11 3358
43 36 2489
44 28 3956
45 19 2493
46 21 2692
47 7 4141
48 17 1545
49 27 4841
50 21 4786
51 23 3197
52 15 3258
53 5 3014
54 39 1286
55 10 2408
56 41 3597
57 45 645
58 26 1210
59 32 4987
60 35 2780
61 43 880
62 61 3046
63 2 1808
64 41 4070
65 52 1138
66 50 3552
67 4 3472
68 52 1674
69 23 3206
70 51 298
71 5 4107
72 60 288
73 36 335
74 48 2034
75 45 390
76 68 3178
77 26 312
78 3 519
79 9 3147
80 42 4096
81 0 4972
82 32 4924
83 6 17
84 28 2050
85 51 4111
86 42 1864
87 41 3795
88 66 769
89 0 66
90 32 3517
91 72 3035
92 51 1024
93 63 3281
94 56 1013
95 65 18
96 86 4464
97 43 1201
98 49 1628
18 48 1995
44 52 3064
25 53 1277
18 75 4155
9 59 3143
40 93 3858
55 82 4608
51 66 55
43 72 4581
8 40 3957
12 84 860
59 68 3762
55 73 1478
26 87 4779
22 95 2347
36 91 3433
28 72 1005
13 81 4819
9 85 1220
42 50 4285
25 70 53
45 84 2212
20 71 3001
24 74 2532
54 58 2869
51 84 4091
3 36 2464
6 66 3217
39 64 2706
76 85 1229
59 61 1855
49 81 2751
83 84 194
20 46 3030
63 98 4258
57 82 3944
15 76 4063
3 27 4797
39 49 3103
39 44 570
25 82 2596
47 59 1008
90 95 4951
23 24 2745
74 81 4385
6 75 3246
5 73 1436
7 58 2024
40 61 3201
49 50 4096
9 87 4620
58 78 3143
72 79 1816
57 96 3633
4 49 4899
32 64 3997
37 96 487
34 92 4113
10 21 2490
40 66 1632
39 97 492
35 46 161
77 91 4193
45 89 2725
38 46 4263
39 78 2514
42 82 4634
17 30 1559
21 96 3738
6 44 239
67 84 4413
66 98 2467
23 93 2350
16 39 3441
31 78 3308
34 67 737
12 74 4421
20 44 4182
4 82 1612
49 60 3940
8 45 1959
6 37 22
54 70 2323
77 87 2384
43 74 2705
63 76 2379
72 92 2258
41 96 261
62 72 526
38 61 4386
62 89 1695
23 37 1523
19 71 3621
15 82 217
33 61 1823
64 68 457
24 98 1676
42 56 3743
25 83 2881
36 63 1238
40 74 3500
42 96 2985
45 62 4209
38 65 3703
5 75 2865
88 98 4942
21 73 3669
67 82 3766
5 47 3766
24 43 3879
11 55 1695
7 85 644
1 84 4932
8 87 2569
76 78 4789
24 48 3842
51 58 2839
52 59 3606
48 96 1071
30 74 3147
21 70 1559
65 97 3931
10 63 4381
23 78 3942
70 72 2374
86 91 51
11 44 3697
80 97 995
4 66 312
66 79 323
2 16 39
26 66 4601
58 77 2565
20 35 4934
8 11 2839
60 64 329
19 75 3982
74 90 4009
67 89 2796
1 49 948
38 43 3022
72 93 2036
23 45 1172
2 26 4129
11 48 199
3 69 3249
9 48 2795
75 96 3811
43 47 1013
45 88 207
23 79 128
33 76 1106
11 36 3925
21 59 712
12 57 2071
45 65 1547
64 74 747
49 83 3957
3 44 201
32 40 14
30 32 1431
62 94 2775
6 25 3106
36 66 723
65 84 4217
5 85 2811
3 51 1284
31 67 1408
24 60 2735
50 92 4107
7 44 3526
23 28 85
27 29 4556
45 81 2810
15 41 42
35 57 2712
35 45 2666
1 97 4049
47 89 2259
8 68 4323
4 11 2046
13 66 1422
70 90 1780
7 82 3557
11 90 3942
45 49 1756
62 97 2962
37 82 3194
95 96 1004
67 96 3859
7 68 1147
20 62 3110
28 49 4354
7 50 267
32 88 3242
7 62 3254
80 82 3774
14 36 1120
27 41 4291
17 72 4545
22 23 3755
21 84 3563
77 79 866
12 78 892
19 54 2377
24 95 3160
14 94 2188
6 42 3992
7 45 4983
20 52 1385
31 61 1918
7 88 3208
19 74 74
6 29 3274
71 75 2935
36 67 2623
12 55 1232
23 66 3913
37 47 2404
38 52 2593
3 64 2114
39 88 1926
33 81 2604
3 48 3536
77 78 2594
52 96 1868
1 70 4384
12 94 101
32 85 2356
29 30 4193
54 55 3294
54 98 4472
49 88 1639
26 72 509
28 93 2259
36 60 4446
39 96 4221
36 79 721
15 63 1336
28 81 4832
2 67 258
43 54 4950
7 78 539
4 29 3209
36 81 1630
8 32 1358
7 56 828
16 47 294
4 31 503
24 59 1978
38 70 199
10 81 1120
1 4 2137
29 86 2008
2 41 1223
12 83 2157
11 57 3973
79 81 4304
9 72 3978
64 90 770
10 91 2503
17 36 1025
28 88 4149
87 96 3553
15 77 1948
62 85 3317
14 23 4106
24 56 1641
37 41 3356
70 78 4802
31 94 4290
16 71 2070
48 90 1991
48 75 977
36 62 1296
34 81 2213
5 78 2056
42 70 1992
21 33 2652
3 43 4649
19 90 3560
26 54 3208
33 41 4748
25 90 2050
37 45 1068
27 94 2923
41 48 2599
7 13 518
37 73 3566
13 80 3851
47 62 4650
70 74 396
39 46 462
57 80 2148
27 82 391
29 87 2523
26 50 3717
5 83 3654
14 86 1827
73 83 1741
12 92 255
22 45 1308
17 73 4293
50 51 3918
32 73 3645
24 45 4429
37 84 2237
7 65 4155
55 67 3378
38 96 2948
29 78 308
3 95 1266
9 74 2505
12 14 1211
27 58 2541
17 32 457
15 72 1389
54 86 3187
58 93 23
29 55 502
60 95 758
7 29 2271
14 71 3562
4 27 3311
44 58 184
25 71 443
16 87 554
51 54 1817
72 89 3002
28 71 3274
8 59 2876
0 31 3854
