1 94 4192
0 92 4327
2 1 1326
3 1 3225
4 3 2562
5 3 1237
6 1 2566
7 5 4720
8 2 2832
9 4 362
10 7 852
11 4 633
12 4 2632
13 3 1048
14 3 1272
15 0 3666
16 12 2095
17 4 718
18 2 2360
19 4 1266
20 6 2760
21 18 3478
22 18 881
23 16 1797
24 6 1905
25 3 4035
26 23 2893
27 26 2634
28 19 7
29 23 2711
30 10 5
31 0 4470
32 19 3278
33 32 332
34 2 1510
35 27 678
36 22 58
37 13 4330
38 5 3181
39 12 4145
40 39 1806
41 21 65
42 37 2337
43 14 347
44 38 1912
45 9 2816
46 0 2087
47 43 2242
48 45 4277
49 9 601
50 23 1181
51 0 3865
52 9 3739
53 21 4558
54 35 2943
55 9 1544
56 21 2801
57 4 3859
58 10 4876
59 4 4418
60 21 1058
61 12 1305
62 54 1161
63 44 2044
64 30 2600
65 22 2137
66 64 863
67 7 4469
68 12 81
69 62 513
70 11 1625
71 25 4171
72 7 1143
73 15 3122
74 58 44
75 36 1825
76 19 157
77 40 4313
78 38 4895
79 2 387
80 10 3221
81 67 3585
82 44 2640
83 3 359
84 36 4570
85 46 4150
86 11 2005
87 18 2862
88 77 1948
89 43 326
90 13 924
91 48 1319
92 10 1173
93 22 1915
94 45 1615
95 87 735
31 94 3030
31 62 4066
68 81 1121
46 69 4170
56 78 4102
32 49 2030
58 88 1699
24 59 3093
53 89 1631
5 80 4200
25 73 4995
7 43 3413
44 75 1221
14 92 1166
50 52 1060
79 84 851
30 78 1964
37 87 2156
14 22 873
30 63 1544
30 74 4008
45 73 295
9 90 3382
70 81 1891
26 57 3671
47 49 2322
4 73 2826
30 77 2496
28 38 2586
9 29 3996
23 73 4653
39 73 202
19 44 2881
11 27 4553
16 25 4242
19 72 4503
20 32 556
72 95 3649
55 63 3361
15 65 1593
18 80 882
4 25 4295
48 66 3548
4 80 2754
14 78 791
4 49 2108
14 75 3377
24 81 3876
24 27 2998
3 19 4951
50 81 4108
44 57 4162
3 93 875
10 83 1808
38 62 3353
8 95 4138
2 3 377
67 75 2152
42 88 251
44 48 2720
20 26 4643
42 71 2891
42 63 1491
43 55 3328
18 88 2063
44 73 128
25 52 3536
15 92 3851
11 74 2742
29 76 3150
13 86 3788
28 34 2639
46 94 2464
35 50 3900
18 60 873
3 7 3421
77 91 3736
66 77 4210
11 23 3299
68 73 4481
34 50 4356
0 69 3873
43 87 4431
60 77 2111
48 68 1571
19 68 2292
64 81 4914
39 77 2883
41 45 4116
31 79 1305
39 42 4678
4 60 1754
69 90 2607
20 88 3442
27 88 2469
13 83 4744
69 70 1696
42 81 4694
7 58 1196
51 72 1590
65 78 4916
6 53 1372
1 64 4490
40 85 146
23 78 931
25 94 2591
10 70 1834
44 90 4473
54 60 2009
34 38 463
2 51 30
22 47 1939
36 56 4295
20 78 4625
5 88 1480
7 17 3526
33 95 882
68 95 1835
38 60 1985
64 76 3537
31 58 234
14 33 202
40 43 587
27 72 655
58 72 4438
7 83 2378
27 59 4543
37 81 2623
47 51 3045
8 68 4652
72 73 2703
2 13 3224
15 75 4604
1 7 4353
25 93 4056
20 25 4552
8 19 4163
37 38 2420
3 39 2286
20 38 2722
54 89 1290
14 19 4492
24 37 1940
23 82 687
68 89 60
53 56 2541
13 27 2336
75 90 4029
2 28 3691
5 94 2062
87 92 2104
7 90 10
30 92 3943
21 43 1309
43 79 1801
79 87 4353
0 61 4475
2 84 961
24 77 2032
1 92 4267
20 43 2029
36 49 1571
6 86 2807
6 40 1971
61 95 340
10 54 633
55 71 4752
11 83 1085
1 45 4257
17 42 1586
31 63 2982
40 87 616
1 29 534
5 60 21
66 81 1989
18 26 3723
60 95 2913
73 85 4001
8 51 1649
25 26 2563
3 11 2781
24 87 1306
60 61 1103
44 59 462
4 61 2260
17 95 1996
49 50 3537
33 51 1238
45 88 1516
4 64 4821
9 23 1138
38 68 3780
5 26 3024
47 58 3381
30 31 4836
31 52 3319
23 43 4555
35 89 2574
35 36 1531
22 38 2030
17 84 1361
34 69 4791
2 74 4556
24 78 3565
29 38 1364
17 87 4103
43 78 1471
30 52 2439
40 52 2660
49 69 4745
12 85 216
0 3 2678
8 30 4668
60 81 2071
12 95 190
11 55 3234
32 75 1508
33 66 2975
46 63 3971
8 15 2717
8 48 4098
32 56 2893
2 26 1201
37 82 929
0 22 3323
32 88 2907
78 85 2778
4 74 834
22 79 4483
33 62 2309
74 81 712
26 39 1289
9 51 3004
50 69 367
45 92 4223
66 84 3618
8 37 3724
41 42 3198
25 82 1046
29 69 4861
64 94 3389
28 92 4155
17 66 2636
78 87 2636
12 18 4720
47 92 4694
27 90 59
25 41 3985
18 65 1911
2 44 4090
39 46 4877
16 48 531
7 73 2054
28 94 1262
7 40 2327
20 46 2613
20 92 2741
32 81 4238
77 79 628
28 95 325
14 83 3188
57 73 4885
27 87 340
34 37 2242
67 84 896
34 48 576
30 48 3638
9 73 507
22 27 3579
72 81 2540
51 66 2017
32 55 2129
39 91 3624
6 44 2963
57 78 521
65 68 1891
17 45 2503
63 94 2551
5 19 4829
31 67 3323
42 66 1650
4 47 11
24 75 4055
39 55 1887
42 90 1084
1 66 4141
78 89 220
49 58 1205
3 58 1994
2 61 3031
21 25 2742
26 28 1888
85 87 1564
74 89 1692
29 34 1656
13 63 3608
51 74 1790
28 79 3199
29 30 4558
38 66 1894
24 56 4591
32 73 1633
9 24 1419
18 90 4146
21 61 1237
56 65 3582
45 65 1894
9 16 2316
56 84 3122
18 23 591
17 74 3867
11 94 1790
35 46 4034
25 56 2382
20 55 2970
0 48 3545
21 35 2347
9 64 3481
33 47 1600
18 25 524
46 95 2717
15 72 2535
31 34 110
39 67 1804
20 39 3289
43 91 2276
65 95 3518
4 36 1386
11 64 741
58 95 3929
15 47 1071
29 80 3492
63 68 3985
10 59 816
43 88 4915
39 57 1508
13 32 2512
35 74 2204
48 94 281
21 83 19
10 52 2782
19 69 2137
26 53 956
3 67 2058
10 38 2060
52 80 81
60 87 4513
57 95 1394
21 88 4029
2 62 1984
62 80 4550
14 70 1149
3 42 3507
62 94 554
14 15 1416
0 25 45
50 78 963
15 20 1562
30 38 1437
36 94 2347
29 89 129
37 75 4288
36 59 3712
47 85 4234
47 70 2782
56 83 69
31 95 3451
24 72 3271
49 56 3144
17 57 3170
4 82 4596
56 87 3597
79 88 2933
56 95 3999
30 80 4658
33 60 2338
10 68 4649
37 68 1138
40 57 4620
31 86 3555
81 85 2935
13 72 1594
90 91 2436
35 53 4774
16 86 4424
14 23 3629
6 37 1373
26 47 1886
47 60 1973
29 81 2222
15 83 1478
65 80 4556
46 72 3655
7 91 854
3 45 3407
21 34 2847
41 73 2455
15 66 1144
54 88 1795
67 88 4426
25 54 2951
24 70 3045
69 87 2490
28 30 2807
71 76 2922
81 82 2930
7 14 852
56 59 4608
21 62 119
8 44 1596
50 87 2928
4 58 4972
1 78 4460
78 90 4897
66 80 2151
16 31 1332
14 54 4421
44 47 2736
5 22 4386
24 95 3775
48 61 4807
70 94 1327
4 62 4124
28 42 4150
31 36 1797
24 83 2786
55 85 3846
35 71 2384
46 75 4432
47 76 4078
53 67 3849
13 21 140
21 73 3043
61 75 3969
64 91 4998
32 83 1110
8 66 4918
33 56 4493
3 82 3368
80 83 2050
11 58 924
53 64 3897
39 95 32
31 38 180
1 11 2967
19 29 2309
0 24 4412
11 73 2074
52 54 2018
1 47 4763
12 50 1899
40 66 2842
10 53 3272
58 75 3955
13 38 2269
37 43 4503
43 63 1386
48 70 1046
43 67 2703
24 55 1447
14 52 1169
40 89 2006
30 32 4379
43 92 3152
89 92 3628
50 71 2375
1 10 791
31 90 1911
27 66 153
16 65 3002
7 51 2475
56 63 1080
6 28 1547
39 44 1384
67 89 3935
0 28 4070
25 87 1150
33 53 3110
41 46 949
64 70 1163
26 58 3446
10 90 4229
40 48 258
11 61 1529
59 70 2828
1 34 2775
7 60 1435
88 94 509
7 36 3687
26 51 1192
2 75 3983
30 90 4267
46 82 893
53 84 4388
0 36 2518
31 54 1624
33 39 2259
3 80 3092
74 79 3830
13 28 53
9 19 3132
48 90 3394
8 42 148
65 91 2721
56 67 1147
50 82 359
3 90 489
67 94 4297
9 47 897
32 64 649
75 93 2519
19 85 2141
6 75 3159
66 76 2510
3 75 2889
3 55 2981
28 62 4188
0 95 2715
20 91 2364
27 63 1142
59 62 318
1 19 47
40 47 1597
77 85 1635
12 38 2103
32 90 4466
4 14 109
25 29 3976
10 15 4895
40 44 577
36 72 1827
4 77 2469
9 37 556
52 92 2115
52 84 2129
20 70 1397
17 41 2711
34 76 4302
15 21 4417
45 82 875
27 85 87
22 52 4353
61 86 2896
85 92 248
47 64 3819
57 84 3118
8 63 1169
42 73 924
27 49 4873
35 84 2173
35 83 1709
13 95 4504
16 64 4295
8 18 453
28 39 4398
16 95 1891
38 80 3482
15 70 3487
82 83 515
34 63 4842
43 46 4138
65 93 505
40 93 1284
16 34 1141
16 94 3434
7 85 2518
25 34 512
4 45 1046
73 90 3577
5 77 2792
43 69 1586
1 79 3773
50 67 4847
12 44 297
6 89 3156
33 57 1910
79 93 1872
65 67 2143
42 48 2569
41 81 2333
65 70 4611
63 86 2420
48 63 3979
1 65 2123
32 93 2732
12 46 4474
46 88 932
39 68 3879
31 74 3430
30 57 906
27 57 2484
69 93 4871
31 69 1791
32 72 3697
55 64 2327
60 73 2132
54 85 1011
45 71 313
13 25 3175
54 82 2867
48 87 2872
74 77 4413
61 76 2762
9 76 1047
12 51 1355
23 56 3468
19 31 2995
35 82 661
23 74 1739
19 90 1399
23 65 1090
2 32 4933
39 81 2110
74 85 4117
11 84 3643
51 85 1843
28 63 675
18 32 4232
81 94 994
32 51 4032
16 46 1221
40 45 3831
86 92 1957
54 87 2861
42 61 247
46 66 2272
41 67 4676
3 73 3428
38 63 3026
60 69 615
46 73 2367
32 66 704
6 85 171
13 94 2609
74 93 3499
47 91 3064
0 84 1464
20 22 4801
29 50 4487
18 27 2303
32 36 4867
34 53 4451
0 12 335
4 95 3627
28 45 884
36 95 1547
83 90 3221
4 68 2767
61 67 1037
59 95 1191
0 44 1751
37 92 3717
60 79 2397
49 63 4976
2 10 3461
40 61 4062
20 29 4655
28 73 4855
0 67 3311
27 70 3072
63 67 493
66 90 3431
15 69 2597
47 86 1039
62 73 4345
19 45 49
34 75 2022
69 84 4204
91 94 583
50 84 2088
59 71 2077
18 37 4730
65 85 4064
40 42 4517
73 80 3887
55 70 2436
14 56 4365
37 85 2109
3 79 1334
58 60 690
11 42 1789
1 81 2657
44 65 3434
42 43 3886
13 17 3345
20 60 2605
48 74 3583
14 29 4332
23 94 2137
14 47 2840
19 57 591
91 95 2523
28 68 2525
14 84 75
81 91 1020
13 84 2055
2 53 554
28 65 3403
20 77 527
24 32 738
35 56 470
8 36 1789
40 51 3640
9 21 1568
41 92 863
49 78 4553
3 68 1232
22 81 2757
0 16 428
11 18 2521
15 48 1859
34 45 4950
32 53 3603
56 62 1087
15 28 2844
4 24 1788
57 70 4350
20 72 3411
51 82 1474
41 90 1257
32 69 4908
42 58 4354
17 31 3042
3 12 382
36 78 3051
43 83 2863
28 56 3971
36 66 2563
38 69 4634
34 62 2477
5 46 4718
51 56 1247
15 81 314
16 36 4246
6 9 1405
15 38 2741
1 83 582
15 53 1215
43 59 2940
69 80 1638
25 80 3425
3 33 43
4 93 1099
35 66 3885
63 83 1590
45 84 827
43 65 1885
71 73 1087
7 74 2035
71 77 1521
60 88 3098
0 66 3108
15 78 4066
29 82 152
2 22 4095
38 75 422
49 76 3497
25 85 1209
29 84 2816
36 54 4806
12 48 4325
49 83 2018
14 31 236
8 10 1899
8 83 3593
68 85 3442
5 8 704
36 87 4616
74 90 3420
13 20 1190
2 35 2350
36 88 3781
32 39 2114
14 61 1399
29 67 2973
11 80 236
17 54 4529
20 58 3101
30 95 1469
70 83 4829
74 83 4444
70 90 771
26 38 4918
38 47 1096
14 86 4894
1 26 2308
39 82 4667
36 40 3041
39 88 2898
74 95 801
35 87 1179
48 84 1575
13 54 4151
13 19 892
45 83 3134
45 79 705
57 85 3291
47 61 1344
61 88 2289
28 41 180
58 87 1544
4 52 2126
34 74 2508
47 56 598
51 80 1351
42 49 1121
52 93 1127
8 71 3709
15 45 2309
11 85 4838
28 49 2622
26 50 766
6 29 4990
69 86 3558
25 90 3145
25 67 1265
25 68 799
2 29 2615
34 87 4372
5 37 4374
29 86 884
8 34 2780
10 41 636
3 53 3379
46 49 2694
20 53 4120
29 57 1627
70 88 2210
55 56 4298
65 83 2750
9 22 2711
43 62 1484
67 77 606
40 92 826
32 62 2092
32 95 3461
54 75 4981
1 71 4932
81 87 4001
38 87 1626
62 72 3421
53 86 1169
36 83 3775
34 85 3496
15 61 132
37 83 3187
61 64 4028
65 94 4436
44 69 2496
26 40 60
69 91 4617
16 42 393
31 66 89
26 63 881
7 45 1938
21 90 64
19 89 3108
21 71 4163
0 79 3974
62 88 3172
48 54 1535
8 76 4435
29 71 4227
44 72 698
53 83 1684
9 77 4418
62 65 3314
47 66 346
18 38 4987
20 56 4981
20 81 2216
27 67 2195
78 95 4412
73 82 1364
42 83 2039
58 64 3215
8 82 2180
1 58 708
37 70 1373
54 56 1455
3 10 3493
38 49 3530
11 56 1334
63 88 1001
18 75 2174
16 53 3541
14 73 177
5 59 2073
9 74 4018
14 46 2194
40 50 3125
2 89 1471
0 91 1188
4 43 3623
42 92 2213
33 45 4988
65 88 420
46 83 3425
0 68 1942
40 86 12
6 73 1844
21 94 4538
43 45 4925
53 68 1206
7 53 1829
48 58 304
42 59 4040
7 52 4288
62 76 99
38 51 3144
9 86 2063
2 25 3482
61 91 4221
41 79 1455
23 53 1414
62 92 326
49 60 2832
23 54 4042
76 88 2624
13 53 845
17 76 2064
64 77 3763
56 77 2294
33 76 780
67 69 903
6 43 1904
88 93 4261
68 92 582
34 55 4521
68 77 1971
51 52 2995
30 49 1762
53 61 3162
26 52 2649
58 79 3018
62 89 31
24 40 2293
46 80 1724
83 89 1611
62 70 2475
50 63 4922
31 75 1740
29 90 3436
47 52 2905
84 92 3945
25 47 4419
13 60 1867
45 89 4715
19 52 818
76 81 248
36 50 53
30 55 2157
84 95 2119
21 51 1992
5 50 1120
13 78 4232
15 54 2585
24 89 2542
15 43 26
15 33 1619
23 57 787
31 85 3835
7 87 1715
56 72 4807
77 93 4620
12 30 4893
62 90 2212
73 81 2831
87 91 3798
66 92 4357
23 75 3732
13 16 48
23 66 1046
1 27 2404
15 18 600
18 20 4615
37 74 4231
7 29 1371
65 76 3215
58 82 2658
26 72 4552
15 71 2095
47 75 2950
55 80 3916
3 77 4363
15 39 3855
10 64 1368
7 82 1261
0 90 18
14 95 573
53 75 132
56 68 1159
41 74 2425
52 74 3404
39 59 979
8 22 635
19 81 1906
10 21 2494
34 56 1442
73 84 1993
59 60 825
3 70 3232
83 87 2061
35 77 3833
15 59 1963
42 53 4585
25 86 3970
27 54 2384
43 70 3966
68 76 2227
1 5 4960
14 77 3723
2 6 1398
12 84 4919
45 95 3178
10 79 3002
57 66 1372
11 75 134
62 91 1960
67 82 1678
47 84 4510
34 79 155
4 55 802
2 58 2920
37 80 267
51 81 4890
57 92 2208
58 84 866
17 89 834
12 42 3226
31 48 3874
19 51 2584
3 60 1091
33 82 431
41 59 2646
43 85 4071
59 67 2128
39 58 4830
31 51 4914
49 55 796
39 92 934
12 58 2864
67 73 3134
4 50 1089
11 13 203
19 54 1527
16 37 4017
0 54 3188
6 21 4863
58 86 886
38 94 1414
43 50 3903
74 86 793
93 95 1162
29 47 736
35 52 557
61 81 2235
40 84 2685
13 67 262
42 87 4906
70 72 1843
17 77 3600
49 85 3554
13 50 2771
50 61 1266
9 75 4462
35 57 1135
26 73 3044
22 94 3298
19 49 552
43 61 1986
20 24 1804
16 21 2079
27 37 2588
3 41 4979
32 76 2193
12 57 2253
42 82 989
12 20 4379
6 30 2849
56 66 3539
13 15 235
55 62 3347
5 20 3669
37 52 1859
10 63 3293
28 91 1868
61 68 4366
52 85 2342
16 60 1502
52 81 1443
16 82 675
22 24 4258
46 71 2629
24 80 4372
48 60 2926
6 90 4366
20 89 1656
19 83 2133
46 64 2088
3 57 1764
29 33 3469
34 86 3262
50 57 1968
13 77 4622
59 63 426
12 47 2963
2 41 4109
45 55 156
48 81 2204
36 60 3494
54 77 708
63 93 4958
44 83 2278
3 31 1099
25 61 3139
31 49 107
49 88 36
72 91 1684
49 92 841
29 49 1937
8 25 468
29 54 1189
36 93 3182
46 48 2075
42 78 1791
18 31 4120
36 73 3558
48 83 73
49 95 3731
31 84 2163
49 80 834
18 45 2172
16 92 3261
14 38 2565
1 17 2219
30 65 3313
35 45 2515
24 62 1304
16 47 2834
1 30 1016
53 58 1275
74 88 4550
17 43 2964
22 64 3261
14 17 1801
84 91 3395
26 62 3191
44 95 961
13 14 2481
68 83 3841
14 66 1895
10 43 3331
4 39 4170
19 48 4686
34 80 714
42 51 1364
9 25 3001
44 81 4810
15 16 1504
16 89 3990
12 71 1862
55 93 4430
38 95 4311
0 89 4894
21 95 1115
10 16 3911
44 53 1579
54 70 1188
47 53 1938
8 55 3630
11 92 3004
75 86 2989
69 73 908
57 59 3790
63 64 3935
12 87 1233
37 93 4969
12 14 3209
24 61 805
79 94 3383
62 95 3490
19 41 2260
56 74 4589
33 34 3516
23 40 3000
23 30 1947
3 91 4471
9 28 1126
35 37 2848
14 36 4542
33 55 3537
2 19 2290
48 85 4536
10 47 4003
7 79 903
14 21 636
72 93 4261
1 60 3384
34 61 1576
72 78 4877
5 25 2671
47 83 466
52 78 2699
19 87 3672
29 41 2420
1 73 2661
12 79 1506
27 75 3816
47 57 2254
31 80 4681
30 70 1294
0 39 2138
27 46 2117
38 91 3996
81 88 3378
52 53 1949
6 16 972
18 93 4270
21 28 2434
63 79 2700
43 48 3699
42 72 4278
92 93 3424
18 63 4914
42 91 2155
26 41 795
40 76 1099
15 30 505
36 47 3415
15 25 3434
34 93 4194
68 88 2555
63 77 3814
5 85 517
20 86 147
34 41 3051
1 94 3823
53 92 4278
42 84 412
21 55 2707
22 37 3779
21 36 312
1 61 1386
52 89 4644
41 91 4432
2 31 791
84 94 2908
40 88 2588
47 94 2186
75 91 4692
52 90 4901
2 90 4225
41 68 2463
11 39 1917
45 56 4495
39 61 3314
35 94 3964
10 69 620
7 56 4589
30 60 329
2 5 4443
3 59 1354
13 23 3819
2 69 2348
13 81 3269
13 34 3070
65 82 4779
2 23 1743
3 47 2620
10 18 1672
83 84 2667
41 55 180
16 33 2975
41 76 215
3 48 3154
5 18 1401
69 75 3604
56 75 1151
76 85 4893
46 52 3425
32 47 100
33 85 4875
50 51 3129
20 28 697
66 83 598
10 78 915
1 87 38
4 56 3859
1 89 2504
51 64 4486
40 81 2883
73 95 1521
59 75 3456
58 89 189
55 91 3787
6 8 4815
23 79 1138
9 89 3098
22 95 3930
66 79 3204
3 40 3940
78 93 2789
36 39 4754
46 84 3900
59 79 1363
4 37 2434
17 60 4355
11 34 302
34 42 2443
12 21 524
17 90 4342
3 64 2114
8 75 4194
81 92 2461
7 88 1698
22 28 2623
34 67 2100
38 46 3114
41 44 20
78 88 1168
42 44 1624
7 49 3744
3 35 153
6 79 4753
48 56 4868
12 25 3177
57 83 4597
18 48 3440
55 57 3438
31 57 2917
9 14 24
13 93 3527
37 48 3679
39 71 490
10 61 273
9 91 1742
19 70 861
2 78 2304
1 21 93
19 21 3323
60 92 850
16 55 4296
42 74 2948
24 74 277
59 89 4999
79 86 3419
37 61 1772
35 51 4245
32 58 1999
28 72 4960
59 80 2869
7 70 2230
20 80 3576
62 83 4208
5 44 1372
10 65 996
14 90 3437
33 92 2670
2 9 1147
24 43 2386
6 69 4653
14 41 3652
6 50 988
78 86 1790
39 89 1541
31 82 2888
11 50 1352
25 95 3497
12 53 3638
33 49 146
52 55 4486
6 51 486
14 37 1493
24 68 4012
39 78 3884
22 43 3987
4 34 3868
27 34 1059
39 90 94
2 70 3043
21 48 4937
35 62 1005
5 73 4187
28 90 793
1 41 1146
1 32 3489
23 33 4114
1 69 927
30 50 1790
80 82 1569
15 19 1105
37 94 2846
12 66 82
61 84 2511
51 91 2280
25 81 1562
49 73 3053
10 25 3923
23 24 40
46 87 2461
35 58 1568
72 86 1452
22 75 3998
2 14 594
11 89 3902
1 56 3048
50 60 4788
1 88 2663
25 88 516
29 60 4314
14 80 2596
89 90 3868
57 82 789
15 17 3063
35 64 2675
47 77 3435
63 92 1503
31 32 4729
1 31 2569
82 88 2031
54 69 1064
18 83 3278
20 94 3939
64 92 199
5 31 2294
41 89 4410
60 78 4422
41 71 3343
12 40 1104
22 33 2756
8 86 4397
10 60 931
28 83 3229
31 92 944
35 40 1643
69 88 2489
80 92 644
11 82 2127
45 67 1105
27 84 1709
5 24 3
84 93 2659
5 51 2520
31 76 3800
51 90 2263
55 73 412
52 95 282
4 28 3972
90 93 3378
0 49 3970
72 94 2288
26 78 902
16 38 749
17 46 2190
18 40 491
9 62 2990
56 91 4401
39 70 977
41 87 151
71 75 2693
56 93 3459
20 69 4976
32 50 924
2 38 266
85 89 3441
25 44 3657
62 85 1847
34 83 3458
7 81 2609
33 73 1597
43 86 2170
8 52 560
37 53 630
3 51 4088
79 92 1799
4 18 1234
51 58 3920
25 78 3673
58 68 4835
17 65 3583
69 89 3742
65 89 279
40 94 3408
7 46 244
52 72 17
59 64 1896
76 80 3711
6 62 416
16 93 4031
7 33 739
59 84 1118
21 84 152
2 36 1822
12 60 275
52 71 4021
6 55 4137
10 46 557
8 53 4751
36 85 3684
49 79 3828
57 61 3875
6 84 3483
35 93 2219
46 54 537
48 77 3501
7 35 2378
60 85 3848
74 76 1100
1 16 1361
88 90 3929
71 89 4386
33 70 560
12 82 1316
12 62 586
42 69 2082
53 79 3609
30 76 2294
63 72 267
12 63 4703
11 57 189
32 43 254
61 80 2349
1 49 3368
0 37 373
64 79 726
4 21 913
63 91 622
23 47 1639
42 60 1642
7 12 4742
71 83 1670
0 40 3688
71 87 2362
11 90 2694
13 44 1484
36 53 949
49 70 4230
27 44 2615
40 41 1630
21 82 3450
2 63 2288
64 95 4159
10 23 1162
0 73 4867
19 71 593
45 57 4316
63 74 3060
30 68 143
0 71 153
29 93 169
54 93 2553
38 73 1770
20 40 4768
9 20 4097
28 37 3384
54 64 4924
26 70 556
23 89 693
45 54 3449
19 82 15
54 72 507
18 72 2241
46 55 2065
58 70 4604
12 55 637
47 82 4808
26 75 402
35 70 3400
15 76 3273
41 80 2612
82 95 1666
19 75 2220
23 34 139
45 66 1839
53 60 4350
20 52 593
24 94 275
25 49 4589
66 86 3197
17 32 3928
59 61 3108
56 82 595
9 10 4132
63 75 1432
14 34 4837
1 72 86
20 63 3474
51 54 2699
56 71 658
17 73 491
24 53 1825
28 87 3009
8 91 3102
31 65 3301
14 57 3053
18 84 450
61 93 1740
32 77 3141
14 45 1151
43 49 1229
51 65 3790
14 88 2076
45 64 395
4 70 3342
11 54 3637
70 95 4889
85 94 4797
10 39 1849
35 80 2283
75 87 599
78 83 2153
3 50 4253
37 58 678
46 89 2364
20 42 3275
2 88 3531
25 40 3435
1 80 2755
20 51 2007
59 65 3265
0 2 898
34 51 2225
17 50 1936
64 67 2291
76 83 2534
86 95 564
53 90 4694
19 78 2971
43 95 1672
25 32 3747
42 55 3330
7 8 13
76 79 2989
20 76 1118
11 62 2894
35 86 2608
25 42 4395
59 78 2187
26 93 192
52 75 3264
36 90 4334
38 55 3045
26 89 1383
22 34 1416
28 40 2857
49 89 3441
28 59 3382
72 77 1572
21 44 1020
16 52 1302
14 85 83
44 87 1992
76 82 4356
33 72 1280
3 18 4509
77 90 2798
3 30 4659
24 52 3513
43 94 4545
11 81 4960
26 59 3281
56 88 539
22 56 3549
35 85 3369
10 45 2456
68 87 3106
55 75 3695
24 60 206
44 45 778
15 95 281
41 77 1376
44 93 3860
29 31 3303
18 69 2935
64 72 49
79 90 3999
15 88 3498
20 54 4903
3 66 899
57 71 2246
27 71 447
48 59 960
23 72 4945
60 93 1601
16 61 4633
34 47 3669
1 91 1558
10 49 182
27 94 1025
28 60 2564
68 75 4050
74 84 2875
11 26 118
15 79 3812
61 72 1288
45 61 1844
61 94 2177
17 29 166
63 73 4266
20 79 2417
2 4 1433
41 47 3343
0 94 883
39 53 1375
53 69 2462
9 41 2363
24 47 1993
44 56 3202
25 83 1857
48 57 337
4 42 1064
14 71 4212
53 57 4699
66 71 2791
31 78 924
64 75 416
19 84 1626
31 40 3861
46 74 1112
4 89 3214
30 84 2870
69 85 4082
39 75 2625
69 77 2350
70 78 1205
14 87 1070
17 40 1618
10 77 2284
63 71 405
7 37 3570
9 92 1803
18 34 463
51 71 2700
9 56 2940
10 93 3604
11 15 1996
14 30 1953
37 76 3921
9 34 2167
20 50 4266
6 27 854
56 70 3942
40 91 251
27 30 3046
49 53 3821
9 44 898
58 81 2385
32 45 1466
11 93 4368
5 16 2652
9 71 3928
0 19 1047
50 93 4748
21 29 3612
88 89 3479
51 93 4386
12 89 301
70 84 1574
26 84 1782
2 60 2478
61 62 4174
28 81 1596
2 76 867
15 22 3745
75 79 49
44 54 4600
2 85 3102
89 95 3412
12 65 95
53 88 2999
56 79 654
37 56 520
36 68 2720
1 93 468
22 58 1074
59 82 4193
24 79 2941
35 72 1909
23 93 3501
59 88 2664
10 89 824
27 64 515
26 32 4191
72 85 322
37 44 4436
58 66 2912
12 43 1514
83 85 3794
16 88 4953
3 8 2120
23 64 3120
50 75 1726
17 91 2066
7 16 1425
16 45 4571
41 54 547
78 91 777
8 89 4360
9 85 2740
31 88 159
50 72 4137
14 18 1096
45 62 2312
8 23 195
22 83 3369
31 64 388
31 41 188
45 86 1239
17 75 4486
8 9 3644
41 63 3167
1 39 1599
42 70 4545
19 25 753
10 26 1118
25 72 4372
1 35 58
51 60 3343
10 27 1099
47 73 2531
11 78 1238
56 85 3118
37 50 785
71 72 1324
37 40 2992
13 80 1118
32 63 1256
25 77 3817
5 86 120
32 79 3404
35 88 853
39 50 1759
45 68 3210
6 76 4083
39 93 839
22 42 885
84 86 3997
93 94 4018
23 45 3866
12 64 426
52 60 4347
10 13 4031
12 32 4957
7 80 4802
10 76 1311
21 40 4849
13 55 4814
30 34 2904
58 93 2984
65 77 2881
45 91 665
36 37 3424
36 43 1978
63 70 1996
36 69 230
17 53 748
13 66 2315
66 85 3368
3 17 103
51 84 3035
40 63 2684
55 69 1491
9 30 554
20 66 239
15 50 2405
8 64 3520
15 63 4935
14 93 1994
80 85 4576
82 94 136
2 27 4551
27 29 3006
8 67 4544
24 90 1687
23 28 972
31 91 1751
7 50 988
23 91 4472
56 81 2971
30 35 4182
33 61 1470
11 66 2202
38 84 2473
18 94 1665
41 49 512
21 77 3037
38 57 1384
68 90 578
68 91 2042
49 91 91
49 93 1511
41 61 2022
24 31 1815
22 82 1838
36 70 1837
78 84 3682
32 74 1173
1 67 3049
30 37 683
66 72 2105
45 81 1479
54 81 2282
5 57 3659
61 79 218
29 77 2091
87 88 1405
29 42 3498
60 67 3293
23 81 4243
55 82 3410
6 66 1895
7 18 2275
58 91 954
44 78 1232
35 69 473
40 72 2753
28 52 1611
70 91 619
61 70 3437
4 75 4329
14 55 3601
9 46 1831
24 73 375
26 92 649
19 42 3125
72 84 3759
64 93 3265
52 76 3602
15 85 687
13 56 2038
15 87 2971
1 70 2544
13 41 478
5 61 4543
38 92 1794
30 72 198
38 61 4156
52 68 1077
24 86 626
0 56 3199
66 95 932
21 32 4643
13 42 4810
67 87 1931
22 76 1900
37 55 4904
11 17 3566
25 89 1959
8 41 4030
22 29 4829
64 73 2260
21 93 1852
22 67 2030
73 94 2838
83 93 176
71 80 624
38 93 1735
10 73 1499
23 42 2660
51 63 2529
47 55 1612
19 30 3456
41 43 2221
9 57 1457
6 38 4797
0 29 3227
50 73 1292
3 92 3342
54 55 3442
17 21 1398
21 76 4448
15 32 4987
19 58 4171
48 93 3599
14 91 4147
33 69 2143
4 31 3081
13 39 3471
40 71 2496
5 83 4379
6 49 3727
19 62 3758
23 83 1396
16 63 3235
52 77 2015
10 22 4113
77 78 795
8 54 1936
28 58 2642
21 26 1804
22 91 2505
33 89 3358
59 87 1892
46 51 4652
39 52 2301
41 88 4366
28 43 2261
8 29 1262
60 75 1935
8 49 1832
35 61 4893
34 58 1324
28 67 1933
58 67 3970
41 78 1856
39 63 4866
1 18 2438
10 14 2216
72 74 4187
4 63 2367
18 30 3131
28 77 3286
20 68 3755
22 40 3879
0 60 485
1 90 3472
36 48 229
0 82 2138
47 74 3964
7 55 196
25 76 769
0 5 3583
16 32 4041
14 53 4596
16 68 3784
55 90 4549
26 91 1281
80 90 4711
36 91 1191
40 59 3802
57 65 2531
44 61 3857
41 72 1148
5 36 3432
23 25 3399
5 27 144
7 30 1135
44 79 2326
53 66 2515
25 92 2534
15 56 4558
30 69 3808
17 37 2173
17 81 3680
27 43 932
12 27 2767
75 82 1547
3 71 2961
50 62 598
57 68 243
36 65 4380
36 76 1494
32 40 3135
33 81 1092
44 89 3990
6 26 2031
43 77 3521
65 84 2848
25 37 4312
6 70 2954
51 57 474
6 78 2876
0 52 4278
9 11 4503
30 46 35
2 47 295
65 72 639
55 66 3030
17 58 4294
21 24 1392
53 94 2105
23 61 4805
42 64 3044
7 76 2061
78 82 3746
43 82 1525
19 50 2629
13 43 1342
46 62 2686
4 7 4204
26 94 2656
26 56 1623
44 50 4801
25 91 1242
43 51 4292
18 92 1946
37 84 1170
14 40 4546
35 59 4133
5 76 610
52 57 4260
53 65 2539
48 72 4034
33 90 816
33 84 1792
68 70 4066
9 63 2587
34 35 884
13 85 2977
47 87 4640
16 79 1569
92 94 778
20 47 4519
75 81 1975
30 62 2082
77 89 3348
2 94 558
66 75 347
9 39 4566
71 92 4107
32 87 2854
16 40 967
19 95 4658
47 81 3498
10 44 2258
25 45 4699
37 67 2565
26 65 200
6 72 2040
24 29 3031
16 18 3101
19 59 4560
64 65 2904
53 63 4622
39 47 2143
48 80 192
26 77 3640
20 71 1831
36 63 4277
22 59 2381
29 35 1526
25 79 4717
43 72 3637
56 60 3989
57 90 949
6 60 1839
47 48 889
18 78 2025
36 67 1521
13 76 1527
13 70 386
25 65 4159
29 68 1050
49 75 3004
55 87 4174
3 46 481
59 86 2285
28 55 1852
53 93 1109
26 29 2287
28 75 2389
16 62 2951
2 54 4535
62 82 1487
13 61 4178
4 71 908
4 41 1188
13 48 3171
20 67 4608
40 79 3760
13 69 747
11 24 1186
30 33 1198
51 59 3272
59 74 3004
86 93 2665
21 33 4728
25 55 2341
8 27 1127
19 20 217
41 69 2472
38 43 2919
12 56 3733
45 63 1648
44 51 720
90 94 3197
0 26 4852
57 69 2743
79 80 1003
63 87 3573
49 52 4549
6 87 2684
53 74 4667
18 86 1580
58 77 3348
11 68 2779
44 92 3005
27 32 4792
67 76 3683
2 68 3716
24 34 1700
2 86 2545
63 80 681
11 79 953
18 42 3783
53 71 4242
25 64 2952
36 81 299
21 80 2206
1 15 1383
5 39 4044
23 52 4130
43 68 3317
22 61 4592
41 86 1616
32 86 1023
36 58 3797
40 70 3433
12 19 1749
28 29 1760
38 52 70
51 87 1606
22 74 1370
11 71 4433
8 93 391
10 33 4554
17 59 2800
3 26 1207
32 48 2223
23 51 2899
2 81 2956
3 29 3069
62 71 954
88 91 609
26 68 3678
38 74 4190
54 59 4455
27 82 2308
22 51 2968
17 72 3617
47 88 1130
49 59 2978
35 81 2506
3 49 4119
41 57 2661
48 65 4546
50 88 4783
27 83 2386
11 43 485
49 68 936
45 69 4821
34 91 1578
22 46 4500
3 94 3133
18 57 3682
51 70 3439
49 72 2012
0 65 225
9 26 1750
17 26 2459
5 42 3543
27 53 1279
21 22 1205
26 83 555
7 39 2281
50 94 1222
21 57 4505
46 53 4572
51 68 2763
68 71 4047
57 72 1791
20 27 2905
2 83 3611
24 66 4323
51 79 3034
17 67 1068
31 87 3551
65 74 1087
51 62 3331
12 72 4360
83 94 4374
34 60 1181
15 24 458
25 38 3523
30 40 1709
22 39 2735
42 52 124
56 61 2302
81 95 1416
37 86 2133
70 80 1555
38 81 2069
54 61 2102
64 83 3584
45 87 887
6 13 3582
55 74 3679
7 22 3224
21 79 1741
24 85 1694
0 11 2762
2 21 1216
0 35 3087
30 73 1524
46 90 1823
51 69 1356
18 33 19
19 39 2541
20 41 1182
43 57 1903
59 85 1619
14 25 1443
18 66 399
4 46 4086
13 73 1652
24 35 1992
16 22 2663
37 57 413
52 67 2291
4 91 2339
81 90 3074
16 75 4
50 95 2542
10 48 4685
12 22 2590
57 77 4842
2 77 767
48 49 1833
33 35 2195
68 80 4350
16 50 396
12 52 3456
7 93 2015
32 82 4688
16 54 3328
32 61 1244
67 72 976
9 53 2824
20 65 2791
0 93 4119
80 81 3686
25 75 432
12 67 2033
62 93 3323
14 65 596
42 45 203
48 95 3968
8 72 4853
5 90 4580
23 80 2689
1 43 552
67 95 2337
70 86 3438
63 78 4311
0 47 2615
24 30 1912
35 42 2228
2 50 3150
7 75 818
59 69 4846
38 79 694
13 52 2730
18 68 2789
5 29 2231
4 10 1516
8 47 96
2 49 1866
21 92 2532
1 52 3256
10 91 2583
60 70 1950
9 43 4460
49 74 900
39 84 651
62 67 1651
0 72 598
11 47 1335
11 76 2870
42 68 2462
3 38 531
6 67 2568
51 53 2498
29 74 1938
25 35 525
42 54 207
15 60 936
48 75 4612
58 80 374
27 69 3638
19 22 4922
10 36 3600
21 23 4513
81 89 1327
22 25 1856
69 74 4741
11 48 4135
4 81 181
0 64 3025
23 70 1246
26 30 4537
9 93 4955
18 51 3890
74 92 1524
77 86 4090
24 93 4181
44 94 3857
52 83 2695
46 93 4231
74 82 3364
16 58 3268
24 42 758
25 43 1709
10 29 3058
11 36 2292
26 55 1793
44 49 3464
12 59 3398
33 75 959
52 87 2101
47 71 4219
54 91 30
41 56 1739
46 58 2508
71 95 4726
3 44 3179
37 64 4207
42 94 4770
76 77 1096
5 70 4083
16 72 2791
3 76 84
29 61 1550
9 81 892
14 68 2731
56 80 642
15 34 1042
9 61 4026
59 68 4250
21 59 2747
5 17 4599
75 84 733
27 31 1133
52 56 3112
62 77 1582
5 11 83
12 17 4169
3 6 1891
1 24 512
86 89 1548
17 83 1114
12 74 980
37 45 2129
0 10 1862
75 92 3107
73 92 3855
38 90 976
44 77 3107
23 59 2355
74 80 3415
13 79 265
55 61 4978
32 89 3392
53 87 1222
40 58 970
35 41 4424
5 33 4250
1 28 806
36 57 2845
13 64 2652
14 42 1462
22 88 4572
6 36 1892
4 67 3105
16 84 810
28 88 3296
32 67 3925
31 43 3950
27 50 3454
35 55 2436
26 48 1340
6 88 479
60 63 73
40 56 2438
65 71 3244
56 57 4694
53 59 3816
9 66 4653
54 92 66
7 15 1953
10 32 1771
9 94 1227
10 66 1917
37 71 1011
75 78 2192
75 85 2386
35 44 3865
10 28 4568
38 86 4033
61 89 1263
23 36 412
17 39 3119
60 71 1157
64 82 3357
6 81 1717
63 89 1107
70 76 2107
80 95 4600
36 82 437
23 68 467
54 65 1355
33 40 498
54 84 3222
53 62 2829
24 28 2871
12 94 2658
89 93 2185
72 79 27
19 86 550
9 54 4355
21 30 3178
3 43 3806
77 95 790
0 75 3960
15 55 1895
45 51 2983
46 60 3683
12 29 1633
42 89 657
4 8 4565
35 39 2129
57 58 4746
10 24 4643
4 48 4281
5 78 1744
33 91 3579
45 76 1305
48 71 3852
27 68 2833
37 65 4764
55 81 4265
67 79 3752
21 45 3456
25 74 1821
17 24 2466
76 92 419
47 72 3299
44 46 4288
62 63 4065
45 78 682
1 42 3696
10 88 1146
76 89 2780
89 91 3014
13 46 2053
3 88 3834
4 33 787
45 77 3060
43 75 3322
34 73 752
57 74 3660
60 74 4939
47 68 786
10 75 3643
17 69 1641
11 21 2794
0 81 2526
17 86 3723
6 56 2451
87 93 2864
38 53 4171
82 93 3395
37 63 3929
38 54 481
29 32 2665
18 71 3772
24 45 4395
44 70 4345
61 85 2861
24 46 2036
21 67 528
31 70 4440
2 45 1029
15 23 1060
31 45 3199
25 53 3271
33 48 1913
0 85 216
15 64 3916
15 49 1635
10 11 2329
1 46 3071
12 26 1658
18 76 486
29 64 153
49 94 2345
33 42 4855
29 91 1580
1 36 4700
9 17 4034
53 73 1399
19 77 1784
1 85 99
46 67 1031
38 65 2057
9 42 2061
17 92 365
49 65 1345
39 56 3781
27 42 2639
8 38 108
81 83 4260
63 66 1794
32 35 4265
54 79 4961
71 88 3448
10 95 2802
55 76 177
7 92 3154
25 36 2253
8 61 3130
50 85 2871
61 65 2889
30 79 4920
5 43 2814
17 27 318
18 47 3225
40 55 2448
21 74 189
35 67 1353
71 86 1754
16 78 1833
16 70 3591
31 39 2988
32 52 3854
13 49 4225
39 51 1865
1 84 1892
27 51 2621
68 86 392
81 86 1368
24 63 4863
35 79 3468
7 57 1781
28 84 3909
73 89 3507
1 77 3910
40 62 1239
0 87 2950
25 84 1486
0 6 3747
33 87 717
9 36 2366
48 88 2927
23 62 3938
1 51 1082
17 34 2440
57 88 1298
69 78 294
26 95 4511
32 54 1477
29 43 686
40 73 355
13 91 3491
2 87 995
34 43 1879
8 28 4062
45 46 3320
15 80 4285
41 95 4809
17 23 3329
14 28 2066
3 81 11
1 86 1274
47 69 4244
30 71 2312
75 80 1732
34 59 4439
16 87 669
29 65 4719
10 72 1448
27 93 4403
12 23 3261
5 69 3420
37 95 641
3 56 2012
27 73 1430
16 39 4101
63 81 1110
9 87 2616
5 12 1482
28 89 1455
77 84 3930
32 34 3618
64 90 4125
27 92 3359
59 92 3249
54 67 4385
11 46 3050
49 82 266
76 90 1509
56 89 3474
13 30 4378
44 52 700
33 50 4300
21 86 1820
1 53 899
52 69 3212
36 42 13
19 47 1382
34 71 1453
30 75 1887
4 23 3881
14 58 1647
8 73 4671
34 94 3141
19 27 3781
83 88 3524
1 20 4107
23 71 410
63 69 2204
9 65 1253
7 59 216
47 67 280
33 71 1974
7 89 918
52 73 2330
55 86 3631
47 62 418
40 60 1663
17 44 2738
8 58 4602
57 60 492
17 79 2642
17 70 1867
62 87 2573
25 50 4262
18 79 4047
30 87 1554
13 58 911
22 45 910
28 61 1933
55 60 105
10 35 456
6 82 3290
3 21 974
27 39 1700
38 71 2165
6 58 1829
17 25 1886
16 44 3722
50 77 332
82 90 542
21 78 3248
23 27 796
20 21 686
70 75 4970
28 93 2301
21 49 3683
13 82 3696
39 49 2040
65 86 680
34 36 3389
30 42 4873
39 41 3216
30 59 2273
9 70 4497
73 87 41
8 31 1280
35 90 3248
4 69 4029
34 82 3829
2 55 4559
26 67 2890
82 87 1503
61 69 2682
41 65 102
19 24 4896
3 61 4738
82 84 2832
22 70 33
36 55 238
25 27 182
11 33 3773
20 82 2024
21 52 1828
35 43 4933
59 81 2566
27 33 238
27 79 3806
87 94 645
49 90 4416
17 56 3974
12 88 4982
10 51 4567
25 51 1188
68 74 4272
19 63 1509
4 26 823
26 81 3888
44 84 88
10 37 1132
61 63 3460
4 86 1048
10 34 2621
8 40 3101
6 7 816
6 35 132
50 58 147
9 83 1282
31 60 2527
22 68 1612
5 49 4348
55 72 4455
12 15 1387
8 35 1241
22 32 3432
75 94 2222
26 69 3040
39 62 2797
57 80 727
1 75 4663
45 49 1528
28 57 672
84 88 3709
13 87 2219
2 46 741
58 85 1631
65 66 1443
5 92 2393
17 93 4367
21 75 3710
15 29 881
27 86 630
17 38 4295
67 92 2743
0 58 4007
37 72 4431
30 56 3776
78 94 3491
28 47 4497
27 91 2259
8 94 1908
16 66 1836
39 79 3729
47 65 3089
11 44 1959
57 86 2254
33 44 2502
48 76 3237
34 88 1557
13 71 3360
38 70 3048
27 38 580
57 62 2324
5 87 525
30 86 841
1 37 2097
1 14 4839
75 76 434
37 59 2592
39 72 653
5 91 3293
70 89 3633
56 69 1667
8 43 4652
19 93 3968
43 44 1823
61 87 3781
24 67 1238
34 95 3255
89 94 1500
4 72 898
34 40 2054
71 91 205
16 59 3283
64 78 4130
50 89 2707
29 73 258
15 77 931
5 6 2793
32 44 3964
48 69 890
71 74 688
29 46 542
53 78 2833
30 94 121
7 42 3258
21 70 1388
25 46 2090
15 91 3024
69 83 481
79 89 3253
37 73 3808
54 80 1135
41 60 1173
0 20 3130
23 63 741
66 69 3165
6 32 2874
16 76 729
58 69 1723
29 78 974
14 35 837
43 66 4508
17 78 4754
15 94 3123
10 94 4315
12 41 4638
20 23 4833
42 56 4257
0 8 446
8 20 1960
31 56 3684
58 90 3695
8 74 4462
40 80 2686
23 67 1696
19 74 2434
33 52 2849
29 72 2845
40 65 2654
25 70 4337
50 56 480
1 8 2197
55 88 1539
0 7 2996
51 88 3672
32 65 3307
66 89 4713
69 76 3395
15 67 2405
30 66 2364
13 51 4396
15 68 4910
42 93 2815
28 46 2532
67 93 3442
52 63 3485
55 95 1951
2 92 2952
15 52 1804
47 63 117
13 24 617
7 62 4187
21 27 4119
9 12 1600
5 21 2211
0 34 1220
35 95 3941
53 82 1814
56 86 535
13 18 3473
48 55 4153
63 90 4148
48 82 36
16 71 3935
26 86 2769
10 57 169
75 95 4087
53 81 546
14 79 2433
51 83 2041
6 61 1388
0 21 4412
39 48 1507
7 23 897
50 65 4086
32 94 4319
18 41 1687
21 58 208
46 86 3494
35 63 4662
6 10 3650
2 82 2621
28 74 2480
32 84 1382
6 17 1993
7 13 4479
6 42 2042
91 92 1794
7 47 234
85 86 910
2 16 318
20 36 2570
61 74 4111
18 81 1040
84 87 1948
25 30 2431
42 50 2544
18 89 3196
8 92 719
29 56 3602
55 59 1073
20 83 1864
60 91 1863
47 90 2687
0 4 1864
84 89 2811
66 87 3122
40 53 2056
1 82 2057
22 63 4042
43 76 4786
17 47 2537
4 66 4764
6 74 787
76 78 3431
19 36 3582
18 61 1812
38 85 4903
74 87 1530
10 50 2945
5 65 3774
38 77 157
16 17 573
33 63 2864
18 59 2
41 48 1311
6 93 3417
1 12 4897
5 34 451
11 40 2645
54 66 3360
88 95 489
1 68 304
3 86 2163
32 71 2397
54 83 162
21 72 1472
66 93 1556
16 49 446
42 46 2516
19 79 2904
70 77 4492
29 59 2809
80 93 4414
4 83 2537
26 90 2904
29 44 1528
2 52 4744
31 73 3820
56 76 1571
28 86 4039
10 82 2778
66 94 1575
1 13 994
1 4 2247
13 40 3158
29 52 1110
22 85 4554
38 59 1968
6 80 4709
24 48 206
75 88 828
24 51 4005
35 91 979
18 95 1031
32 92 1187
18 50 3437
67 85 4463
1 57 4488
69 71 3759
45 53 2366
70 82 2592
64 87 2232
61 66 4183
40 90 4392
2 93 401
55 84 1266
22 84 1810
45 70 4584
10 20 4352
27 52 3250
0 17 1715
33 36 1834
59 83 4541
70 92 3556
10 19 3933
55 94 4039
73 75 1340
45 58 3552
51 86 357
37 60 4366
15 74 373
66 91 4150
5 82 363
44 67 2154
3 84 2436
73 79 4054
53 55 1676
20 45 240
9 58 3669
3 65 2765
10 12 2631
16 26 1064
23 41 2623
32 42 2064
31 81 4816
40 46 3952
9 82 3763
47 54 3399
24 50 3701
49 81 1797
3 37 4674
4 32 4991
27 47 1660
70 79 2122
67 90 582
38 67 4774
17 68 3562
10 71 3514
9 35 3142
1 76 1939
75 77 4837
34 92 2713
1 22 4823
28 80 836
81 93 4207
24 91 3469
7 68 3815
12 86 4628
73 86 2296
50 55 2463
1 74 291
9 13 457
10 31 4430
42 95 4004
21 65 4252
60 62 4608
58 71 1109
28 78 4987
43 80 3227
41 83 2529
45 74 1365
1 48 4975
73 93 1769
53 77 977
55 92 3648
67 71 4591
11 91 488
2 20 4110
58 73 2665
55 65 317
83 86 4650
5 30 3780
12 33 4871
76 84 4778
32 37 801
7 95 1163
4 40 1540
50 79 2168
79 81 3874
18 29 1608
23 35 2429
74 75 726
41 50 3127
63 84 1740
85 93 4785
17 30 656
12 35 1490
49 86 4816
16 57 215
26 87 863
11 31 3766
7 63 1063
0 45 2719
41 66 4449
57 64 3262
25 60 3831
70 93 1450
60 86 4040
44 55 4242
54 71 4593
22 78 3701
16 73 3172
19 60 581
43 58 2510
30 51 4694
12 24 4303
10 85 1293
51 76 1558
61 83 4591
41 85 2151
4 27 1389
73 76 1277
79 85 2160
52 64 1075
21 81 2594
0 23 4729
17 28 364
24 57 2421
13 26 4685
37 46 4619
21 85 815
33 86 4746
66 68 478
53 76 626
41 53 3100
24 64 2525
68 82 2466
1 54 2970
41 52 1679
16 67 1569
30 93 1144
64 84 4244
70 74 2816
37 47 1686
66 82 4486
17 71 420
19 64 2704
11 37 4988
21 54 1570
26 33 4323
7 9 3332
15 27 1408
7 65 2216
29 39 4847
10 56 3537
5 63 1821
33 54 2306
51 77 1860
38 88 2674
12 13 1806
38 40 4115
19 92 3273
1 63 4000
52 59 4088
24 39 2317
5 64 1946
35 49 4608
50 59 15
60 89 587
90 95 4307
54 76 298
56 92 1472
43 81 196
12 31 1848
26 54 1192
35 78 4678
16 51 2220
17 62 2135
28 51 2260
7 21 2037
30 41 3093
1 59 4898
12 80 1081
16 77 4491
79 82 4733
29 37 3002
30 44 160
14 72 1947
65 81 2676
43 52 4283
33 38 3101
12 70 3937
72 76 3713
62 75 306
25 69 1359
62 81 3231
41 82 478
7 19 1817
27 80 4459
34 78 4445
60 90 3402
40 69 2201
76 93 1695
41 93 17
36 61 904
50 83 3641
51 94 603
55 58 4809
18 58 4192
57 94 66
30 43 4023
4 20 3460
34 84 3670
33 80 42
8 24 2194
70 73 3385
38 83 4330
85 95 181
57 89 4403
4 13 611
16 19 4673
6 46 4720
60 65 1094
20 64 2898
38 48 970
5 71 4895
10 62 2790
30 36 1259
11 60 2985
16 91 1220
14 51 2506
3 34 2464
49 71 710
6 54 4596
43 53 3013
12 91 1647
19 88 1616
16 85 1047
46 79 3910
22 72 661
23 46 4301
82 89 1442
44 68 4458
36 80 370
19 23 1356
33 93 3532
58 61 4596
24 38 668
6 59 2613
24 88 2866
35 48 2807
19 56 3983
0 83 3886
9 38 348
60 66 3259
34 64 1108
43 74 1287
35 76 4124
84 85 1783
59 77 3184
19 91 4950
90 92 1924
27 76 3406
30 47 589
22 31 3426
44 76 4665
21 91 1363
7 27 901
59 73 3851
52 58 878
33 77 3047
63 95 818
11 49 3714
28 64 4245
77 92 305
36 46 1558
18 73 1135
66 88 2994
13 59 128
22 57 4034
47 89 86
76 86 1904
13 36 3757
17 33 3555
31 68 939
20 48 1303
22 90 348
8 39 1341
31 72 4302
5 56 339
6 12 2172
8 14 649
12 81 1865
4 44 3801
7 94 1861
12 49 1733
44 91 2391
0 77 2398
5 93 609
5 81 2393
5 9 88
82 85 3671
56 58 2809
17 22 2523
64 86 2836
35 65 1217
5 58 4778
5 67 4235
4 88 3305
56 90 3506
50 76 1165
30 82 546
67 74 2629
46 59 920
15 51 2946
48 79 2047
6 18 4686
20 31 844
5 10 2174
1 40 1844
12 93 3286
41 64 4986
12 90 3074
51 78 4753
8 17 676
70 85 4461
28 33 3260
25 59 2300
17 51 4453
40 75 4102
9 88 639
77 94 3704
3 15 4252
25 39 1535
8 60 509
2 33 1740
18 56 96
78 92 1728
40 67 2254
8 32 408
80 87 4273
3 78 1514
62 86 3888
0 62 2695
18 36 252
2 15 4703
78 81 714
6 31 2854
0 27 2106
17 52 1348
4 84 1838
7 54 2324
14 59 2344
33 68 2144
11 72 2594
83 91 3271
23 85 4027
65 75 2328
71 82 774
45 80 3252
71 84 1893
24 58 954
27 28 2174
43 64 1641
52 91 2239
7 11 1808
26 34 1574
29 48 2255
32 59 4560
85 90 3521
19 73 2122
69 94 913
2 56 1535
77 83 3026
23 49 797
51 61 2744
54 73 4014
37 41 4075
31 61 3385
5 35 3945
21 47 1647
19 94 1835
9 15 426
1 38 4318
6 57 4442
12 83 2141
33 74 3824
64 88 3834
49 64 1802
4 76 4952
82 86 4478
41 62 412
52 86 1898
43 93 59
12 37 3179
23 77 1429
26 71 575
51 95 398
80 94 4918
18 19 743
48 62 3289
9 79 4854
25 28 1932
2 91 3693
55 77 2248
51 67 60
17 48 458
49 57 1008
53 85 149
31 53 7
6 19 2269
24 49 1076
15 82 3614
45 50 289
37 89 3696
11 69 3202
17 85 1858
69 72 1829
54 94 2404
26 31 3339
64 89 4511
54 68 25
49 77 4199
26 37 4060
34 81 2622
39 69 1083
74 91 4545
39 94 1845
6 11 3218
4 5 2156
21 87 1689
10 86 1543
5 23 1227
66 70 3700
10 84 4240
60 64 4731
15 41 146
26 76 2069
35 92 4302
35 60 955
31 83 4501
45 75 3434
24 25 1522
18 52 4103
37 54 3068
11 22 1037
65 73 1460
13 92 451
5 45 2706
58 63 3815
23 87 1789
46 50 4209
2 48 1978
44 60 2207
58 83 3958
5 28 4056
5 55 3525
50 92 263
16 83 3571
28 66 1064
7 69 3420
36 92 3293
42 76 3022
59 72 546
14 76 2161
50 68 521
49 66 3492
27 41 1686
7 64 288
11 20 375
45 52 2301
48 64 228
19 66 3185
21 68 1508
31 55 4833
60 68 1525
0 9 926
72 92 2006
36 79 4653
68 79 4834
23 76 2870
72 87 1055
3 24 3987
5 84 2395
39 74 1084
29 83 1119
11 19 1479
37 88 4404
70 71 4999
2 42 2951
16 30 4700
69 79 2378
13 29 2855
15 35 2755
61 90 1860
40 78 3028
16 41 936
60 82 2330
54 74 292
1 25 2484
65 69 1269
15 44 3799
65 90 4497
30 58 4816
0 41 3450
51 55 3680
50 86 4071
57 76 1549
28 50 506
5 79 3558
78 79 4616
35 47 3371
20 75 565
14 67 4102
8 16 1320
45 60 1092
67 86 1343
0 43 2805
16 35 72
44 80 147
24 54 4605
34 89 2411
26 43 4212
14 64 4522
73 74 4267
23 39 1806
7 32 14
22 49 4091
18 70 2139
42 75 4749
84 90 3911
22 66 2086
22 48 1964
25 58 3004
36 64 3595
0 14 4291
63 82 3010
14 24 2970
24 36 753
32 85 2556
44 58 4653
55 83 3982
50 91 3007
71 79 3608
13 89 4063
28 70 2478
46 76 3617
1 33 1265
4 38 776
21 69 407
18 85 2190
39 66 3790
22 44 2541
28 36 2994
50 70 1878
16 29 1863
75 83 4271
59 94 4187
8 69 3673
39 60 3980
73 83 4659
42 86 838
68 94 4050
72 75 4579
15 57 4274
14 74 846
52 94 3608
14 49 4990
64 68 576
27 36 4056
17 64 4822
13 68 1811
32 80 1996
39 86 4403
39 64 948
66 73 677
13 88 1
87 89 540
29 70 3942
3 28 1939
48 50 4644
80 91 1559
31 42 2524
39 80 2962
54 78 6
33 64 3229
8 21 2099
58 62 4086
83 92 2658
44 86 3256
4 87 4112
63 85 49
37 79 3332
34 65 530
23 55 337
0 80 1515
46 77 1979
62 64 4129
28 53 4715
38 56 939
30 89 1310
4 78 1157
22 60 4984
39 76 3858
22 87 1963
63 65 1295
4 30 3540
23 60 436
31 35 1444
23 95 2644
80 84 101
12 92 3221
16 80 4743
8 70 4815
27 55 1796
50 80 4874
74 78 2417
55 68 1478
10 81 374
52 62 3427
37 78 1830
0 70 672
11 28 4414
79 83 4028
3 62 1488
41 84 3775
19 38 3366
62 68 3704
36 38 2614
31 46 617
3 95 4955
64 85 819
35 73 4529
12 76 3219
49 84 3101
11 65 4430
77 80 1654
9 69 1882
25 57 2715
7 20 785
8 65 4499
44 64 1581
14 16 41
60 80 3154
43 60 2691
46 56 2660
44 85 142
45 47 1817
10 74 1438
2 73 4319
82 92 2162
27 45 2765
6 45 165
46 92 3406
7 84 684
26 42 145
18 44 1732
8 59 1541
39 43 4895
46 65 3399
52 61 2066
22 54 4448
12 78 4688
26 36 3698
3 87 4551
29 79 524
23 32 3881
6 14 3809
80 86 787
27 56 1302
40 83 1930
0 55 664
57 81 2646
12 69 97
69 92 4357
67 78 3499
2 37 3353
15 62 304
20 35 2361
26 60 3273
52 70 3509
34 39 3791
12 75 4788
16 74 2942
48 53 4408
46 78 2328
29 51 135
23 31 3010
0 59 2980
37 49 3854
13 22 3002
31 93 3496
60 76 365
2 24 469
50 54 1436
2 66 609
47 78 2781
32 91 2356
29 92 948
48 51 160
68 72 2867
9 48 1154
2 40 815
34 49 3454
71 90 1437
76 91 1211
1 55 984
8 79 2947
34 70 253
60 72 2688
2 65 325
64 71 3440
21 46 889
8 62 1082
72 82 4372
15 89 1396
38 41 1262
55 79 330
6 47 903
14 32 3591
1 95 3267
27 81 1667
5 89 4742
4 22 3745
3 16 2534
14 26 1043
26 49 2768
8 88 4253
14 20 3155
3 74 4096
2 57 1707
16 24 3452
25 66 3014
3 36 4756
21 63 3630
18 77 4011
15 36 4588
4 15 4006
16 81 3721
23 48 4873
45 90 809
18 54 844
15 40 786
62 79 4940
8 85 4083
73 77 1471
43 84 3527
19 67 4157
44 62 883
5 52 3677
51 92 3754
53 54 2187
56 94 77
0 38 1351
4 16 4604
36 51 3035
8 77 4745
25 62 796
8 57 509
34 46 312
80 89 490
13 45 1402
8 26 4835
72 83 4474
29 40 4834
6 94 2622
51 89 4082
6 52 1514
25 48 1638
11 51 325
46 57 2698
24 44 2804
72 88 495
69 81 1349
9 33 2124
31 71 1494
0 30 1944
47 59 2988
57 91 3715
10 87 1430
33 83 1138
21 38 29
53 91 976
8 56 920
9 40 2672
3 52 2973
15 84 1911
11 14 1171
0 18 2277
2 30 4070
28 54 91
53 80 2015
4 35 282
53 72 2236
18 28 4929
64 80 1932
33 41 4938
22 92 3404
3 27 1184
36 44 3616
13 75 1154
3 22 4532
7 34 4647
17 49 3155
55 78 1022
26 66 1731
17 55 4818
40 95 3409
43 73 1741
58 76 3459
7 66 3777
44 66 4764
38 39 2954
83 95 3121
41 51 2811
19 61 4736
38 50 2754
9 18 4295
36 77 1568
5 40 48
25 63 183
13 33 3339
46 70 323
6 33 4017
7 38 2950
69 95 3499
9 68 2556
28 48 4264
4 92 1189
9 27 785
22 69 2194
17 88 739
38 76 3563
57 87 1185
38 58 3586
76 95 1377
14 62 4829
22 89 4431
18 55 1442
26 64 2739
38 42 3406
67 91 3750
80 88 3391
2 80 1932
24 71 4938
62 84 4868
2 59 2913
59 66 748
17 20 4621
47 93 1723
4 29 4165
31 59 989
36 52 2009
49 61 2744
23 92 4448
27 74 960
5 54 2471
26 46 2699
5 13 4611
39 85 363
9 78 673
20 59 3124
7 71 3644
23 38 1699
22 41 580
28 32 1117
7 26 2181
17 94 674
57 75 4461
11 30 776
5 41 2708
77 87 347
2 71 1429
14 44 461
71 78 4793
68 93 2754
0 74 1836
0 86 152
58 78 2695
15 86 715
71 94 3695
6 95 211
92 95 4473
61 82 3399
12 36 3505
9 80 3500
8 81 1048
20 33 1564
29 63 5000
23 86 4261
14 63 4247
30 53 4822
40 82 2305
42 85 3069
28 76 3676
29 55 3700
11 16 1135
6 34 1183
4 51 3915
26 82 1694
28 35 3143
15 26 3442
26 79 2773
18 62 133
5 53 1862
4 54 159
46 81 2094
12 28 2389
55 89 1537
14 81 4687
20 74 4790
32 78 1503
0 32 2077
64 74 971
31 50 2016
20 44 1661
24 82 1399
32 46 1346
66 67 2004
33 94 3547
8 46 2502
75 89 4525
6 23 4766
34 66 3937
27 78 1264
11 35 3471
28 71 4026
53 70 492
10 42 3448
12 54 3544
72 80 867
31 33 426
4 53 4459
51 73 2169
62 66 3712
3 23 4405
48 86 4233
88 92 1624
11 45 3008
36 71 4936
79 91 2020
85 88 698
60 84 1944
6 22 175
19 46 2210
22 26 4035
14 69 1251
27 77 1826
12 77 206
13 57 644
43 71 1589
5 74 4390
17 61 2563
2 39 1304
29 88 1432
42 67 4902
6 91 4373
43 90 424
50 66 3769
14 48 1516
49 54 4663
29 45 3262
8 90 4537
66 78 3454
45 59 707
38 89 1785
14 94 2359
2 7 1500
46 68 3953
32 41 2419
31 47 292
27 61 2229
59 90 4597
29 85 4594
20 87 4855
19 55 4896
36 89 472
11 88 3214
1 23 4059
34 52 2848
0 88 4077
51 75 4318
2 72 4187
36 45 1275
12 45 1164
9 50 1697
11 53 975
27 40 1412
8 12 4352
56 73 1442
11 63 2019
29 53 3974
6 92 753
8 11 2562
33 43 2743
50 64 1481
22 77 3194
29 66 4240
14 89 4243
48 89 4870
30 81 502
62 78 1962
5 68 1896
5 14 4995
54 57 696
5 15 3482
26 85 3981
3 72 2524
67 80 1207
69 82 2707
28 31 1443
1 62 4739
18 39 4781
41 70 3732
59 91 3361
48 78 3471
18 82 4682
27 95 4069
21 42 4153
20 95 4551
33 58 4771
29 58 4865
33 78 3718
19 26 3064
0 78 3868
27 48 3368
38 64 1094
23 88 4016
24 65 603
12 34 4129
11 52 4843
22 50 3406
67 83 4897
1 44 4369
40 49 1748
65 92 653
72 90 4841
16 69 3985
68 78 3730
9 84 488
4 94 4140
22 62 1577
0 1 1249
