1 38 195
0 9 272
2 0 2740
3 0 2936
4 3 3231
5 0 3991
6 2 1740
7 6 3137
8 4 1003
9 3 351
10 9 1368
11 0 1493
12 1 635
13 11 2235
14 9 3842
15 9 4962
16 5 1280
17 15 713
18 6 4913
19 0 73
20 1 2464
21 9 2074
22 14 3191
23 12 2696
24 12 2302
25 11 167
26 5 3301
27 4 2179
28 18 983
29 8 2691
30 3 1744
31 18 4219
32 20 4318
33 3 2691
34 2 4701
35 8 2309
36 22 1844
37 22 773
38 17 4918
39 27 267
29 34 2309
4 12 3452
14 26 4638
2 8 344
15 26 3728
21 33 1417
20 28 1971
18 30 1922
5 33 3259
28 30 1599
1 22 1962
8 9 2138
18 26 2868
18 39 396
13 34 4394
23 31 1258
8 33 76
0 37 3085
10 35 4233
2 4 2021
12 16 3348
3 7 2321
22 29 596
13 14 3067
9 33 781
2 33 1794
33 38 3396
0 6 141
12 17 513
7 38 1545
16 22 3783
6 35 1157
17 29 3149
5 34 3780
21 27 2141
14 39 2699
22 34 2879
2 5 2492
1 18 1218
8 20 952
21 23 4726
21 26 2463
4 11 1981
31 35 4281
5 11 4462
14 34 4861
18 33 1951
14 23 4232
9 34 3162
18 21 4476
15 31 4048
32 33 1643
24 34 710
12 27 548
11 33 1773
4 36 572
15 36 658
1 6 477
30 39 4949
24 35 782
7 26 560
20 23 2474
1 10 1289
9 19 170
7 18 1369
2 38 455
11 12 1475
34 35 443
7 34 1005
9 36 3847
1 8 4505
15 37 4430
13 32 1688
3 10 562
9 22 1069
1 21 3515
24 30 3112
28 32 3687
11 18 1749
5 18 3698
18 24 3947
10 24 3939
20 39 1899
18 38 1167
12 18 4675
9 39 3744
24 27 1064
5 12 3633
18 20 372
13 35 2435
5 38 4038
26 37 1753
26 39 3729
3 38 4768
33 37 2079
16 33 122
4 21 4871
34 38 2904
11 34 1877
3 24 2500
5 17 3951
35 38 2728
9 26 3594
3 20 3794
5 25 830
1 14 2958
17 32 1314
15 18 55
15 25 3259
19 38 2508
2 20 3196
11 23 1989
1 2 1858
5 23 4538
15 28 1140
5 39 4224
21 28 1106
24 28 2624
15 33 112
17 30 425
25 39 4542
5 28 1305
16 18 4689
0 17 4412
0 13 3564
20 33 756
2 10 619
0 33 1596
4 25 1576
4 7 1933
2 16 2234
4 5 2045
27 28 85
35 39 2570
14 30 5000
11 32 4968
3 17 1811
4 37 785
15 29 4205
17 31 3613
1 24 3735
25 34 2531
2 31 4574
6 34 3288
24 31 4684
4 23 350
12 22 1969
8 26 3096
12 25 4817
4 19 1794
26 29 4348
17 20 3518
19 29 4464
18 22 2551
34 37 657
0 1 3535
