1 92 4334
0 30 59
2 0 1387
3 2 2477
4 3 2078
5 3 1735
6 5 2562
7 6 2007
8 3 3195
9 3 3015
10 7 4661
11 4 3339
12 2 4634
13 3 2681
14 11 4132
15 6 1991
16 12 3375
17 12 2864
18 17 1043
19 17 2641
20 16 3980
21 19 1626
22 6 330
23 6 1648
24 23 2091
25 8 1196
26 19 986
27 6 3981
28 11 2206
29 24 2086
30 12 4017
31 18 3917
32 10 3110
33 30 3563
34 25 4430
35 15 4001
36 22 517
37 14 3499
38 18 3482
39 11 2088
40 35 2576
41 24 4030
42 22 3811
43 17 2713
44 28 4337
45 28 4331
46 39 2308
47 11 2357
48 32 3041
49 25 2958
50 8 4474
51 33 409
52 22 4941
53 36 4163
54 42 4868
55 9 4476
56 30 4833
57 4 4518
58 44 3653
59 53 3323
60 50 423
61 13 735
62 26 3247
63 61 3850
64 6 3454
65 18 1836
66 64 2232
67 19 582
68 1 644
69 66 3731
70 41 4248
71 41 810
72 64 3284
73 48 588
74 46 4530
75 10 381
76 57 4570
77 5 4226
78 39 4969
79 15 2826
80 70 3807
81 42 2225
82 79 3652
83 62 2415
84 4 1018
85 21 931
86 46 4954
87 7 1542
88 57 775
89 80 1467
90 75 3973
91 4 3592
92 89 2145
93 71 1982
22 93 861
46 70 771
15 69 863
12 85 3578
68 85 2046
43 77 1637
42 67 269
54 89 4187
16 64 4132
33 77 763
70 84 1905
35 52 702
2 79 3280
76 79 1693
27 32 3618
13 42 1327
34 67 4439
40 92 3647
2 76 3016
12 37 3298
32 92 2297
47 55 4694
51 62 1494
29 61 2302
2 91 4007
36 91 308
40 50 1104
1 43 517
12 74 1527
17 27 500
64 92 2389
4 26 499
7 71 3225
18 86 1419
59 75 3049
0 58 1823
60 61 2878
80 81 918
25 71 972
19 24 887
14 18 319
18 25 438
30 75 856
38 78 3634
22 78 2621
56 77 2932
6 66 3521
5 85 1859
27 61 3584
24 49 1488
8 61 281
51 83 1964
16 92 2038
2 66 3684
5 27 4427
53 88 3722
60 69 3525
12 56 2820
49 76 2914
50 70 4948
48 88 915
16 18 2118
60 76 3629
62 75 4627
9 14 2249
28 31 1015
9 17 4694
81 83 2981
17 48 2236
19 79 213
2 52 1515
79 81 837
46 78 4447
65 88 2852
35 70 4705
5 69 2991
41 65 4955
25 37 458
66 91 2296
32 55 2095
35 64 3152
79 88 2938
51 60 3136
32 34 1163
69 89 2793
67 86 782
55 80 2130
78 90 1223
42 83 4613
15 60 2567
13 57 2354
20 34 1439
15 85 261
12 50 4561
9 54 1908
45 75 4120
23 41 2341
4 53 4997
46 48 4611
73 80 298
19 89 3608
81 92 3967
34 61 2804
29 51 4201
15 62 115
29 66 1952
79 90 3408
45 47 4102
49 93 78
43 65 1022
25 40 4817
6 40 2471
51 74 1432
0 73 1930
56 80 2927
15 76 4454
4 78 1197
66 78 2259
68 84 3296
0 39 1114
21 48 2726
40 66 1026
47 80 4022
7 53 3545
28 37 3883
26 43 3480
55 79 1009
9 36 2151
10 84 3829
20 27 219
24 40 814
49 52 4259
4 70 540
55 84 4893
53 77 4592
32 52 4004
87 91 3935
25 44 3251
17 59 3798
23 67 1055
51 53 3477
44 79 2041
59 73 3987
66 76 1876
12 18 3165
9 71 1466
8 76 1444
87 93 3699
73 75 702
28 86 1944
40 87 2591
54 61 952
59 69 3594
0 17 2075
31 34 330
38 83 4367
22 91 2568
71 77 1346
3 49 820
18 60 1788
35 93 522
90 92 3343
1 56 1611
45 80 823
37 73 1280
21 25 405
2 4 106
18 28 4544
21 22 4704
30 78 731
25 86 1516
42 52 3603
7 25 1927
36 58 915
33 87 1129
43 84 4773
10 81 13
48 63 2565
42 80 949
1 22 2496
2 68 364
11 66 1823
35 89 1436
82 88 563
36 70 841
4 73 1407
26 47 4084
9 88 91
2 49 355
55 72 2346
13 77 1016
14 19 3504
46 61 4425
8 57 394
58 73 1400
37 57 1520
34 93 3030
35 90 3923
54 77 4493
20 75 2142
15 18 1937
21 58 579
34 74 4168
26 82 3626
44 74 2340
58 74 4106
4 86 2613
47 83 1330
61 81 4828
73 86 4798
24 78 3849
45 67 1541
74 75 4545
33 46 2563
20 50 3614
34 62 4249
1 78 3937
21 28 659
44 59 124
39 57 3048
85 88 4619
7 59 1211
34 60 2391
0 23 2860
24 67 4166
11 87 3772
17 34 757
72 73 914
6 85 197
21 90 2518
2 5 1229
5 89 1958
17 77 3414
6 38 620
45 68 3054
9 76 613
73 89 1420
6 52 1125
52 73 4526
32 38 2466
39 90 2119
39 51 4963
26 86 3455
41 86 4847
4 45 973
28 41 978
77 80 571
15 86 3798
28 49 3019
17 26 3339
52 72 2487
77 84 1049
49 81 841
34 81 620
60 79 306
1 77 525
24 36 1320
16 83 3037
53 91 2490
8 53 4342
34 69 486
3 78 4144
31 44 2770
34 47 4235
3 91 1033
78 83 3891
18 40 248
82 89 562
7 69 1004
1 85 4529
9 22 3943
50 89 3525
44 88 2024
22 72 1579
74 83 4419
14 70 4011
24 60 2115
32 53 1636
9 80 2863
5 58 1254
51 73 4857
11 51 4563
13 60 3786
87 92 4153
37 88 85
26 71 3981
4 79 4347
38 73 575
6 80 2241
38 42 109
31 39 3857
32 68 2921
52 68 2305
46 50 1833
65 84 4827
60 74 2899
20 71 1019
21 39 2925
31 53 4597
33 52 3796
10 88 2931
74 76 2487
2 34 4244
27 53 1969
11 91 1933
51 56 2937
33 71 809
56 59 3260
38 41 1041
50 74 1849
62 80 3651
9 67 130
33 83 2038
75 77 3383
1 8 3660
3 61 3302
3 38 4927
33 67 2674
22 71 3144
44 53 1919
8 27 678
14 33 1789
22 32 3978
59 61 2651
10 78 4145
33 68 4091
10 59 3221
24 85 2774
48 58 4757
23 54 3101
52 93 3789
63 69 2321
32 77 3172
60 80 2451
28 79 406
7 56 3144
9 59 588
2 47 4693
3 50 4322
42 62 400
5 73 205
0 3 1246
25 47 3666
35 82 2988
71 88 86
58 60 1635
50 78 3741
42 76 1748
22 92 4449
1 62 2385
45 85 4801
12 27 3758
13 26 4971
24 51 2533
30 43 734
65 66 3645
65 70 4949
63 86 3467
19 59 4924
11 42 2783
18 51 1640
14 25 4960
11 90 2507
40 48 1426
81 82 3371
40 62 682
28 50 3369
52 55 2990
8 70 3074
6 91 1744
10 25 4676
63 68 2595
19 91 2179
31 37 866
16 48 3573
18 87 4270
16 65 3930
23 28 668
21 87 3270
56 66 4069
12 69 1761
51 66 209
22 87 833
60 87 776
59 74 4276
26 79 1742
3 70 3293
46 67 130
19 87 3338
0 68 4658
22 69 1001
59 93 4011
1 86 4592
11 43 1951
56 79 1095
7 22 1286
71 73 1290
45 62 2149
67 81 3365
25 90 3427
24 69 1345
3 46 429
6 10 2954
26 78 2906
24 55 2915
14 22 405
42 87 377
45 56 983
0 67 1976
23 78 1724
2 9 3044
22 82 4943
6 51 1700
41 55 1963
38 51 1231
28 40 1739
72 74 1147
52 91 2519
10 61 1062
12 32 4355
30 90 4697
4 9 157
16 21 2333
15 39 2271
54 55 1993
70 92 3037
18 85 574
51 64 2788
3 87 86
11 77 4947
39 44 4012
64 79 3244
17 86 153
72 89 2982
1 13 2224
50 62 2833
1 34 2102
3 34 1050
5 78 1440
6 69 4369
34 79 2922
10 36 3350
28 88 1421
1 14 1688
4 93 3554
40 91 4163
2 80 2907
28 38 3780
8 23 4145
21 55 1350
28 77 2424
23 65 413
30 40 622
15 74 3911
46 53 4958
3 59 971
56 88 525
6 17 892
67 71 3522
15 19 4774
5 62 994
4 64 530
49 73 1626
39 58 1858
70 72 1494
8 85 1729
45 51 1403
27 69 4891
27 74 905
53 57 1853
27 59 854
43 68 954
0 7 3843
16 59 191
10 56 4253
21 69 3282
42 91 415
36 60 1760
33 86 1444
43 76 2192
7 68 120
54 92 2468
29 90 1503
11 36 4049
26 32 1699
42 55 2609
21 34 3607
20 93 809
70 89 3924
0 11 2627
45 50 3763
11 30 68
42 64 224
7 93 3874
10 49 4333
10 46 3499
3 39 1405
5 90 4328
27 36 4111
4 28 1226
57 84 2833
9 32 1130
18 80 3907
68 92 1842
53 66 29
18 22 1407
43 74 2732
83 90 3255
32 56 2815
61 88 4276
18 46 3673
34 92 468
4 63 2853
2 74 882
68 72 470
4 8 4269
88 93 4633
10 26 157
13 37 4242
13 41 15
38 62 4853
70 82 4868
28 39 2502
3 56 1077
66 79 1194
0 87 3205
7 86 1116
26 67 4807
29 78 578
10 17 3153
30 79 1491
29 74 4512
14 56 1272
61 82 215
19 81 1120
56 89 2382
23 63 4267
45 89 2884
22 30 1734
57 67 540
24 84 148
42 63 4244
3 23 3743
0 93 27
25 65 3723
19 38 2109
40 58 4012
16 68 2232
4 59 398
0 54 2269
28 70 430
16 50 4625
39 77 2465
10 72 3265
84 87 2409
37 51 3665
56 71 3145
12 55 1030
76 80 2134
40 85 1373
62 66 4751
68 83 1558
41 49 1252
59 84 3131
20 79 2860
20 80 2652
64 74 3060
5 53 4750
27 47 4639
34 46 3406
89 90 4626
13 32 2547
50 82 2064
17 37 1302
14 31 2913
23 75 4179
10 60 4303
1 82 1401
11 50 2832
23 30 2184
3 60 2007
83 88 4459
44 46 3930
16 70 2641
26 53 227
40 60 2306
30 34 3333
25 73 3169
40 77 950
6 55 4293
14 55 3398
3 68 1012
16 43 2989
64 91 1494
3 65 4665
53 72 3676
32 54 4410
32 81 133
16 61 1325
41 87 3800
17 93 3700
31 65 4333
41 75 3790
87 88 3942
46 93 4159
19 63 1373
21 29 1275
13 58 690
9 57 4850
38 46 2911
6 76 1631
34 55 420
43 58 1319
25 35 1882
48 74 1858
36 92 4623
35 66 3148
20 59 124
44 81 1699
33 84 4746
14 15 2398
27 73 2746
13 79 4731
34 44 3120
33 47 1506
26 31 4229
55 67 3745
24 92 235
5 65 3689
7 36 1452
25 55 4081
29 57 4290
69 92 564
20 88 2747
33 76 3189
9 38 3974
61 87 865
64 80 383
22 85 3395
40 81 867
37 60 2255
69 77 1378
26 27 4120
34 71 3325
38 50 3434
20 72 4783
52 84 54
21 81 2804
11 63 2235
39 64 2115
12 84 4392
35 37 812
18 52 1267
81 87 2350
13 81 477
26 42 2970
28 46 618
19 88 40
13 80 243
52 75 2454
12 77 437
52 87 425
9 63 2708
13 91 3424
45 79 1090
38 45 3224
47 62 348
37 66 1264
34 91 3503
21 82 3933
29 69 91
7 39 3138
79 80 4188
49 54 1366
17 31 4797
73 77 2789
39 85 4744
18 83 4261
21 50 1370
58 82 3384
56 93 3745
25 63 1534
21 40 3959
56 78 1884
43 91 2867
62 82 3606
19 62 1801
82 83 1030
71 75 293
67 89 4868
43 67 4395
27 29 2246
57 86 24
34 82 2339
17 72 2193
10 37 2081
30 87 1567
26 29 4315
82 90 3955
45 71 3638
27 68 2126
14 73 1899
29 53 2761
2 42 3603
30 62 1588
8 14 4218
61 78 3528
23 74 186
85 86 1977
48 90 2415
29 79 1658
8 18 4722
9 81 1817
30 54 716
25 28 2670
1 71 2714
34 80 4824
16 88 41
10 70 4583
43 83 105
72 91 3607
39 60 3293
53 56 3941
14 42 1370
31 47 4233
5 18 585
78 85 4230
22 40 1059
15 57 2307
11 31 362
66 84 477
24 68 4006
78 81 3652
59 80 765
18 81 3752
37 90 684
19 66 3853
34 53 3068
7 52 4625
21 23 3601
29 80 1048
72 87 2715
13 28 4590
23 56 820
18 73 228
59 68 3936
48 86 4883
37 80 3721
8 42 2494
33 90 4458
31 76 3565
18 64 3082
29 62 4773
0 41 4229
20 60 60
11 68 1548
35 44 4522
72 78 4264
3 86 3076
6 84 1906
44 69 1815
46 88 2368
64 81 3796
48 89 1635
5 79 2510
35 60 1853
89 93 111
24 70 4432
9 77 1464
19 50 2674
42 44 1696
30 38 935
36 79 1289
5 40 2536
0 47 1223
50 83 1089
6 8 4765
4 24 3478
34 50 4450
22 41 43
77 87 1480
27 71 3416
4 7 1002
20 39 1168
67 93 3359
40 90 3977
27 63 3326
54 75 4973
0 14 3153
47 63 1694
50 76 2734
13 22 4008
14 35 1582
8 62 1455
30 86 2001
38 58 1417
6 70 1941
22 58 2460
7 67 1465
9 47 1099
3 74 1570
43 79 1394
18 89 3770
20 32 89
59 72 896
36 89 2929
45 74 2748
1 17 1133
2 30 1937
66 73 2387
65 81 410
54 62 183
18 59 232
47 69 2359
0 44 2018
34 59 3715
11 15 3856
23 70 1061
48 52 3684
70 74 1788
64 67 410
40 54 2829
29 32 1215
11 32 3669
66 89 3384
11 48 2042
17 84 4885
36 65 2936
15 42 692
41 85 4858
30 88 464
54 71 3558
19 93 2909
4 48 2766
44 77 2137
24 65 4785
51 67 601
6 37 4206
0 91 3315
60 62 1434
0 78 2870
33 59 28
50 90 4086
26 56 4018
22 81 4878
40 75 3279
10 18 4746
9 65 2528
32 78 528
41 89 4850
17 60 538
38 72 1154
61 69 1414
37 87 455
25 72 4890
12 81 3559
64 73 1161
35 48 1389
31 56 2440
23 89 2726
17 70 1431
38 60 4476
34 39 3556
6 31 3966
40 80 4538
13 55 2412
19 39 4769
25 61 4700
16 84 1681
9 60 1172
63 81 4868
50 53 3463
12 65 658
0 84 2049
54 79 261
4 29 3499
1 36 3940
22 62 311
26 64 2102
41 78 564
5 29 4620
13 82 4173
51 77 1141
37 79 2289
37 86 1799
64 75 2773
50 58 2754
27 79 2710
7 23 885
20 57 1324
4 25 4126
14 89 1270
30 83 4198
63 65 990
7 66 3403
10 42 670
24 42 4019
3 26 2061
41 83 2878
48 87 3730
26 36 311
22 31 726
6 50 2998
77 91 1883
4 5 1444
49 74 1336
12 78 3429
37 92 1162
0 31 749
23 59 794
16 17 4760
5 39 2355
26 34 2000
47 72 3306
88 92 110
3 22 4083
1 26 2661
23 43 4424
47 66 4957
2 21 3954
46 49 3183
6 39 1220
5 71 3085
42 73 3027
7 49 4091
24 83 1840
44 66 3398
17 23 1088
2 92 2627
46 59 2260
32 75 4915
3 66 2866
22 89 960
1 81 1470
32 73 4774
14 87 1607
44 54 622
30 70 2029
13 20 3116
19 73 344
39 40 4361
12 83 1279
10 57 2392
44 91 2142
42 77 2390
10 79 3724
69 81 964
2 31 2785
14 34 3818
7 19 1368
17 66 4259
42 56 4714
11 55 1796
31 68 2557
2 81 2574
57 91 3092
1 24 3158
8 87 1531
48 84 369
34 75 771
36 43 2104
32 42 2179
27 57 1848
8 73 878
33 65 2441
62 72 210
47 88 3703
25 62 154
10 54 1394
36 47 3057
24 72 259
18 27 788
70 83 4076
26 76 1304
59 60 3050
2 20 1999
6 36 4642
28 54 3057
55 70 3278
23 76 1240
16 36 3052
5 59 3769
47 91 444
35 88 1208
1 15 3031
0 65 4988
36 55 3865
20 30 4271
22 68 4604
29 38 2663
11 18 542
53 89 1297
81 88 2133
7 37 2620
12 14 372
37 85 4427
33 50 4910
22 27 2833
22 29 3863
40 42 589
1 66 3196
42 66 1947
15 31 1098
10 76 4118
3 17 2669
54 86 4457
14 80 634
50 68 2321
48 54 1892
4 20 63
23 26 883
53 78 1557
32 45 4974
12 64 1710
7 51 3064
75 93 10
24 59 4021
11 73 1153
27 50 2130
3 55 3225
20 86 2771
23 92 850
37 65 2997
44 90 1986
27 78 2807
22 77 2053
35 68 3710
91 92 1436
52 82 2409
23 29 3736
51 54 889
8 51 1860
4 35 518
69 70 955
33 63 1568
68 69 3680
58 67 2550
22 70 4343
4 50 742
2 61 362
53 80 3145
34 35 4924
65 69 1404
62 81 1337
4 49 1889
17 30 4369
6 53 3695
35 78 3517
22 57 1885
30 73 2627
12 87 373
18 26 3931
0 82 1976
31 79 3494
2 90 3871
46 63 263
64 82 2430
33 56 1088
20 56 1751
11 29 4645
52 56 3182
20 29 2432
61 74 773
51 72 3043
61 90 752
11 21 4621
51 92 2942
5 72 2129
58 79 1719
17 57 3563
18 44 4379
39 55 1475
3 76 1450
41 45 3729
22 48 3023
1 72 1410
18 58 77
56 68 2891
36 68 3583
68 88 3188
60 85 3959
22 39 4724
23 62 2271
27 60 1716
49 59 4098
31 49 2158
64 78 1158
19 22 803
18 37 659
19 56 2570
37 91 3116
12 34 757
20 45 3996
51 87 3830
84 93 4241
73 84 2124
69 72 3604
44 82 4955
38 77 2251
40 64 2002
9 66 3519
60 64 1855
18 49 1743
66 68 240
58 91 960
6 62 4783
27 56 835
14 91 3971
16 56 448
36 62 1560
25 87 2180
12 26 4988
72 92 3842
61 80 1336
5 68 4533
39 56 3351
12 24 3512
3 64 3683
49 69 4015
55 83 4378
44 61 4187
42 68 1666
6 30 1229
69 75 3148
69 79 2013
31 60 4463
5 50 4816
49 72 2399
16 66 1205
80 86 3545
30 59 1429
41 72 501
6 92 932
29 42 4686
10 52 2834
50 61 3132
55 58 2667
62 84 112
1 83 4333
13 34 1073
1 60 3287
47 93 4520
20 54 176
41 43 3807
18 19 3150
27 54 2581
55 86 3040
38 70 1281
43 82 3655
35 55 4565
5 57 1522
2 60 4632
46 73 2604
26 65 4716
5 16 1774
65 74 3175
36 42 1991
16 80 3810
4 40 718
45 63 1292
74 84 2268
37 75 921
44 86 4623
41 63 4520
1 39 3469
30 63 4979
42 71 4456
18 56 212
34 90 3072
71 80 1812
14 92 895
21 51 3727
42 90 2098
18 35 158
40 57 3761
14 54 3326
0 57 1361
2 48 2956
33 38 1118
57 71 4676
10 85 1972
68 75 4034
61 72 3618
7 33 1446
41 76 979
39 92 1320
56 70 2403
7 82 1030
20 37 1801
26 46 3940
49 75 971
10 13 963
28 32 2496
2 25 2275
19 90 4257
28 51 4263
45 88 893
8 75 426
46 55 3197
23 58 2633
27 51 3647
15 55 3305
1 7 2309
68 91 2501
13 44 2210
20 58 706
33 49 1407
16 93 4752
12 45 1800
11 69 4791
70 86 1053
59 89 2141
9 78 1374
6 57 1478
5 84 4580
33 54 2968
2 38 3422
35 42 2301
83 86 3618
31 58 642
15 82 4978
42 92 4407
53 68 378
22 90 1600
8 21 4373
31 92 549
12 90 4831
50 63 1160
58 68 4105
3 25 692
55 76 897
48 62 319
49 78 2058
2 57 2012
21 64 405
78 88 2604
10 35 2901
51 59 1011
37 82 1467
5 31 668
39 69 2595
16 35 2616
6 28 309
10 27 3062
24 76 2966
29 60 266
13 48 3915
56 73 543
22 74 3359
9 21 1006
17 36 854
41 48 2522
47 89 4549
48 56 2280
18 20 168
30 72 3174
9 31 798
15 89 1202
63 67 3241
7 9 1021
15 92 3038
27 64 2400
60 91 784
11 65 4587
15 90 2526
12 46 416
68 90 1097
10 39 352
8 67 2655
3 33 97
29 49 2301
59 66 1180
32 43 3907
9 45 4024
15 21 1868
27 43 3578
10 68 4608
50 73 4993
25 64 4796
4 54 371
5 83 3009
70 81 3939
26 57 4406
75 89 2738
5 54 3085
19 54 1863
9 89 3078
4 81 334
18 41 4796
41 67 3326
36 87 2122
60 77 2667
21 32 2260
85 93 4915
5 82 3099
9 87 825
16 57 2955
22 28 1029
62 70 2374
36 64 2538
25 52 893
38 49 4450
78 92 647
43 51 853
49 66 1352
55 71 277
34 45 3577
64 68 3199
31 63 1496
71 92 2751
33 78 1091
37 38 648
6 11 2299
42 88 4965
44 48 4584
11 89 4215
1 6 2440
3 29 4288
7 77 3762
52 74 2191
5 47 250
2 28 3307
41 60 1040
22 56 4891
45 73 3483
9 49 4909
3 54 4913
2 69 3425
78 79 4884
38 43 600
69 80 3855
7 78 1985
32 82 3848
42 93 2048
36 84 3729
57 65 3011
1 32 757
49 65 2016
10 87 4928
18 78 2124
19 75 738
49 58 2758
71 89 1520
42 61 3135
20 22 2892
49 89 2044
55 77 2712
60 65 933
16 69 4312
64 87 3170
4 21 2031
62 74 202
21 35 1658
0 28 3142
35 73 2185
12 39 991
57 70 3604
2 39 4981
73 93 1636
7 89 2672
60 83 548
10 30 4087
12 76 4502
17 40 2257
44 89 18
27 82 1835
40 72 1412
28 43 2018
13 39 4486
50 87 4788
54 84 4009
11 85 4741
7 46 964
33 35 1020
2 14 390
0 29 4236
4 65 1476
56 86 1352
78 84 3528
16 26 1430
33 80 986
20 81 2638
0 27 886
59 76 1667
55 60 1877
8 26 119
72 80 3377
10 40 660
1 49 1465
23 37 4124
1 92 3348
17 68 732
38 79 2809
8 71 1108
52 90 345
2 40 4172
17 39 860
19 34 3300
63 64 2232
22 46 860
82 93 2421
56 69 4493
16 44 3769
32 90 1597
0 79 2361
0 89 425
81 86 2904
30 85 1804
42 65 1673
33 55 4566
50 86 163
13 25 1221
14 84 489
63 78 4055
3 19 1581
54 93 674
10 92 1565
67 68 1265
15 46 1642
19 64 367
24 71 3903
37 39 3116
14 46 3998
68 78 3703
52 80 2460
8 41 4897
5 64 4256
74 85 925
0 45 3210
14 83 3440
38 40 1741
13 33 4122
8 24 4284
13 67 4028
30 91 1449
1 28 2978
4 51 4517
11 67 2555
9 61 4544
19 92 4880
1 4 892
35 53 2396
25 58 3916
10 62 996
83 87 675
43 44 2412
19 48 656
37 72 2219
8 79 4388
32 39 2153
17 67 2005
14 72 3903
56 67 972
25 42 389
62 89 4663
33 91 2473
6 43 2980
35 57 2109
30 42 181
23 90 1689
11 26 2204
7 40 1906
33 48 2125
60 78 1207
48 66 2272
64 71 1517
20 85 4302
26 84 2398
15 54 292
22 53 3149
14 26 4065
72 77 3473
2 27 206
25 69 1992
5 34 2866
2 18 3760
76 82 815
73 79 2548
14 71 3320
4 37 252
39 41 647
17 56 2967
8 13 3035
26 63 1110
26 80 4543
50 80 1793
20 84 2020
12 72 1744
20 40 140
5 37 4109
59 87 1617
31 90 3552
13 24 4401
22 88 2560
1 50 1781
28 68 3729
37 62 3499
5 30 3486
28 48 2810
31 38 445
45 57 435
2 8 3438
55 88 3526
5 81 1160
31 86 2516
25 76 210
33 39 4832
25 60 108
26 38 3659
20 69 3760
41 93 535
25 26 3907
14 63 3871
33 44 401
28 55 1710
5 61 4
17 21 3525
47 75 2631
66 88 4689
10 86 722
58 72 4382
60 73 1555
27 92 1784
17 22 120
31 88 709
31 71 2839
39 89 4819
49 84 3807
2 56 3702
3 37 3433
35 76 3253
28 73 2143
37 63 478
76 86 3195
5 52 3618
19 43 721
35 74 1153
42 48 4075
39 75 3542
0 53 149
21 31 1372
50 65 2399
20 89 3384
15 27 1723
7 80 3362
0 77 3248
1 63 3956
48 67 1726
1 59 3922
35 41 2884
45 58 1843
70 77 1738
1 88 4058
29 31 676
3 73 2626
47 58 2658
1 35 2874
82 84 4703
21 76 3943
52 70 3755
11 17 4561
49 55 2652
41 81 3343
51 70 3623
12 35 218
10 89 2791
35 71 2469
24 38 1687
40 55 1186
11 41 2326
36 49 1854
44 71 471
20 52 4215
74 81 1755
28 81 3444
41 77 3608
20 49 2854
19 30 3651
7 72 1110
17 29 2250
3 89 2808
52 69 520
41 42 425
63 90 3983
31 52 3684
50 67 4920
60 67 1065
42 74 4733
71 87 389
28 36 181
26 77 4615
19 85 4568
71 72 2643
26 50 3942
40 93 1529
74 86 892
16 38 2385
5 49 1090
66 92 1304
1 52 3318
0 51 2606
16 67 4785
0 46 3257
2 85 4751
10 74 2644
18 67 2032
13 50 606
25 43 833
0 33 3780
58 93 428
47 86 3326
19 51 3799
8 34 4821
52 63 359
68 76 4402
59 83 2187
13 27 4039
53 90 3456
7 26 133
1 89 127
10 66 3530
20 73 1055
42 50 3591
63 71 4941
26 52 4697
2 46 954
47 85 868
69 93 2421
35 83 2047
3 24 1111
45 82 4037
62 68 4249
6 68 2545
43 93 3839
7 84 2686
33 43 2964
0 35 2555
29 50 375
23 69 1696
10 28 2774
19 68 4749
13 53 4925
16 62 2510
43 55 3954
4 32 993
26 41 2213
13 30 24
86 88 212
35 62 4640
47 68 3315
36 51 746
69 71 3905
8 92 2117
15 84 453
23 44 104
26 72 1529
3 36 313
16 45 212
51 84 992
15 47 192
42 53 2879
31 89 4249
30 76 3008
55 65 4147
58 90 4494
29 56 217
5 92 341
23 47 4776
53 71 4155
63 66 3833
0 6 3277
33 61 2802
32 57 1517
0 8 71
6 47 1038
21 89 2413
5 26 3309
81 91 2015
79 84 4942
23 36 894
48 76 4141
30 57 216
0 21 1105
22 25 476
88 89 4130
61 70 3686
80 83 563
44 50 1103
5 12 1974
12 86 4523
38 57 699
29 88 1416
56 91 3815
63 80 445
75 79 1828
15 63 740
8 17 4092
10 22 2724
91 93 2446
42 43 3567
83 85 4824
21 86 1411
0 85 1207
33 57 1697
19 44 2349
0 49 377
3 92 2390
70 79 1982
63 92 4641
22 73 2086
20 21 655
28 65 3552
9 69 2793
55 89 4061
20 36 4928
50 54 4390
8 43 2012
4 55 2454
0 36 4474
14 29 4233
55 62 3197
11 79 3778
41 56 4042
3 51 2874
31 41 1506
51 88 3893
14 17 3256
51 58 2909
4 90 4920
20 38 2578
22 59 1411
45 55 4747
30 51 2411
61 65 221
17 91 2727
43 73 2575
40 86 1175
51 76 874
2 36 1215
71 91 4766
20 31 3611
18 36 2104
32 64 246
74 90 1162
19 70 2663
13 54 1251
3 28 3835
35 92 74
22 24 4496
20 67 4617
0 69 723
0 38 4197
23 61 668
13 65 3666
1 38 255
29 58 704
6 13 276
28 84 2788
46 60 2883
43 57 1794
28 33 4025
39 59 3873
33 70 1687
25 74 395
22 84 4372
28 93 3004
33 37 1521
37 53 1434
44 56 627
59 90 3655
9 26 437
4 89 1343
21 83 3437
33 89 3725
13 45 1310
26 83 113
82 85 2969
67 91 1137
16 90 4615
26 88 4544
28 52 739
51 79 3339
3 40 1576
1 19 3945
33 62 2177
35 61 3056
18 82 4004
14 50 73
19 72 1138
30 50 1786
14 90 3226
14 62 2807
28 78 4888
56 74 2767
11 33 385
64 70 4093
74 80 1132
5 51 4366
10 23 96
21 52 3211
52 89 637
7 42 1099
12 82 1989
32 61 2631
30 61 3979
21 53 4180
13 17 1856
10 93 1947
24 77 1414
36 88 3942
25 70 502
15 43 2771
8 63 4322
39 67 1582
8 89 3725
1 54 2441
2 63 794
49 80 2212
17 28 4003
23 73 3727
58 71 1193
1 3 3849
60 89 3973
21 60 3490
25 54 3199
29 64 3471
10 44 1062
39 62 4748
0 61 3787
16 54 4874
16 86 1067
23 25 4440
13 88 2844
59 67 3326
9 37 2946
41 52 2467
41 69 1622
15 61 2845
22 65 1985
75 78 1062
17 69 4252
37 61 4772
5 55 2793
27 40 948
54 58 2823
6 9 2863
41 92 3850
48 85 340
3 20 4475
7 48 2896
12 58 1131
59 91 1093
18 34 1028
29 77 1474
46 85 4404
8 56 759
11 80 1776
17 83 534
28 58 4260
28 42 962
45 92 3326
16 78 4556
37 52 269
5 11 2926
30 68 4529
29 65 3468
16 32 2194
13 43 3511
21 91 916
4 56 3931
9 68 4302
51 71 4927
15 52 4112
15 71 2697
34 78 3004
5 13 3416
7 76 1608
32 40 3675
62 71 954
26 69 448
26 92 3961
35 63 4930
21 79 4265
26 90 3210
21 26 2041
45 49 3559
8 88 3532
61 84 4169
53 54 143
25 32 682
25 48 4152
3 80 2723
25 56 2267
0 56 2327
71 79 3557
12 63 4797
74 79 3731
23 81 2050
10 20 3582
0 5 3919
11 56 3299
46 79 4159
65 76 903
79 93 968
11 20 1465
13 56 445
6 41 2987
54 64 864
79 83 1777
4 41 210
21 74 3711
60 72 4851
9 18 3648
1 37 4891
51 89 2383
14 36 2515
24 37 4174
24 75 1299
58 62 4106
6 35 1964
77 83 3711
12 68 601
16 72 4579
2 19 3022
10 41 4290
47 74 1660
2 71 1405
18 77 738
14 82 510
51 68 1003
36 78 394
41 58 2314
21 54 2686
22 51 2396
5 23 4846
9 30 1443
37 64 2872
9 53 3420
43 71 3783
9 62 775
37 74 772
17 64 1120
65 78 2508
8 38 4494
13 47 1524
37 93 4972
36 52 912
72 88 3355
1 55 83
14 20 3320
0 71 4979
7 11 3906
31 55 4857
14 58 839
54 87 4630
37 55 1312
71 76 1493
54 82 3029
15 33 4772
8 32 993
13 89 3505
68 93 4785
50 84 3298
27 30 3547
66 87 4750
27 58 1767
32 59 45
46 80 3804
23 42 4170
45 46 345
6 49 2021
10 29 2332
50 72 2764
3 71 1359
44 68 665
30 55 2621
25 78 1459
19 52 3798
6 54 4327
29 85 1354
44 55 4333
5 44 1718
35 46 4534
27 72 4605
6 89 2882
6 90 4767
44 93 30
82 91 1444
14 30 462
32 46 809
32 88 1081
78 93 1827
8 40 2070
35 50 1292
11 19 179
22 64 3644
32 69 2421
42 60 3858
12 48 2601
11 83 4741
31 70 1951
52 86 4485
64 76 4375
44 49 1636
34 86 1400
9 92 61
5 25 2555
8 28 1848
25 59 4760
34 72 2869
39 93 1731
11 61 4617
14 51 3693
6 83 2460
26 85 3162
54 70 4637
19 32 3128
47 50 3685
66 75 2551
51 69 1712
27 80 3693
53 70 2528
20 61 467
19 29 2446
24 54 2890
51 75 555
47 77 3009
12 36 1712
31 69 1608
84 86 3921
2 54 2124
10 34 2229
45 91 434
13 46 998
43 46 2172
6 88 4266
5 45 1694
19 58 714
37 76 3644
20 70 504
13 72 3484
16 22 2360
44 76 790
9 83 4128
54 91 1090
48 70 3578
23 93 2999
66 72 4313
24 48 4437
1 10 4467
45 76 2316
46 64 2592
1 30 1430
53 69 4042
13 36 730
31 42 4680
35 54 1856
10 69 3008
75 81 3073
11 27 2969
50 81 946
72 84 4060
33 36 3801
42 58 3364
30 45 3913
5 80 4503
49 64 4943
43 49 2108
59 77 966
32 79 3064
37 84 1636
28 92 4720
4 23 2883
31 75 629
42 78 2423
6 42 1165
4 85 1546
19 86 2446
2 29 726
25 29 4165
47 71 313
18 21 2805
11 86 3617
28 71 2243
2 51 1113
39 43 4349
24 44 1792
56 72 1254
53 86 3650
35 43 1756
17 33 190
63 89 3531
33 66 2897
49 50 1634
21 41 3584
13 70 4835
4 75 2030
31 59 2598
19 57 3393
7 41 947
16 33 1976
46 76 3741
76 84 4737
17 52 3129
6 74 2296
39 47 3054
48 75 2086
4 66 4676
44 85 3681
29 82 3744
62 73 3242
2 24 3280
36 71 3414
54 60 2896
19 45 2709
17 75 3897
26 89 2453
29 87 3635
2 64 937
43 45 4039
36 41 3941
5 17 4428
4 15 305
67 84 858
19 28 2642
47 78 2017
30 80 2652
1 40 2174
71 90 4080
84 88 941
14 77 2720
43 81 1254
1 87 4474
77 86 4787
46 82 3258
67 72 1756
44 84 2591
69 86 3397
0 20 2866
0 19 45
14 57 302
38 53 2085
5 38 1558
43 54 137
16 39 2078
24 26 573
62 86 3016
55 56 422
6 79 2026
40 51 367
0 48 1192
82 92 3550
6 65 913
5 22 2525
72 82 1637
25 83 4323
73 92 99
84 89 3232
15 38 506
25 82 239
49 63 4223
61 71 4608
42 86 125
38 80 819
10 71 3702
15 40 3604
50 57 4813
15 26 987
67 92 4927
34 89 3772
2 70 3814
39 49 2619
64 88 4006
25 89 2483
8 11 3408
43 53 3209
18 30 192
9 93 179
51 86 4636
41 88 346
10 14 4152
42 45 4246
10 31 44
77 89 93
57 63 3453
17 79 3217
35 86 2490
58 75 4743
31 33 1688
17 61 3495
20 74 497
51 65 4331
32 71 1018
19 33 1632
14 21 3378
11 88 58
6 73 2994
57 80 1516
32 47 3643
12 33 517
82 87 994
69 87 2040
59 92 1635
4 67 4794
71 74 4108
22 80 4401
41 73 3112
24 30 665
25 85 762
28 72 3148
81 93 4594
6 67 3528
0 63 4137
28 90 3617
77 90 2966
26 60 3116
28 69 239
69 84 2068
10 11 3542
47 53 3981
50 64 853
15 29 3950
38 63 219
73 85 4882
16 63 493
55 90 3377
9 24 4927
47 52 532
17 25 44
49 91 3295
27 38 3416
6 16 1617
6 71 1260
9 82 2267
47 92 1672
51 63 51
22 67 4819
67 69 174
21 70 599
34 48 2443
19 35 2237
50 91 1082
35 91 969
37 81 798
16 30 3885
42 59 616
2 73 4175
35 79 424
3 35 4342
7 79 3113
58 61 3162
3 75 357
7 15 1677
5 70 3315
7 60 3145
45 59 4522
48 51 3345
27 35 3358
26 58 1033
31 45 244
7 24 1268
28 30 2578
84 90 3426
23 49 4759
80 93 4499
16 53 3536
65 71 4874
6 25 4719
46 92 2336
15 49 330
19 41 3736
6 32 3879
13 63 3892
50 56 1977
50 93 2645
5 20 4631
63 79 3257
9 84 4454
30 69 3847
8 93 4162
76 85 4591
60 71 3859
47 81 795
67 90 2955
34 42 1902
31 50 2692
44 73 3284
17 54 3756
67 73 194
14 65 284
65 85 251
42 72 1427
4 27 3871
5 9 4852
24 64 1450
9 29 4493
13 86 2309
8 54 445
28 29 2645
69 90 3104
30 89 3752
4 58 2127
29 63 2522
14 28 3897
28 53 3318
19 31 1277
37 47 3903
57 77 16
27 28 94
14 24 275
3 30 1895
12 66 1477
16 27 858
37 56 4369
38 86 4907
33 79 2694
57 82 40
27 49 2106
14 78 193
28 75 3172
39 81 4329
7 90 2487
68 89 2462
11 54 4119
39 48 3462
56 58 4817
39 82 3564
22 37 3056
15 88 2930
47 70 2020
7 8 271
13 40 1634
38 54 2738
61 73 48
17 42 2261
1 79 3616
11 45 783
43 69 2909
52 62 1
64 86 3058
80 82 2927
48 53 4803
15 68 4772
36 45 692
17 20 4734
23 68 1501
42 75 108
7 54 3643
18 50 1301
11 23 3985
21 63 4560
8 83 2552
56 63 4012
29 68 3940
29 46 1353
7 64 4661
41 61 2299
57 92 2003
46 81 2133
15 91 639
61 62 711
8 44 318
22 76 364
19 36 4897
33 42 1540
34 87 21
30 36 2675
21 43 2629
45 53 968
6 19 363
28 89 3101
58 92 1260
73 76 4419
40 89 3665
53 87 198
27 52 1088
18 33 996
53 79 617
8 65 3702
72 85 2895
59 63 2490
7 58 4699
44 83 1412
18 45 2605
41 44 1070
9 11 3623
16 47 4544
8 35 554
38 65 3598
52 65 777
48 50 2243
12 79 4976
30 32 4892
66 83 1009
24 35 2873
3 41 1021
25 50 3030
9 86 2107
37 68 1308
37 45 4217
1 12 1899
51 57 3268
5 8 43
32 50 756
8 78 910
30 35 1128
31 77 3671
3 77 1408
27 62 2108
35 80 1602
32 36 1014
11 24 2745
17 87 4891
26 73 2109
34 37 493
19 84 4904
21 33 514
70 85 4668
58 89 359
51 91 798
2 65 3528
53 67 2327
17 50 1093
22 83 4875
5 42 3007
43 88 1798
41 74 3794
36 80 4051
1 84 3408
40 79 2766
34 85 1783
4 16 2217
2 10 3936
33 72 1169
3 12 2552
27 34 4810
15 32 4207
42 69 240
75 80 3608
21 57 4471
47 90 3051
61 66 3971
61 77 1797
24 58 3432
40 73 594
9 74 190
21 67 2794
14 23 1799
6 24 1218
63 73 4504
66 74 426
50 69 1215
52 60 2087
26 54 4097
33 88 4623
9 15 2623
30 60 3186
9 44 2898
70 76 3366
76 92 4541
0 90 3209
53 61 82
1 21 3616
32 41 2474
5 60 1861
18 93 2836
70 88 1923
65 80 2428
17 88 4500
8 29 2479
24 86 897
22 47 2475
29 39 3086
53 93 3718
74 89 2380
21 88 1673
9 48 444
80 88 2052
2 82 3446
52 58 3339
48 81 3743
4 80 4546
6 86 59
57 79 2023
50 92 133
34 84 1927
33 34 1635
51 55 4187
65 77 2639
80 84 1609
27 41 4880
20 47 2769
17 82 18
1 91 1240
33 85 1523
88 91 1820
33 69 4555
17 90 607
45 70 1002
39 83 2159
24 25 642
21 49 2153
2 77 2170
39 86 2000
8 20 2253
14 48 2861
25 31 2755
20 24 3266
11 57 1506
56 82 378
59 79 4343
29 45 3567
56 76 1840
0 86 1157
9 27 4226
0 72 3952
12 59 3207
18 54 4769
12 38 3887
23 88 3891
7 63 326
0 26 4622
43 56 1506
39 42 4084
39 45 2191
4 76 2892
2 35 218
0 92 2099
32 44 26
11 46 3255
58 85 3603
76 83 4836
32 70 2634
0 18 4176
25 88 3362
6 20 2241
43 48 2744
35 56 2897
44 51 7
28 82 1077
20 42 2804
24 28 2226
28 66 3961
47 60 2254
31 66 2738
38 55 1193
58 78 2015
7 74 1736
22 60 1036
29 71 1035
56 57 3262
9 91 1489
79 86 2772
46 54 3497
36 72 1861
53 81 980
26 39 3128
46 52 1991
54 73 1597
32 80 2189
58 81 3237
7 88 445
53 60 2258
20 41 2924
56 65 4851
46 77 1988
63 85 3254
29 93 1069
1 65 2503
64 77 4661
0 16 1987
3 53 1026
20 91 4089
59 65 1315
62 77 1649
45 87 4726
16 23 2831
1 31 1171
17 92 2255
38 74 2689
25 66 726
29 83 2516
17 73 3029
20 33 4519
26 51 187
17 62 4483
33 53 3866
3 7 1836
44 65 638
36 85 2466
56 84 3897
38 85 4190
1 53 14
16 51 385
29 70 4307
27 33 415
30 64 959
16 75 1193
8 77 716
2 22 203
6 77 399
44 62 340
90 91 3430
21 30 4666
43 85 1
58 70 822
38 91 2561
21 46 4969
14 69 3226
27 76 4334
50 79 26
36 67 2195
0 42 1753
32 35 125
2 67 79
54 76 13
56 92 3095
45 48 1922
27 66 3168
32 62 146
15 23 927
8 48 2528
51 90 3003
75 91 267
6 63 712
36 50 1575
89 91 1126
31 87 1810
37 54 1270
21 56 229
1 57 1554
26 49 1
86 92 906
0 10 4311
9 56 1306
20 46 1602
18 29 491
49 61 1716
11 25 2946
57 89 1197
2 86 3760
18 74 3711
8 31 3182
40 61 4298
58 80 945
12 41 303
60 63 1928
5 74 82
49 70 146
57 69 3832
47 79 180
23 86 639
45 64 1033
14 60 4911
33 40 3012
15 83 4156
85 92 3815
13 15 3799
11 62 2778
59 85 1252
76 90 1592
13 49 4989
37 42 1389
62 93 3391
79 89 1389
25 27 2676
0 70 70
13 68 201
49 57 314
39 84 2278
1 76 331
20 53 1605
10 24 3960
19 69 2171
13 14 419
76 81 3462
43 90 2086
35 67 2621
5 48 4379
61 92 1044
57 73 3531
52 67 3681
52 54 172
5 24 1688
38 66 1627
17 35 4537
32 65 1075
66 80 4249
19 76 3691
4 10 4204
29 76 2594
8 86 1168
8 15 4435
17 80 2726
4 17 22
6 48 2005
19 71 4254
4 87 3425
3 79 3780
22 75 955
8 59 1346
45 54 184
14 93 2522
19 61 1354
4 72 1117
34 68 3733
76 88 4312
29 67 4231
53 73 970
76 87 2335
7 17 4769
36 63 3389
7 83 2976
59 78 212
50 75 1161
17 53 2699
43 86 3698
30 37 2221
33 64 423
43 72 1201
1 73 895
5 43 2193
38 92 4037
7 30 1168
12 31 4609
85 87 1024
79 85 4863
12 57 2358
54 80 2132
36 83 2204
36 77 1768
69 73 2038
6 56 1039
52 88 3350
26 44 3488
39 66 1520
14 64 1500
50 71 1562
34 54 3846
39 76 4389
76 77 4874
15 77 2834
5 76 2316
57 83 2310
21 44 2672
41 82 4826
78 87 4024
14 53 3544
43 62 4940
30 84 1105
3 45 4224
36 82 3411
20 62 2300
0 50 2120
29 75 3194
10 19 153
20 76 1757
69 74 2388
2 7 341
9 70 4273
8 36 4934
42 89 389
34 77 914
28 74 2662
23 57 1730
67 75 4052
66 85 4332
16 74 2495
11 74 1695
81 90 2287
15 72 3375
17 38 1582
41 66 1466
60 75 2118
12 62 3533
11 82 222
21 45 815
24 56 4289
48 68 3447
35 47 2353
40 71 2612
38 89 3287
31 32 3183
15 41 1442
27 93 690
38 71 2218
56 62 2459
14 66 3436
39 91 3286
52 66 1378
24 74 3410
60 66 43
40 69 4927
23 83 4822
66 81 3388
23 34 662
22 34 465
59 70 2342
29 72 1919
28 59 323
52 57 2340
3 21 2181
15 25 3663
46 87 4607
46 75 43
0 37 4876
13 52 2750
12 73 1353
1 74 1584
7 21 1546
25 68 1869
65 75 4733
51 85 4709
75 87 2979
23 80 1017
57 74 2542
8 82 2159
15 93 1583
54 83 4096
77 85 3013
84 91 529
40 70 1815
58 83 95
10 90 1470
9 20 2446
4 69 1190
21 93 3416
7 27 4101
23 38 4326
76 93 96
2 78 4058
15 66 4006
59 81 1543
9 16 3112
21 65 3660
18 39 24
23 77 3598
30 71 2771
3 72 459
12 47 3970
20 28 4116
32 66 3397
11 71 4165
2 59 1388
23 91 2061
40 68 802
22 23 1954
77 79 4195
71 84 4599
27 48 525
27 88 1994
38 82 2249
0 62 1854
47 84 798
20 44 1300
29 41 1797
0 24 1667
5 32 4668
14 16 1789
62 85 299
45 72 4756
16 85 1452
1 11 1373
28 91 899
14 86 3132
27 75 3600
75 85 410
4 71 2854
46 91 2614
16 55 4895
20 92 687
12 20 1176
30 67 2410
46 62 4372
53 85 513
37 40 170
65 93 1375
32 72 3261
12 29 1946
15 87 2691
65 89 1741
1 27 916
74 91 2502
29 37 3377
7 18 3393
22 55 2517
12 44 818
41 46 3711
81 89 2483
49 53 1125
31 35 4217
58 86 2115
7 38 3128
3 52 3553
18 24 342
23 87 4909
5 56 2784
1 5 2949
30 81 1487
49 87 2569
18 76 4889
63 74 832
33 93 1086
13 85 20
21 59 1131
20 43 348
40 59 1200
3 43 1372
29 86 1407
13 76 2504
4 13 4813
19 40 404
18 69 1124
22 35 985
22 63 3357
92 93 241
61 93 1409
30 58 3667
28 64 2248
70 75 2574
37 71 979
50 59 910
50 85 1736
37 46 2325
85 89 3746
32 37 3615
8 68 2121
18 63 2991
14 41 4295
40 78 764
2 17 4633
72 76 1464
50 66 3587
11 12 509
78 89 3532
40 46 207
25 80 3426
40 65 1454
15 67 913
62 69 3672
17 49 2364
25 45 3117
1 58 3185
37 77 4216
20 65 814
31 72 2329
3 16 2499
14 49 2286
18 72 890
41 51 2353
37 41 1497
12 54 2570
26 28 2430
39 50 819
10 73 317
14 61 2835
53 63 399
36 66 768
3 88 2086
23 46 4892
34 51 1780
42 46 2271
74 88 3932
29 92 4241
17 85 3351
23 48 612
6 33 176
32 93 1201
0 60 1078
67 74 1216
55 73 1543
34 63 4568
2 75 1492
59 64 489
75 76 4880
74 87 806
52 78 4087
44 67 1250
23 31 1760
11 84 4553
16 19 1664
19 82 1807
10 63 284
61 89 2358
16 77 3644
0 64 525
27 46 1058
55 93 1300
22 43 3089
44 72 4469
4 74 2847
14 44 1163
57 93 2773
26 40 2528
53 84 2266
45 69 4170
7 16 4844
43 59 4314
17 89 2562
7 81 9
80 90 2863
51 61 3682
15 48 3105
69 83 293
29 54 666
44 60 4866
40 53 2241
9 13 1373
8 66 1376
24 62 516
0 9 3426
16 89 2773
2 83 4044
2 53 4774
49 56 345
36 59 3242
33 58 2934
51 52 1965
4 39 921
5 75 4822
0 25 1795
27 89 4346
34 83 689
7 50 1850
24 31 791
9 64 744
9 52 4063
45 52 2908
24 34 628
2 11 3137
47 56 2336
42 49 1015
36 46 4207
18 42 2976
19 83 2519
75 84 2646
5 63 545
1 51 274
22 66 4
5 28 591
27 42 1778
68 77 4502
28 63 3238
53 92 4650
26 68 2745
5 35 3980
10 50 4355
30 39 1715
4 18 745
49 82 1828
80 85 2290
60 84 1247
50 77 3698
37 58 4803
39 72 4825
40 43 3498
38 39 2905
32 74 3910
46 90 247
4 43 4379
25 91 3669
7 13 4918
14 39 1869
62 63 3721
67 78 4065
8 47 1631
19 46 1299
8 22 3295
70 78 725
45 77 42
52 76 305
40 52 4525
13 19 1336
8 52 3375
75 82 4003
7 12 285
24 88 3814
20 66 1178
54 72 1136
11 13 4379
30 46 2283
65 67 20
80 92 2513
10 21 4718
57 68 2574
1 41 58
63 82 1842
16 87 4293
19 49 4893
12 52 597
73 81 3509
41 91 843
27 31 651
39 87 2450
73 83 1341
33 75 4249
56 64 2683
61 68 2444
5 21 1986
68 80 3588
22 45 3781
9 73 3291
54 56 4918
43 47 4361
84 85 4916
26 74 1466
6 45 1109
13 21 1219
60 86 4471
66 82 3311
2 50 2434
14 27 2932
11 53 2128
48 79 734
30 49 593
55 91 982
0 55 138
23 72 1602
3 57 4564
6 18 216
46 58 3803
26 93 4354
49 83 2855
0 34 927
14 81 2088
24 39 296
13 16 3684
2 55 4213
64 90 1560
52 61 1331
37 49 3967
38 93 789
13 29 2508
8 19 3209
15 59 3342
29 55 3854
15 50 1315
9 79 4677
20 51 4236
47 49 4060
9 28 4359
75 86 1007
36 76 1095
34 58 71
54 57 1427
23 32 2480
11 75 2760
7 43 1278
40 63 2135
28 61 939
62 91 1819
36 73 3887
1 69 1970
34 88 1071
1 67 1091
13 92 593
40 56 556
45 65 3985
7 65 2242
44 64 2199
13 51 2201
37 44 3873
86 87 483
3 62 264
15 45 4771
33 60 3345
28 56 4079
19 20 2992
49 67 4267
2 16 523
30 47 1550
19 77 201
48 57 2195
46 84 2512
72 83 3278
48 91 338
48 64 2893
19 74 1391
77 81 2714
78 91 546
12 60 2315
48 55 2647
68 73 4634
2 26 1567
16 82 3961
64 93 4073
74 93 2417
16 25 143
20 83 1931
47 54 1989
4 19 2015
67 70 212
54 81 1505
4 44 1302
72 79 893
13 87 4403
10 47 1628
83 84 2345
17 55 1848
4 60 674
48 69 3114
12 51 2693
6 29 4761
61 76 2137
67 82 4889
5 93 595
21 38 2130
41 62 4121
23 35 794
20 82 3641
29 47 4784
0 74 3760
6 82 4868
30 44 3749
31 85 3851
45 90 3728
21 27 3173
21 84 3913
25 67 2542
9 51 2669
58 63 2902
47 76 1078
35 51 4828
44 63 3801
47 59 391
22 49 951
12 92 3102
28 80 1342
71 85 1208
40 76 2060
6 21 3743
7 91 4756
15 16 3176
35 65 2684
3 69 3973
20 63 3180
40 88 1
0 76 4407
10 15 1163
32 83 4184
69 76 3962
61 67 3668
42 85 3873
15 81 2412
12 19 2574
70 91 1887
2 15 1144
19 37 1658
55 78 2367
23 45 3786
4 6 1016
23 82 790
30 66 808
22 50 3818
2 44 3197
68 79 3007
31 83 3206
53 74 3494
60 88 158
1 61 4449
35 72 3052
35 84 1653
24 81 4538
11 22 4568
47 73 3798
67 87 4456
52 85 4054
16 73 1100
65 73 840
8 9 105
70 93 2163
57 61 3143
11 40 2385
20 64 594
39 52 4208
34 73 3885
66 90 3337
24 33 897
33 41 3020
21 78 2709
47 82 3112
20 77 4843
51 93 2181
5 86 3326
12 67 1750
41 68 2097
57 62 3183
40 47 1219
5 19 4545
10 33 3131
51 80 2287
43 75 4339
38 69 4631
3 85 272
31 80 3957
38 68 4925
3 58 198
8 39 3602
63 75 1786
2 45 2030
27 65 838
87 90 2818
23 60 258
67 76 1559
77 92 2274
24 53 203
32 33 1316
11 35 3228
38 48 2425
18 75 1835
12 53 3713
45 83 3036
17 63 3691
7 92 2321
40 45 4880
36 86 2355
12 25 1926
12 93 795
70 73 782
29 59 4199
13 90 2871
13 71 4090
31 57 70
7 62 3210
16 41 1494
7 35 11
10 67 4361
30 41 1166
24 46 1626
61 75 4216
36 90 1874
30 74 1632
34 65 1505
54 88 77
22 79 949
12 91 4595
43 61 133
78 80 311
10 91 4017
16 40 1969
16 71 2785
26 91 753
34 70 2908
31 46 1633
37 69 3928
75 88 4734
72 81 3097
5 7 946
37 89 3923
57 72 1983
11 44 2175
44 47 2887
30 82 1246
27 70 686
15 56 2535
19 47 2374
33 73 1270
1 90 2263
28 87 1832
13 64 294
63 70 4594
0 22 3629
55 66 3567
1 33 553
19 27 2006
7 61 262
31 62 1459
12 61 3974
48 61 462
73 90 2294
9 19 404
52 59 2301
6 14 3242
52 81 2188
8 33 1071
38 90 3508
9 85 697
12 13 989
35 59 2463
31 64 3305
15 75 4311
45 61 261
31 78 4572
14 67 4146
26 30 1830
42 82 1603
31 61 4697
24 43 40
9 33 3649
27 37 2727
62 92 2985
0 12 600
5 91 616
14 76 3925
4 88 4509
35 36 1929
45 81 3061
9 90 1228
58 66 4817
27 90 3020
69 88 1342
7 57 1011
17 65 3092
81 85 1310
46 83 2372
65 90 2041
24 66 3204
32 86 1235
11 60 1700
28 62 800
16 24 4083
9 75 2232
26 59 4234
49 90 270
3 90 1466
11 92 585
58 64 3910
0 52 2078
39 65 625
28 85 2709
6 78 3637
0 40 943
48 82 2716
16 31 3738
8 80 1716
35 58 2307
4 30 2895
6 61 1370
1 80 4917
13 59 777
29 44 952
39 88 2694
18 32 1781
25 36 3944
64 84 4638
12 43 2588
1 29 2753
34 36 399
3 18 3129
0 80 207
57 90 2623
7 34 3534
18 71 1824
16 46 2827
6 44 584
45 66 1123
20 35 4209
17 44 1315
60 68 3076
15 17 3115
25 53 1511
31 51 1926
8 30 3398
6 60 4038
55 63 108
54 74 4136
45 60 383
65 91 2574
8 46 2744
39 71 4019
23 85 4976
65 68 2303
27 87 411
27 83 1764
25 33 4580
49 77 2721
40 49 4325
43 52 1809
80 91 1409
53 82 4957
61 85 4714
43 60 1813
32 60 4845
68 74 4969
6 59 2008
71 78 390
44 45 2119
39 53 4372
6 26 4912
40 44 4963
8 55 3315
29 33 4714
66 70 86
11 52 1109
52 53 658
12 70 4483
24 91 2635
3 14 4588
5 36 1463
1 93 3222
49 92 72
27 55 4414
9 40 4851
40 83 1985
16 49 4164
14 75 2665
56 81 4944
85 91 3237
44 75 1604
17 71 1575
3 82 2091
77 88 257
20 55 4358
21 80 2732
10 55 1867
16 37 2609
10 48 1046
24 57 3156
14 88 3235
52 64 2966
21 62 2813
17 46 4328
23 55 2010
3 47 356
1 42 3521
83 91 3732
5 33 3195
23 27 4489
53 76 4108
4 52 3730
30 48 3104
27 91 2073
39 73 284
46 65 2502
48 65 2588
44 87 1026
51 81 4525
26 37 1936
26 45 581
57 59 2880
83 89 1722
16 60 1258
2 62 1223
23 50 4320
55 85 2348
14 52 4164
58 87 3624
24 80 4495
7 47 3652
55 74 1825
23 51 3260
64 69 2648
67 85 3853
8 81 2295
42 51 1211
15 65 758
70 87 3650
45 86 805
34 64 3555
22 38 4843
43 66 2896
16 34 3915
21 36 596
54 67 4884
55 68 2376
16 81 4241
26 87 2801
63 91 1521
73 87 714
57 58 1739
25 41 3490
0 32 4481
6 87 2985
13 78 2387
53 65 101
13 74 3983
33 82 1225
24 90 911
69 78 1791
81 84 4680
26 66 3003
12 75 167
14 40 640
31 93 707
24 45 973
61 86 3737
36 56 2464
24 61 4735
2 43 2848
2 23 638
46 47 2646
83 92 4416
7 44 316
38 61 2074
29 43 201
17 47 2972
4 83 4600
10 83 3709
7 73 3696
36 74 95
0 59 2690
1 46 466
15 37 2230
8 84 2942
43 89 2327
9 43 4296
3 48 1662
24 87 2520
14 79 196
27 81 1282
1 70 3740
63 84 3075
59 86 1190
42 84 2636
52 77 4231
3 32 1427
14 47 2735
50 88 2768
27 39 1936
7 20 3507
15 53 268
10 12 1254
38 67 885
16 29 1728
38 81 2356
4 42 4343
55 92 3835
56 85 2538
60 70 192
23 66 631
6 34 1804
64 65 4395
49 68 93
8 37 3437
67 80 1157
39 63 4583
42 79 1640
38 88 3882
12 40 283
33 74 4049
79 91 3652
0 4 3772
17 51 4824
21 92 3314
5 15 3147
14 43 708
60 82 2245
24 73 2796
19 78 2560
0 43 348
36 39 96
36 93 3011
20 48 3358
57 87 807
34 57 368
3 84 1054
2 6 24
3 31 1073
32 84 952
9 25 2327
7 70 2179
47 48 2011
58 77 3403
69 82 1707
26 48 4889
48 71 1883
32 51 2639
26 55 1246
8 10 2394
50 52 2028
30 31 2055
9 50 4098
63 72 1914
18 88 2817
21 75 2005
61 83 4806
18 43 1716
5 46 2499
65 87 4048
58 76 4532
49 88 2812
30 92 478
12 49 953
26 75 4824
10 80 2451
15 28 4387
5 14 1235
25 51 3076
78 82 822
28 35 1201
48 60 1121
20 26 1620
11 49 31
10 65 2349
34 49 3456
5 88 4120
18 68 659
28 76 2706
31 40 2472
65 92 3639
0 13 2018
54 78 4079
43 80 3640
31 43 2075
17 78 4441
18 23 4396
36 81 3674
26 61 1484
23 40 3146
73 78 2167
38 59 1829
14 85 1939
59 71 653
34 76 4279
21 42 1129
18 62 3025
53 83 1
11 38 3208
3 44 2661
19 53 62
32 89 3405
25 92 3692
41 57 2471
3 6 2194
5 66 1937
41 59 1369
29 52 1391
2 72 1270
54 90 3262
15 51 3395
28 83 3
73 82 2205
13 69 4871
29 36 4030
55 75 4642
31 73 3312
31 81 4156
48 72 2888
18 66 1666
35 69 1286
74 77 2216
9 46 4917
68 70 4455
48 78 3474
1 16 274
9 34 3914
36 57 2169
19 23 1501
76 78 4771
12 89 1451
22 26 1043
4 47 4071
33 81 899
77 82 3175
63 93 2525
71 81 3461
8 45 3892
22 54 4979
15 78 2025
20 90 4185
25 75 3620
24 93 1
32 49 3152
8 12 3373
74 82 506
24 32 3059
14 45 2349
45 84 2720
54 66 4272
17 32 550
25 93 2309
49 79 1582
53 75 296
39 68 3273
21 68 3010
10 82 3860
36 48 3169
45 93 4648
13 73 2957
87 89 3587
37 67 68
6 58 2381
38 87 2016
34 40 389
6 93 1514
35 39 4834
10 16 3615
13 31 1293
3 42 1286
48 93 1501
4 82 3002
4 34 2264
27 85 1186
3 15 4437
63 83 2807
18 53 1358
8 60 2117
63 88 2373
20 78 2373
36 69 1391
86 91 3995
42 57 1850
29 34 3269
12 88 1009
49 62 4924
54 65 2239
88 90 2110
55 57 2300
31 67 4931
46 51 3989
21 73 4818
6 12 4119
1 44 3201
43 92 4325
58 84 811
11 64 396
25 57 4648
64 83 2419
12 15 378
1 9 892
2 58 807
30 53 4395
60 93 3916
27 44 4448
67 79 3521
18 91 2259
25 81 4775
68 81 3060
44 80 4982
30 77 2411
53 55 4980
82 86 61
60 92 1600
2 32 2254
36 40 348
67 88 182
51 78 136
11 78 3470
19 65 3834
3 63 1391
58 59 3072
62 88 4653
46 66 51
43 78 4226
53 58 1891
47 61 35
9 58 2768
40 74 4059
46 69 4355
18 79 3431
18 57 3182
13 38 4883
21 37 4002
38 75 2314
4 68 1502
0 81 1046
31 48 4257
7 85 4860
32 63 3245
5 87 1351
27 77 438
4 36 2169
8 90 3257
11 34 2770
29 84 1817
34 52 833
34 41 4807
17 81 2565
10 43 765
25 39 3458
86 89 2112
57 60 2859
64 89 4365
3 27 1058
2 88 4543
20 23 1970
66 86 4451
27 84 1928
47 64 2900
3 83 1292
54 59 4530
21 72 1340
31 36 386
72 93 2078
47 65 1824
21 71 488
41 84 1273
23 39 3606
11 72 3811
56 87 1783
27 45 1487
35 45 3425
14 74 2972
6 46 4594
55 61 1405
74 92 1709
4 12 3397
15 22 1191
48 77 2281
3 67 3094
8 72 3161
16 42 1365
36 38 3994
0 15 887
22 86 1080
51 82 3358
32 85 4404
71 86 2735
66 67 1795
33 45 2568
30 93 770
48 92 3430
24 82 3664
62 64 4784
38 76 3342
57 81 1107
53 64 3417
16 91 3333
0 83 3241
61 91 4289
86 90 1365
8 64 2220
25 79 1541
8 69 2820
39 61 1062
77 93 312
15 36 3003
36 37 1940
57 78 200
57 64 2736
42 47 3874
34 66 4521
29 30 3689
13 84 2162
11 59 3898
23 53 591
39 80 3515
20 87 4925
56 60 1507
15 44 4243
46 72 4820
49 85 3965
18 55 713
83 93 1522
37 43 3859
34 43 3971
41 47 3628
29 48 128
3 11 2584
18 47 776
29 73 2411
9 72 979
78 86 775
39 70 1439
10 58 3293
62 78 3743
59 62 135
26 81 4047
77 78 474
90 93 2116
4 31 1749
69 91 745
39 79 4250
18 84 296
6 72 3438
23 33 3442
55 81 4073
17 45 3281
2 84 1409
30 52 2703
14 68 639
40 67 502
1 2 1394
54 68 637
52 79 1549
68 86 32
60 81 1785
47 67 4578
62 65 2107
2 33 4231
25 46 4265
38 84 569
43 87 394
57 66 1172
66 71 1733
11 16 2544
52 71 4465
63 77 3997
62 76 548
65 82 793
11 37 2088
30 65 3100
19 60 153
19 42 1416
19 80 1889
75 83 1267
1 18 2604
65 86 2071
12 22 968
0 66 4976
56 61 2759
80 87 684
26 70 725
1 47 1843
18 90 4079
8 58 364
13 83 4319
15 24 3904
16 58 1036
7 32 785
35 49 245
16 52 1939
35 75 1464
8 91 2206
13 93 466
48 80 3584
35 81 2652
13 62 3021
2 87 3911
48 83 3475
40 84 4761
17 76 2553
52 83 2452
46 89 992
21 47 1723
25 30 4976
13 35 3930
28 67 4683
85 90 97
41 50 3636
4 22 3540
29 35 732
42 70 4399
56 75 2207
37 59 4817
29 89 845
21 77 267
2 13 42
28 47 397
43 64 3391
10 77 4577
7 14 306
65 72 2854
17 74 2626
24 89 1125
28 34 2092
35 87 4643
32 67 3132
40 82 261
37 50 4746
28 57 3440
15 30 729
76 91 1511
24 52 1782
41 79 2247
60 90 4091
54 85 405
4 62 276
2 41 4791
33 92 1113
23 64 839
66 77 4051
25 77 3332
44 52 2504
65 83 4230
10 53 3490
12 28 563
27 86 3049
5 10 168
72 90 1514
73 74 3967
10 38 1119
22 44 2588
23 52 695
62 67 4778
36 61 1843
55 82 2485
41 64 100
1 25 1107
21 24 119
37 70 2301
47 57 1561
11 76 55
71 83 605
71 82 3593
1 64 4267
27 67 1896
11 81 1371
70 71 4127
9 41 1625
29 40 2430
68 87 1900
56 83 1059
7 28 1067
12 23 4628
15 20 3985
31 54 3328
79 92 3944
31 74 4818
14 32 1725
35 77 23
16 76 1429
25 84 641
58 69 1807
3 81 1805
23 71 1627
22 33 67
38 64 3295
13 18 3264
2 89 1270
38 52 3430
59 88 3181
4 14 2455
2 93 4539
7 55 4824
18 70 3588
5 41 3727
23 84 2910
9 42 1931
8 49 4520
16 79 1288
13 75 2063
8 16 3095
67 77 1835
68 82 2924
19 25 3925
14 38 3476
44 57 111
76 89 3085
66 93 4356
58 88 4465
67 83 1741
15 34 4592
26 35 4399
13 66 1063
7 31 1359
50 55 4528
21 61 3703
9 12 2725
49 86 4032
73 88 2718
49 60 1467
34 56 2327
10 45 4366
10 51 4183
29 91 1500
16 28 2164
63 87 4931
4 77 1236
11 93 1030
12 71 2054
28 60 4597
43 70 833
4 61 4629
4 92 4911
38 56 3003
21 66 3226
10 64 2223
46 56 4969
18 48 1472
70 90 2046
41 90 764
36 75 707
4 46 642
1 20 548
24 27 4910
26 33 323
56 90 3529
23 79 4177
32 91 409
3 93 280
46 71 88
35 85 3792
20 25 4370
61 64 2321
44 78 4220
7 75 2788
11 70 574
46 57 1404
59 82 2890
57 85 493
20 68 3119
11 58 388
72 86 874
55 64 1196
63 76 2202
32 87 1100
55 87 3256
44 70 1613
31 82 74
9 23 2673
41 53 1293
84 92 372
5 67 4561
65 79 4843
62 90 1967
47 87 2988
18 61 2565
1 23 2541
15 73 4401
48 59 943
7 29 3433
40 41 2365
24 79 4436
36 44 3735
24 50 784
39 74 4861
1 48 4333
31 84 705
43 63 4790
17 24 2721
44 92 1123
13 23 1654
46 68 3448
9 39 3744
45 78 1206
0 88 3317
32 58 2218
55 59 271
31 91 3940
75 92 4004
15 80 3657
32 76 1436
37 78 3750
24 47 755
9 10 681
79 87 4748
72 75 3864
4 38 3733
43 50 4175
14 59 3270
39 54 3795
49 71 4516
41 54 1957
38 47 3832
54 69 479
18 92 16
74 78 3673
25 38 3353
57 75 3689
12 21 3462
0 75 1837
41 80 4100
2 37 4077
34 38 437
36 54 4810
12 80 4538
15 64 532
17 41 3916
17 58 3416
0 1 1545
