1 56 129
0 32 2852
2 1 588
3 0 2625
4 0 4371
5 2 1560
6 0 4000
7 4 2303
8 2 3407
9 0 3429
10 5 1517
11 10 666
12 9 2084
13 7 4574
14 1 471
15 0 4835
16 4 4320
17 4 3097
18 16 3368
19 15 169
20 15 2986
21 12 693
22 14 2803
23 20 3617
24 5 1343
25 11 2639
26 20 461
27 16 3448
28 5 4103
29 19 3731
30 18 3104
31 15 2555
32 2 67
33 11 354
34 23 4874
35 16 4303
36 17 142
37 30 1817
38 26 3023
39 28 1810
40 13 1488
41 10 3534
42 13 1555
43 38 2513
44 10 4360
45 20 931
46 7 4448
47 19 3671
48 33 2333
49 38 1138
50 21 2205
51 7 4996
52 27 2469
53 3 1064
54 23 4288
55 31 499
56 4 4856
57 19 297
9 39 372
10 23 3935
26 31 2998
22 32 1275
35 42 4081
8 29 3090
29 35 609
10 16 3349
25 40 1085
6 16 1199
17 26 2894
28 45 1374
2 42 3268
13 34 2502
4 28 4040
17 35 1732
4 41 2546
12 31 4947
37 38 4812
23 46 2354
17 43 738
24 48 3843
45 48 1390
45 51 853
48 55 1869
43 54 3072
12 57 2144
11 54 3
5 34 353
28 42 4286
7 28 534
33 42 3333
20 43 471
3 19 1775
45 47 2763
44 46 4550
15 26 4556
26 36 4039
7 8 4250
23 45 3627
34 57 1729
21 28 909
12 38 1524
34 40 4709
0 19 4107
17 49 219
7 18 828
17 38 309
16 45 1081
16 28 4970
3 10 4047
42 54 4953
45 50 3972
43 45 2544
9 28 3225
9 18 3764
41 44 3098
35 48 4887
1 36 4771
13 51 3392
3 36 2223
52 56 2970
20 50 3544
46 52 1837
19 33 537
30 56 1429
29 57 494
2 22 3198
0 57 787
21 54 755
0 53 1077
0 1 1909
