1 15 73
0 15 3270
2 0 2315
3 0 3579
4 0 3240
5 4 3934
6 1 3609
7 2 1349
8 4 3702
9 7 4574
10 2 4
11 9 1804
12 6 2291
13 1 928
14 0 3393
15 1 3187
16 5 2265
3 13 1567
1 9 542
5 11 4891
5 15 1231
1 5 4620
6 7 2739
6 8 215
8 15 2737
1 4 894
3 10 206
2 3 2071
0 12 4404
7 11 2000
6 13 3453
2 9 213
11 14 4913
3 4 239
3 5 2681
7 14 625
2 15 2217
1 7 4703
7 8 4137
10 13 1718
2 12 652
13 15 2505
4 11 4672
12 15 2789
9 15 1394
4 10 1248
14 16 4310
3 15 2145
9 10 2848
5 14 3269
2 6 3386
3 8 797
4 12 1150
7 10 3887
4 6 1639
5 9 2387
1 16 121
3 7 4422
7 13 4400
2 13 2030
4 13 854
5 6 3800
3 11 4314
12 13 388
0 6 3478
11 15 3792
6 9 114
10 16 1724
13 16 330
0 13 424
1 14 2887
11 16 2023
8 10 915
0 1 1674
