1 84 599
0 55 2965
2 1 1012
3 1 4009
4 0 2597
5 4 2538
6 2 1866
7 0 2166
8 6 4383
9 1 4137
10 7 2457
11 1 1626
12 0 4845
13 2 3244
14 12 1764
15 13 4364
16 4 2660
17 7 1390
18 4 2129
19 13 2766
20 2 2104
21 16 1101
22 16 4849
23 7 2501
24 13 1468
25 6 4467
26 4 4422
27 26 179
28 23 3286
29 23 4244
30 28 4950
31 10 3157
32 14 1029
33 28 4825
34 19 1103
35 24 2062
36 20 2331
37 12 3682
38 5 3585
39 0 1925
40 13 1850
41 0 2361
42 40 1055
43 29 3304
44 23 4540
45 30 883
46 45 683
47 28 3674
48 27 166
49 17 3102
50 38 1656
51 41 4851
52 33 4006
53 29 2493
54 12 1764
55 45 2145
56 4 4937
57 16 3287
58 55 4464
59 10 3154
60 17 2551
61 31 4261
62 25 2156
63 57 4072
64 4 3370
65 21 4199
66 59 1750
67 30 81
68 9 221
69 41 2114
70 66 3243
71 56 1508
72 11 816
73 70 3150
74 57 4130
75 21 4984
76 46 2171
77 52 4050
78 30 3449
79 43 2700
80 67 3696
81 48 2936
82 8 797
83 70 4140
84 15 463
85 70 3794
12 83 1260
14 49 1892
20 82 2431
35 40 2693
3 16 2015
32 40 822
9 25 4201
49 52 3735
24 37 1700
57 64 4072
39 41 3860
13 81 1870
8 65 1552
46 69 3892
44 54 3022
21 42 2177
7 44 1209
44 66 1974
7 81 2402
22 33 2769
0 83 1767
33 84 1825
28 71 3581
8 29 932
49 58 4417
5 31 2931
12 42 4834
39 51 2130
12 56 550
36 55 2593
25 34 2238
21 54 4223
19 46 1065
38 56 1307
0 73 1947
60 77 3647
6 38 3844
12 40 2937
8 69 848
50 70 2992
2 50 2185
16 43 4220
28 81 1125
8 21 3294
0 60 2308
36 50 66
5 37 359
3 79 4806
65 85 4884
19 72 4268
55 62 4771
50 63 4544
8 63 2802
30 40 2695
16 63 1291
18 46 3548
20 61 4197
32 76 1561
26 28 828
14 31 663
28 44 2130
25 55 54
48 49 3203
25 26 3909
4 66 3411
18 78 2939
28 79 378
3 5 2440
6 28 1160
35 76 24
33 58 3841
28 58 984
22 80 3334
6 73 723
6 7 1878
12 68 1893
75 78 2899
16 55 157
19 62 1017
22 75 1152
78 84 3027
57 84 744
26 82 3789
16 26 664
43 56 1539
21 43 692
6 61 4845
48 52 1892
27 74 150
20 23 255
17 51 3645
33 46 537
16 29 3029
38 72 3943
38 84 156
4 77 1040
59 82 4031
9 75 1000
42 77 3868
6 30 4352
16 50 2785
17 80 2911
27 52 1900
7 66 1568
5 45 2048
35 64 1546
43 71 4875
9 51 1168
51 72 2933
1 40 4230
43 82 2132
47 77 2828
54 66 801
3 81 308
68 79 4732
25 54 3691
28 51 3615
15 60 3579
14 15 2873
28 77 1487
12 33 3437
9 65 4115
39 42 3221
13 47 4872
26 67 2785
36 79 4393
9 64 1675
30 36 3745
15 50 3112
6 51 2192
9 40 4170
36 73 2388
32 83 665
28 29 1423
8 38 3684
9 37 2197
2 73 744
21 59 482
31 65 1353
15 32 4717
47 53 4237
19 40 4318
2 47 1033
36 84 4057
33 77 1073
30 53 598
15 61 4182
62 63 770
18 40 1628
27 76 3553
14 42 3547
7 73 4747
33 47 4395
44 64 413
18 49 1467
37 58 908
45 51 4585
4 62 4022
10 51 4374
15 39 912
28 82 4658
38 64 4406
4 33 1151
8 12 3505
15 26 2468
18 50 2025
20 53 1762
68 83 203
47 66 390
29 41 552
24 30 1664
62 75 1705
24 84 4318
0 3 3514
27 50 789
8 84 1347
48 66 3510
6 74 760
21 79 4490
4 82 1189
44 82 2391
14 59 4353
14 78 4839
15 54 1784
39 77 2630
34 41 331
43 57 1016
4 71 3411
33 50 642
20 84 204
28 70 2879
7 35 4398
55 74 914
19 55 2557
37 70 3573
13 42 99
10 68 2278
22 54 2790
51 52 1108
19 27 2973
4 22 4550
25 40 2189
20 38 2715
67 71 2867
35 44 409
61 72 2916
32 38 2566
16 41 3264
64 76 1018
52 78 1895
40 60 3902
38 41 363
40 84 3527
16 85 3663
67 70 3064
37 42 4109
17 82 3694
14 52 3098
67 77 2403
19 29 4627
42 71 2476
58 59 1541
12 44 2934
22 34 4960
46 77 1345
23 52 2073
5 34 2968
8 43 2340
3 13 915
23 84 3809
1 48 3810
57 66 3773
30 62 2571
11 33 3827
70 84 4892
9 28 2557
13 25 4416
15 70 1119
10 80 825
18 21 4769
3 33 4224
26 34 1849
47 78 3595
46 49 583
31 66 2322
43 81 4739
17 45 1578
36 46 3547
8 57 1482
20 55 1094
12 16 2685
13 68 3704
18 45 3805
80 81 1841
18 38 3797
0 67 3703
18 71 999
41 59 4222
8 41 3322
11 75 2063
6 77 2981
40 68 1002
37 50 2788
12 65 4341
38 46 1020
27 29 213
21 22 2284
23 40 1736
24 59 1356
7 61 1267
28 63 249
61 76 3149
57 83 425
10 61 1045
44 69 71
10 18 574
29 54 4407
6 10 4606
17 77 540
46 80 3512
42 59 2378
28 43 4527
14 56 701
26 60 837
39 63 2055
55 71 1038
32 58 4625
1 38 993
6 58 829
32 62 2764
52 84 2863
3 48 1744
46 66 2133
27 54 3030
33 67 1369
9 82 3053
24 51 514
59 78 4739
8 34 3296
13 18 3627
69 73 3690
19 28 1929
9 44 4287
11 49 451
26 74 3685
16 74 691
0 20 3800
5 77 1286
12 28 2275
4 46 995
39 79 1229
9 21 414
3 6 2879
27 55 2797
1 51 3560
10 29 2645
1 35 1839
59 70 584
23 70 901
13 67 4051
48 57 559
59 62 1699
16 78 3099
18 39 4465
12 38 2925
32 82 2523
9 15 3478
36 62 279
9 22 3774
76 79 519
59 77 3364
31 71 4867
5 12 1827
7 16 2200
19 50 4520
20 78 1283
0 69 3257
13 39 2279
2 75 1934
17 84 3599
40 56 4469
2 29 3586
59 69 1569
11 85 4235
20 25 2522
66 81 98
36 82 2586
65 76 1925
23 80 2739
26 70 2393
4 44 1086
58 80 4561
13 52 3767
6 76 2239
35 71 1520
68 82 2693
12 43 1572
63 68 545
41 65 3342
36 76 546
64 82 3882
7 65 4176
25 75 4563
9 49 2340
2 5 4686
60 75 1700
46 68 566
45 76 4450
40 81 416
12 18 2875
5 10 723
6 44 1138
77 83 1250
4 50 4004
41 52 4943
29 49 3018
45 66 1176
5 35 2441
40 61 2114
49 54 3177
50 68 2886
14 79 3045
56 80 258
27 46 1744
6 45 2748
21 68 1988
37 60 587
15 65 1968
13 49 1446
37 63 3921
5 63 1707
22 81 232
25 81 2825
21 26 517
71 76 3000
28 38 696
15 17 1029
7 22 4531
34 35 1302
79 84 3893
17 33 4796
60 83 210
51 77 137
5 20 982
57 77 2427
81 85 3139
10 46 4346
61 83 1896
64 80 1966
15 25 3260
40 57 2905
3 24 2783
30 57 3814
1 67 1836
0 2 2038
1 73 1831
29 76 3340
20 40 3062
6 75 274
18 70 4854
7 9 2484
55 82 441
13 69 3792
0 19 2678
38 62 4833
22 38 252
37 69 3913
20 66 1952
16 65 1758
30 70 3393
4 51 3941
47 55 4258
18 55 2831
13 16 4176
74 83 2291
40 45 950
26 36 1010
6 40 3667
38 55 1248
7 15 1859
37 59 1727
60 66 1963
6 20 3643
19 49 1151
30 81 2651
0 26 4220
24 67 507
46 74 293
6 9 4438
23 25 1730
35 59 1036
40 52 230
13 54 4560
39 83 475
77 79 7
21 74 4801
43 80 3111
35 78 3812
29 52 1690
48 61 2125
57 61 2430
3 27 2077
0 72 4055
74 82 1185
78 83 2509
19 47 223
50 80 1297
14 58 2935
34 47 128
52 58 1692
11 80 924
1 36 499
24 38 1892
6 16 1638
4 74 356
8 30 2838
48 53 2225
51 85 359
3 53 1799
50 62 2158
14 21 4329
45 58 809
15 24 2782
14 83 3227
18 73 2122
55 79 4163
14 40 4310
0 51 3929
37 54 2412
14 55 3410
0 57 2893
49 68 4344
32 56 2407
28 69 3626
45 81 3730
14 60 2945
40 69 2787
48 75 1254
8 48 3831
47 85 2950
8 68 878
22 40 1781
45 54 483
64 77 1939
27 30 2449
37 74 3824
39 49 3596
6 12 3750
36 69 873
72 83 1334
9 42 441
23 74 3394
10 70 4805
0 1 3514
