1 99 4950
0 93 1070
2 0 4137
3 0 3843
4 3 3358
5 0 3516
6 1 622
7 5 2944
8 6 3233
9 7 4072
10 9 4606
11 6 4952
12 1 4577
13 6 1369
14 2 4895
15 6 2567
16 5 2012
17 14 4307
18 6 2109
19 7 704
20 2 3726
21 15 192
22 18 1593
23 9 3686
24 19 3968
25 6 1018
26 24 2821
27 26 1036
28 16 736
29 27 4866
30 4 3713
31 21 2979
32 0 1443
33 20 604
34 17 415
35 9 3584
36 33 2369
37 10 2454
38 13 2579
39 20 1600
40 25 4540
41 32 590
42 12 3838
43 23 1063
44 7 4197
45 10 1634
46 4 4821
47 2 89
48 17 1564
49 15 1343
50 48 75
51 12 106
52 9 1137
53 24 4860
54 3 636
55 36 2210
56 52 142
57 50 164
58 6 3958
59 19 756
60 49 2944
61 5 1118
62 10 3080
63 3 76
64 14 3003
65 24 3331
66 42 2837
67 65 1696
68 31 1700
69 6 1965
70 57 1098
71 44 616
72 46 214
73 44 2600
74 55 3935
75 66 3427
76 57 3265
77 35 423
78 0 3396
79 23 3832
80 22 3458
81 71 1091
82 59 1999
83 27 2028
84 67 1185
85 63 4376
86 37 4341
87 11 2136
88 38 2343
89 74 3254
90 35 1121
91 10 609
92 48 2043
93 51 2652
94 93 2853
95 73 827
96 78 3523
97 87 769
98 93 4984
99 84 3357
100 0 2968
36 61 4022
5 30 3643
32 57 184
20 51 4647
24 63 4402
34 59 1919
55 93 695
40 71 4353
76 86 934
45 84 3963
75 96 4371
4 66 3018
17 87 1087
13 60 1969
65 98 90
52 85 13
24 96 4449
34 94 3372
0 23 2886
25 96 394
41 53 1416
13 67 2881
0 42 3029
54 92 623
25 49 35
41 78 622
18 72 3429
53 65 2685
43 75 2610
30 77 2766
45 48 421
26 82 4343
11 47 1876
20 22 392
15 73 1161
89 92 4185
8 55 4395
14 67 3888
31 83 1264
21 43 1092
35 66 1445
64 93 4859
60 82 1917
24 85 1409
43 84 62
15 87 2256
45 60 4185
30 50 610
31 33 2351
76 89 4276
12 15 4797
28 85 168
33 51 1728
20 42 4453
66 87 4768
29 88 1780
21 77 1526
19 41 1947
51 61 3033
2 42 4425
14 29 682
19 96 2587
37 60 549
66 96 2094
69 95 4025
5 84 335
13 85 3808
42 86 1653
71 96 2071
54 55 2383
70 97 1163
43 83 3148
63 66 2962
18 54 3666
43 73 170
11 12 1351
11 63 2811
13 26 1244
0 53 834
88 90 21
63 82 887
29 51 3046
67 68 4237
30 72 3338
22 45 4396
4 91 1679
16 62 1059
7 13 1108
16 43 3297
13 20 256
5 12 3893
5 80 2868
34 99 3763
15 42 4729
45 75 3556
5 35 86
1 60 4032
58 61 2167
45 99 1244
39 63 553
59 79 4965
19 97 217
3 6 913
38 42 1532
2 25 1543
40 77 3755
30 73 644
28 78 476
52 62 2518
53 96 156
27 82 4275
4 49 4086
1 79 1079
9 58 929
23 48 334
31 47 2804
35 39 3414
52 54 2083
39 96 3041
44 68 2957
47 89 3804
26 42 3835
84 96 1089
5 70 3782
29 84 1798
77 94 4966
27 71 820
19 64 2098
65 72 1810
58 63 1647
17 82 4606
86 92 1635
58 62 3484
61 90 4681
83 97 2751
5 96 1719
17 73 2337
5 24 2071
20 66 1079
53 79 2954
2 44 3236
3 36 1374
66 82 2780
3 58 4934
23 97 99
3 90 702
56 78 4676
87 88 2943
5 26 3973
85 97 1557
47 84 1677
15 68 1615
68 87 609
37 61 2793
25 31 3168
27 44 1792
37 44 248
16 81 2941
6 38 3629
77 78 2064
17 49 3448
3 86 482
4 52 1318
12 69 3265
1 57 4803
18 61 56
57 65 2138
51 75 2877
38 70 13
54 88 211
65 80 4578
41 90 4109
82 95 809
98 99 311
71 78 4259
69 78 2915
47 69 256
12 75 3207
46 55 154
7 12 79
36 54 4517
46 86 4588
11 66 2080
40 56 4500
65 100 4319
45 78 3140
43 58 2544
4 73 701
23 52 1457
29 56 595
39 71 1670
56 93 3176
96 100 1648
13 55 2897
71 74 969
93 97 2599
72 97 2973
53 90 4036
57 90 3112
64 88 3687
43 68 3394
38 98 3458
8 13 4307
32 74 4846
30 90 659
33 73 1075
4 28 2674
37 40 709
51 71 4713
33 64 4341
35 81 2769
88 98 1296
87 89 3350
19 47 1402
19 56 4167
16 76 2905
76 97 1415
30 48 1886
44 94 2804
83 100 2201
9 33 2862
28 86 1121
44 49 2820
32 43 3194
37 74 2418
6 16 2177
54 75 1711
51 66 4961
79 91 4865
27 60 2850
5 43 4341
15 83 4084
33 66 1330
0 29 2830
45 62 4242
27 32 3864
32 66 2715
37 79 4061
20 75 2462
5 77 4870
11 56 4945
10 86 1963
33 48 3258
39 85 1148
36 52 1372
9 62 268
69 100 3246
76 81 327
17 90 4176
10 43 3622
42 54 4994
24 86 1837
57 85 1236
7 10 3624
60 80 2248
19 50 279
3 27 3427
60 81 4789
54 76 4906
9 71 168
81 97 2434
39 78 3850
63 91 1790
62 77 3455
47 56 1423
19 74 2016
41 79 2312
20 46 797
16 20 1674
11 35 3488
42 67 1629
17 38 4554
54 99 540
3 75 4641
9 72 2484
5 47 4039
3 69 829
10 67 1752
29 46 430
5 63 4530
17 51 4483
37 71 1721
10 96 259
61 80 1333
43 49 1330
21 86 1254
78 84 257
44 82 2329
40 69 1438
3 11 4593
16 80 4015
6 84 4702
8 12 3916
8 78 727
14 84 529
32 83 4561
13 77 1661
5 62 1904
22 43 2134
64 65 231
35 89 559
23 67 895
55 60 3080
66 81 4102
60 96 4338
12 45 4099
66 83 2976
37 57 3711
5 25 4185
17 66 1692
63 71 1972
20 100 3215
21 70 2937
12 95 1762
41 98 2456
15 58 3098
20 98 1247
13 69 4478
64 87 4146
33 56 514
31 39 2220
8 44 2886
13 83 4458
31 55 4690
73 85 2468
2 37 1682
16 39 113
33 43 1127
37 100 370
13 50 984
13 18 155
60 89 4185
28 72 4962
32 60 3548
14 43 4067
20 84 4727
45 82 236
45 83 1336
66 79 4888
49 83 4252
23 29 2918
63 76 1103
26 91 3458
49 66 3666
29 65 4087
32 37 4299
46 51 2466
21 27 3964
18 93 4750
1 93 749
0 64 2707
15 20 880
4 38 3307
6 20 3067
49 88 2760
86 91 2003
16 48 3935
3 23 3212
10 27 3500
23 100 563
4 88 2825
11 17 2310
52 55 2489
12 28 4606
79 98 4236
26 92 1458
48 95 3140
6 73 3936
49 68 760
68 86 4007
3 35 4207
37 42 3068
51 62 1105
15 66 4574
4 18 904
66 93 3159
41 97 2281
39 79 4897
84 90 562
13 33 1505
20 50 3100
18 30 2158
30 86 4609
79 93 2851
21 72 4982
70 88 3616
28 67 3503
56 92 3741
9 83 3816
51 52 2181
10 28 4162
87 98 3753
13 84 1432
25 78 1092
42 59 518
19 89 3271
85 87 4558
57 66 1337
23 72 4885
19 38 2533
34 67 2529
5 59 331
23 26 1672
3 16 3822
42 91 4332
3 33 4637
41 63 3183
21 26 821
46 56 4780
47 68 1428
13 64 894
50 78 3134
28 31 4355
9 18 2935
64 73 1053
37 81 1728
62 68 2087
24 90 4744
34 37 2178
35 85 2129
50 76 1228
10 75 906
20 99 4572
61 94 2647
29 31 4313
53 75 3353
13 47 4200
31 80 3901
10 61 3723
9 59 1999
5 75 1955
35 68 1312
51 86 1520
30 88 243
16 49 2010
11 82 2165
86 89 722
19 48 2780
27 58 3000
43 52 2315
58 96 890
12 58 889
29 87 4003
41 44 2308
27 94 1071
5 82 3897
81 100 4569
21 79 3893
9 76 4055
34 79 4681
83 84 1653
24 56 3235
15 64 4123
30 53 1970
31 57 161
46 50 1316
25 46 4258
38 62 2377
90 100 2202
43 87 724
88 99 4976
19 99 4721
15 93 1304
56 91 107
19 27 714
43 48 3081
59 93 4704
25 86 1211
37 63 3254
46 54 3571
7 11 1196
2 10 2032
15 76 1661
4 26 1866
24 74 4080
50 100 1751
16 67 3884
70 75 3207
47 49 1542
3 99 99
5 32 4122
16 77 2861
18 88 242
78 94 2250
31 42 3630
40 66 4043
14 54 507
44 74 797
81 87 1551
85 90 1466
14 77 890
65 96 1729
61 66 1206
61 84 629
49 51 2104
12 67 3499
10 14 4280
78 82 4885
4 80 4775
40 97 1810
50 77 4768
30 66 3862
2 49 1942
5 22 4775
3 92 1418
33 50 881
28 100 3175
32 92 3431
32 40 4464
7 29 4949
59 87 1669
2 74 1979
8 94 4682
60 73 899
6 33 4375
45 52 1677
38 89 1741
41 100 2064
14 31 3176
46 76 2105
61 78 4940
39 70 1813
18 73 4793
60 84 2454
51 77 4744
28 59 2270
38 92 3020
14 79 4175
28 38 3216
2 62 3910
52 80 2550
16 97 2999
33 92 2170
82 93 2111
37 62 720
81 91 887
41 66 3043
50 98 1513
57 96 1923
70 73 3291
3 74 4093
2 99 4864
43 45 2652
2 36 3836
13 28 2778
25 61 4481
2 83 1482
23 31 3222
76 92 1111
63 70 2421
27 88 553
62 81 2446
46 61 865
71 95 2315
43 94 4674
94 100 2755
20 26 2763
29 39 455
15 17 4767
3 48 1279
12 37 744
54 82 1370
31 77 1919
39 59 4715
23 53 3710
11 69 130
46 74 2475
48 53 2305
48 96 2306
80 95 3962
23 68 2262
21 33 2795
56 96 1462
62 100 1480
38 80 4446
4 59 1312
5 67 760
33 67 3749
25 63 1789
87 96 3964
65 77 3503
1 98 1113
25 91 962
68 76 1114
58 85 4824
19 78 3403
21 84 2041
64 79 3713
17 68 2905
48 86 1535
43 69 3611
33 44 4743
25 48 4037
35 57 2923
1 81 1099
64 86 2641
22 29 4768
75 76 326
35 36 4492
17 89 1664
10 34 1821
13 52 3350
10 58 4548
78 87 386
2 79 3403
17 83 4791
17 44 2980
19 80 4804
18 74 581
33 88 1805
73 90 4154
50 81 4907
15 59 3326
14 57 2411
41 99 3043
16 37 4227
37 84 1224
49 92 1166
25 35 3838
29 60 365
43 76 1083
79 94 1175
18 40 1639
83 87 682
3 34 600
35 86 974
12 16 718
48 63 4684
0 71 348
59 97 1849
9 43 4281
7 75 1319
11 30 4422
6 23 4054
36 39 932
12 65 1106
67 96 2347
15 40 687
14 86 3555
27 90 4889
43 64 3328
56 61 3934
67 95 2389
42 52 618
9 96 971
47 97 4963
18 33 1399
59 73 3610
71 85 2121
34 85 397
1 74 3519
18 76 3803
31 51 470
36 79 1366
22 32 2505
8 46 1670
39 54 4170
42 75 2206
67 91 2691
0 46 2090
82 91 3035
12 87 3214
6 30 4418
55 79 2664
69 83 4540
63 73 30
72 74 4208
42 63 246
39 82 2822
17 43 1825
49 85 3737
20 82 330
37 77 1796
51 55 3375
26 90 3036
16 54 1947
51 79 723
16 58 1338
4 54 1412
28 84 1799
14 19 1940
55 94 263
2 56 1737
68 72 2653
51 82 2997
31 71 1959
51 76 819
16 40 132
6 14 2753
14 50 1954
5 44 2797
55 87 4874
14 93 1786
5 33 4551
4 79 2452
40 95 3119
27 96 830
70 98 3231
9 24 2302
13 90 334
37 65 1967
17 85 2359
64 81 1329
1 9 4009
10 21 2339
52 60 604
58 64 4855
4 98 2208
79 86 4811
29 100 3142
6 56 1600
10 24 798
59 66 4597
29 34 503
22 51 3015
48 70 425
20 55 1331
76 78 2793
26 72 1812
37 92 4788
17 18 4836
70 96 4845
11 21 2405
15 53 155
25 98 1428
30 37 3786
1 66 4275
34 61 3504
1 40 514
9 53 1882
45 68 3777
36 82 3230
26 37 4949
39 64 3385
46 99 903
74 84 4389
4 57 3482
11 57 4856
26 83 2080
41 89 4309
90 98 3145
53 71 3098
18 58 365
37 45 281
3 37 3663
0 38 4079
1 26 2238
15 32 4242
76 94 970
61 93 2136
9 64 1137
11 92 33
13 75 2084
37 73 4472
73 81 3603
17 32 2167
80 100 3668
8 83 3909
46 83 531
84 100 4900
65 89 2476
4 7 2716
4 8 2568
0 35 3764
19 68 600
68 95 4115
0 44 3790
49 73 4649
13 39 4731
23 71 1656
52 76 1627
68 77 4251
34 44 2008
14 90 380
16 98 3640
25 88 457
11 64 2646
26 38 2944
19 76 1292
63 81 293
30 41 4889
56 57 3620
21 87 1090
30 74 969
21 62 1315
43 57 831
34 83 1352
5 56 3645
22 64 1595
8 22 3121
17 71 4565
47 66 54
50 80 1959
42 47 1845
77 90 1895
16 85 3658
10 51 1903
7 28 1049
1 8 1813
36 66 1851
27 55 1808
46 94 2585
15 60 1168
61 92 3828
4 81 4507
64 75 3695
67 94 895
59 61 3241
42 89 2295
29 78 2214
10 35 4592
38 71 2695
20 47 1555
74 92 4602
33 70 4095
47 95 3579
36 86 4390
33 65 4821
38 75 2133
60 93 4768
9 22 193
87 92 3211
63 80 1961
55 63 987
0 25 1663
3 95 2025
3 17 1231
11 95 2106
55 70 4255
61 95 2483
49 58 2422
38 90 1457
30 94 1976
42 68 2792
45 95 4536
14 92 4189
29 48 2935
94 95 234
4 68 4393
96 97 2143
2 72 1179
64 83 2604
68 84 1455
26 62 590
61 77 3638
27 80 1613
12 66 4975
1 51 3575
81 98 4653
19 31 4250
1 90 1347
41 58 1631
62 72 2963
58 69 3041
79 99 2327
6 76 2766
9 98 1930
8 48 990
67 78 449
12 100 4414
43 56 3727
25 28 4053
28 93 318
11 97 4609
48 91 2731
18 37 115
0 13 4544
66 69 813
14 48 4200
72 91 3126
15 29 4161
62 64 4775
33 39 2944
27 63 2841
6 94 3876
53 72 952
41 94 4383
13 53 486
14 98 2905
64 97 983
10 97 4796
15 44 1434
30 51 2355
71 77 418
67 98 1695
18 92 25
26 98 4888
11 61 422
50 74 2266
69 81 2664
12 30 366
79 82 3408
40 41 2818
29 61 4082
63 83 1132
36 76 2499
2 92 215
5 95 2146
49 57 2364
51 83 4492
29 76 73
43 63 4944
36 56 2143
60 65 3470
30 58 2918
44 72 4131
31 99 3484
3 28 999
2 3 4318
30 96 1933
44 53 2484
12 60 829
6 66 3078
53 87 4349
12 73 268
7 54 2512
9 25 1314
44 100 4731
21 59 810
18 91 2755
44 64 2134
33 79 2074
24 41 3652
30 83 1425
66 78 4726
43 82 2345
6 32 3911
45 89 620
24 48 4960
5 15 629
5 91 4758
26 30 823
2 32 2334
36 59 3440
71 94 1406
22 92 1359
39 77 1168
71 92 834
4 95 1619
34 90 1585
48 83 2850
21 22 1821
24 54 3393
10 41 3682
5 6 2248
1 10 1730
2 70 1814
67 86 3474
10 92 4727
33 40 1396
1 45 4508
80 84 41
40 80 4496
95 100 3744
16 35 1481
37 41 2661
12 57 4560
28 39 540
71 93 1261
34 78 1915
31 53 4686
58 89 263
0 60 1514
46 58 505
40 72 2845
70 81 3212
10 90 2737
30 100 3110
8 35 3842
21 71 1560
21 42 4060
38 68 2187
24 69 3552
4 21 1997
78 92 4403
28 91 2850
23 83 3577
16 47 4415
7 8 322
10 82 4835
4 42 4005
74 75 2166
9 91 1102
27 75 1426
94 97 4511
12 89 4182
35 41 2374
19 30 134
1 32 4164
0 19 3872
62 88 580
4 97 2109
51 98 4218
60 88 558
7 43 735
68 89 1385
20 90 1571
63 99 2196
25 75 195
26 55 4800
45 90 670
38 52 944
51 54 2649
72 100 830
25 73 883
43 96 2627
12 84 2806
29 45 3385
69 71 1428
1 21 4889
41 82 1611
54 69 1448
50 99 1435
11 96 340
15 48 3772
32 55 1683
7 89 2616
42 88 698
32 86 47
64 94 564
16 87 4241
1 37 1736
66 94 2
85 95 4769
90 99 1254
26 79 2026
69 84 245
38 99 226
69 90 2872
45 79 1709
16 99 3199
54 95 2703
54 74 2756
21 92 1257
35 65 2654
76 84 673
57 89 3132
33 63 4802
34 66 4039
7 15 2591
46 64 2248
2 67 1968
54 63 3879
67 83 2707
62 69 1480
35 48 2025
45 55 2154
18 36 598
0 82 1694
55 83 1284
31 52 3780
31 32 1659
42 69 727
7 47 4514
67 87 130
18 63 705
40 52 2860
22 85 1002
23 44 280
41 68 1803
40 90 4791
82 87 265
16 42 2505
57 100 517
43 80 2897
23 39 3114
17 75 1523
47 83 4238
47 90 506
45 93 3853
76 95 945
21 83 1292
28 81 1427
31 40 2708
58 72 1017
14 97 3239
3 20 2637
57 99 1972
69 88 2473
31 54 2509
13 56 787
6 88 4363
5 42 2951
14 47 3195
24 72 3763
47 50 2132
49 99 4724
29 49 3729
8 100 1579
2 9 1890
75 100 1627
69 89 283
44 50 720
15 35 2069
28 51 2697
16 90 1794
7 96 1514
25 56 2321
1 41 4539
64 78 4941
60 63 2882
83 99 3377
12 98 2314
30 68 1136
72 77 2479
80 92 2661
19 72 556
7 98 4616
16 50 2823
70 94 3055
52 75 791
19 71 513
41 86 4264
5 17 4821
5 99 2439
22 30 1773
38 73 965
54 67 4753
70 78 1568
40 45 4810
6 27 378
18 35 3257
10 17 3373
12 48 902
53 84 1408
0 72 1799
62 85 921
13 81 56
12 36 574
77 83 1275
9 44 2539
55 62 277
55 68 3789
67 93 4034
27 33 4072
15 54 3757
17 29 4048
14 34 1136
18 32 4858
6 41 4263
1 73 3332
51 80 4461
47 78 2094
14 65 3708
23 78 1260
66 91 2931
0 20 1208
46 78 3055
34 43 2377
12 32 743
44 86 2361
5 13 406
57 64 955
36 73 653
3 55 448
73 100 2174
39 48 3810
78 93 3013
21 80 2032
4 71 2792
39 69 1924
13 41 4197
25 62 1241
30 75 3925
62 93 851
13 87 230
36 93 1952
0 84 1706
19 93 3034
62 95 3757
9 31 810
11 100 4608
73 89 3400
11 80 2167
60 100 4337
38 77 836
50 52 2656
10 79 977
2 84 3173
3 68 808
27 98 4931
72 88 1085
32 65 4032
16 61 284
61 62 3622
3 13 3491
17 56 2568
51 89 3240
4 50 644
72 99 3680
23 73 2569
19 95 3194
9 70 2122
22 34 2640
32 50 4978
40 44 4057
21 73 2923
74 88 748
35 62 4654
29 64 2777
45 97 1212
86 98 917
2 12 4010
54 62 3484
44 84 3638
47 73 4531
10 70 74
22 52 2429
13 34 2730
1 13 3852
36 43 2888
12 39 3524
22 90 3610
56 85 2604
31 44 4950
51 63 4879
33 62 4578
59 90 1228
30 49 3869
49 81 4547
60 97 458
85 89 1669
33 80 3310
30 81 1528
3 29 2830
1 88 4085
59 98 2782
15 85 377
40 57 1644
41 55 2311
40 98 1499
12 52 4382
57 79 3396
3 52 3097
9 42 3345
50 91 3787
38 96 1545
21 66 2276
72 83 902
65 99 4961
1 23 2690
36 89 3182
4 92 2229
20 38 4603
78 85 3647
31 87 3905
5 71 4724
81 95 2642
34 98 4939
18 39 3896
7 93 693
46 97 551
8 89 3106
74 86 3788
15 23 4140
40 68 3554
51 59 3309
69 93 3731
0 86 1303
78 88 2483
48 55 4413
79 88 4181
80 97 1547
23 50 221
52 90 4286
40 42 4970
35 91 772
78 79 3486
42 58 2657
50 84 4388
39 49 4866
37 69 3822
38 84 4057
6 57 275
43 51 3648
56 89 4323
79 85 1919
75 97 550
9 79 731
33 99 41
22 44 2379
50 60 1800
20 24 51
49 50 1980
9 82 4916
40 55 425
42 44 1614
9 78 1141
67 85 609
18 71 1486
45 88 2147
4 93 4232
42 98 3120
53 80 4703
84 91 2026
5 38 3972
53 68 1620
32 71 780
76 99 3793
37 67 613
6 67 4840
5 72 2545
29 40 3015
51 74 4344
25 36 1189
12 78 3774
74 79 4912
17 62 18
28 97 2400
59 91 1772
68 92 223
39 81 3471
22 27 2711
47 67 1493
46 80 440
5 92 4596
29 35 2018
27 47 2383
63 65 2317
30 35 3115
29 41 4203
56 63 1721
56 67 1222
58 67 601
19 91 3268
67 88 3106
28 43 2446
16 78 2044
17 88 4293
4 20 4189
41 61 3964
91 99 1750
33 53 4137
20 52 16
39 97 1705
1 72 4960
21 57 4979
14 49 4735
39 94 510
69 85 3095
22 83 1045
42 74 1524
34 86 824
52 84 3275
32 94 2077
20 76 4243
9 93 4940
25 39 1380
26 74 1085
81 99 2496
25 51 2509
56 66 1064
2 65 3391
44 59 1056
2 57 1889
53 98 4189
10 85 260
92 98 2767
45 85 3986
5 23 2605
25 29 4431
55 58 4948
67 75 2612
34 71 2447
50 75 1169
15 79 4055
43 53 4195
52 58 1160
95 96 2229
48 81 4794
58 93 4046
22 47 4550
79 80 41
26 67 583
49 93 3670
27 72 2634
63 68 4246
65 68 2915
55 65 4679
3 59 3139
18 89 883
3 46 1743
33 87 1789
77 79 4804
30 82 3563
54 94 1135
12 38 2636
51 57 4293
16 95 4739
4 96 281
8 56 4555
81 86 4211
2 17 1788
13 40 3617
33 93 3421
56 73 4358
56 64 3178
68 83 1933
17 57 3714
14 100 2300
84 89 772
50 55 2091
66 77 4990
67 77 4282
46 84 1610
20 93 4794
83 89 3281
50 89 189
3 73 1481
67 76 1225
36 100 3578
66 95 1529
4 43 258
14 70 2114
61 97 3190
56 82 3426
45 94 3621
22 93 2892
6 96 1080
43 50 1436
6 90 3951
92 100 916
35 42 1870
24 30 3661
0 51 4424
24 33 1654
0 76 4895
26 35 2633
4 69 1269
6 91 1295
70 89 4144
72 92 4342
23 55 4230
10 39 2004
32 79 752
15 19 2990
62 99 1691
61 69 2241
17 60 588
2 97 1855
0 90 4141
24 67 1945
2 71 4710
32 51 3222
2 29 2031
28 32 3524
59 69 1435
3 65 342
43 66 4404
14 89 1075
67 89 4702
49 74 2169
22 100 2739
3 81 1544
24 95 2828
31 86 759
53 81 695
43 65 269
29 79 2153
47 65 4313
7 67 2520
34 65 1445
59 67 4529
47 51 1826
33 71 1293
9 65 2092
37 38 961
91 100 372
34 72 4092
68 96 3316
29 70 1494
10 72 1921
37 75 3930
28 88 721
57 63 3967
3 30 48
4 83 800
20 32 1755
44 52 3285
18 47 4456
5 65 148
23 41 2725
9 100 4448
61 83 4206
42 99 2811
44 76 3567
32 61 4825
18 49 209
9 86 4353
24 57 269
29 30 4597
69 73 2304
56 99 4585
56 77 2921
65 75 4537
35 63 4816
77 85 2314
1 47 1773
2 28 4450
41 85 3423
8 84 4348
86 87 498
23 27 1901
28 74 3318
37 56 3458
19 90 3880
7 99 3584
32 100 3772
5 89 1691
3 66 2139
49 55 3326
17 47 1926
25 65 4280
65 84 3847
32 90 4342
6 62 1442
13 98 1903
0 88 3315
36 58 1047
99 100 1439
4 90 4713
29 99 1168
2 69 1262
5 48 582
2 63 4834
41 77 1223
18 66 584
48 59 4678
42 71 467
86 95 1255
41 47 4384
48 90 4956
59 92 4722
4 61 4000
12 14 1286
41 91 328
83 92 2187
39 55 3224
19 46 4264
28 82 1471
36 91 214
10 32 4746
8 63 1802
40 48 4658
22 78 2485
22 60 1251
50 94 919
39 50 2331
30 38 2701
1 71 1102
14 69 716
57 71 1021
36 62 1077
78 97 4442
70 83 187
48 57 3113
2 58 3255
42 51 1083
24 51 1717
14 52 2362
16 66 4805
34 69 1941
35 93 1706
9 50 145
36 72 1503
10 30 1612
48 89 1882
42 50 1868
25 64 4029
6 42 1160
41 76 4452
2 4 1897
29 47 4785
2 66 4638
26 31 1663
22 33 784
22 38 817
73 80 4437
1 75 2959
49 62 4841
4 19 1939
18 57 4538
83 98 4403
3 15 2903
21 85 2524
12 85 3606
44 65 4963
55 69 1102
5 81 1842
7 64 3394
2 81 2847
28 33 4870
22 72 2391
24 100 1207
81 94 3303
17 50 1001
49 56 407
49 82 84
20 92 2280
30 62 722
6 87 2148
28 87 4622
11 85 4990
62 94 3821
74 76 27
22 98 2174
12 34 1957
78 98 2521
44 85 2987
29 80 3879
17 76 2311
38 91 2335
20 67 1843
26 85 1813
61 68 2690
26 99 2475
55 85 33
24 47 4345
33 72 227
37 85 657
22 46 1993
74 95 2421
53 74 2048
20 86 2987
45 59 1390
22 84 1394
38 64 3056
12 49 4909
57 58 4627
50 68 3448
24 36 1520
50 86 1688
59 81 4019
13 44 3376
27 70 585
8 70 2280
25 58 1377
80 83 2582
15 95 575
41 93 2401
76 82 2228
84 87 2298
20 69 3312
17 61 3737
24 42 4123
28 80 987
20 78 2516
64 76 1319
70 99 2077
32 96 3194
11 78 1290
51 100 2313
31 72 2790
52 67 1599
15 24 1486
58 81 4597
73 75 1611
19 22 4489
51 91 2227
62 96 4731
31 94 2751
56 60 1041
26 53 3840
48 100 3506
23 82 646
7 18 863
91 92 656
10 80 933
24 73 2132
8 82 326
1 33 1680
63 88 612
67 71 3613
23 94 4481
19 35 4823
38 79 947
30 87 1932
48 65 3076
14 39 356
53 54 1185
34 92 252
28 96 2847
41 96 4731
56 94 988
16 92 4178
24 80 3578
29 32 3164
3 97 3007
26 89 2678
41 72 4919
75 88 1000
12 70 257
18 78 1350
34 87 4554
1 86 1503
6 97 2490
69 76 3233
13 82 4904
4 84 3773
15 78 1849
25 37 2829
17 64 4662
15 62 1495
66 84 2811
34 93 4554
40 94 3036
55 75 2455
39 84 4781
14 78 2308
69 87 2387
53 59 3959
9 38 2679
61 63 934
90 93 2619
5 34 206
35 49 4918
11 89 3986
89 93 416
25 77 3812
3 94 2392
30 67 4042
6 81 3399
11 84 1619
27 64 4805
1 15 178
96 98 3571
37 43 1967
74 77 4652
20 40 2008
9 90 4236
1 19 1374
38 51 3969
41 67 2413
31 81 2559
74 97 1375
84 93 3245
12 46 4552
9 66 1699
59 75 21
57 91 2398
59 80 3396
50 63 3611
17 30 2044
40 50 3045
22 67 3632
3 84 4658
80 93 2071
47 82 3482
76 87 4638
32 67 4103
60 92 1831
23 75 4289
46 88 4354
11 15 2316
16 79 3257
3 87 4139
32 53 3727
1 83 1766
30 76 1205
86 97 3821
50 58 567
8 59 2737
46 70 4952
19 51 4561
26 69 1100
56 59 3878
5 78 4493
8 25 3122
26 56 469
40 53 1021
20 62 1565
40 67 66
19 86 3003
23 77 3757
50 65 2321
22 55 1511
0 81 3575
61 89 2742
50 95 2043
2 88 3137
24 34 3922
14 80 1182
53 82 4742
17 45 3480
53 91 4176
53 69 1132
71 90 2327
29 81 2161
3 85 13
8 45 3124
15 37 2274
19 58 1470
68 75 668
68 99 3830
6 31 3997
16 34 1767
80 81 2381
35 58 218
28 53 1252
14 20 2439
36 64 1113
12 54 1153
1 96 2030
24 83 1765
12 63 4201
35 50 1765
27 59 1305
37 58 2323
11 68 1042
18 70 325
54 85 3463
9 28 2394
23 70 3882
18 80 4765
11 53 856
64 74 2168
28 34 1254
11 88 3337
35 55 4358
20 23 1173
37 83 2808
83 86 422
25 53 1939
16 82 1563
18 51 1899
19 25 2005
56 88 3316
25 26 2838
1 65 2352
65 92 1168
23 51 2858
9 67 3990
1 29 4750
20 54 106
46 71 3744
1 50 4432
8 65 4106
9 81 728
27 84 3699
16 69 3910
9 57 3332
70 74 1505
1 53 3336
53 60 3620
8 24 2265
65 90 414
44 54 4248
69 99 1517
42 61 280
42 57 927
30 56 4977
58 68 845
52 94 376
24 89 1798
34 80 1961
49 100 2827
24 75 209
26 77 158
34 76 2770
20 59 4946
21 89 3428
27 99 461
84 85 1569
68 70 3073
28 89 2214
13 76 3487
57 75 4329
56 83 1081
3 83 3388
34 70 3735
0 79 3471
76 83 2625
70 100 1414
77 98 809
11 29 1933
12 76 1054
1 100 1678
29 37 1681
24 29 3019
19 32 2611
40 84 3951
31 97 1943
58 94 1880
61 75 625
15 28 4749
52 78 2103
28 61 1749
36 97 4147
17 54 1171
15 30 300
25 89 2680
47 77 4479
52 87 3123
12 24 3861
16 55 582
63 67 3112
76 88 2697
78 95 1382
4 51 4826
36 37 951
23 85 1673
6 71 3125
39 42 2272
14 88 1075
18 77 770
50 92 2753
0 40 2903
38 66 3962
27 67 4526
59 65 403
8 88 2357
8 10 2950
38 39 829
62 97 1139
11 81 838
81 84 1264
8 74 1024
49 96 4016
12 56 4826
27 37 4412
33 85 1826
79 100 3280
26 33 496
17 20 4443
0 49 4862
20 25 2417
37 51 3009
18 86 4620
46 59 3766
19 37 1342
7 84 1995
45 74 129
27 50 1111
32 73 3625
30 59 1796
54 68 4719
54 97 3656
7 21 622
58 95 204
8 34 2701
23 81 3949
1 82 1212
37 55 2310
44 98 4901
6 60 695
2 90 3981
7 26 2199
17 58 546
32 95 2851
24 66 4264
47 86 2126
52 72 3124
75 89 3327
21 29 3971
53 61 3527
74 83 847
8 75 4061
26 78 620
8 90 2361
28 99 831
12 62 2469
40 85 3693
58 90 2660
41 81 4473
14 25 2489
27 89 206
10 68 492
13 70 2822
8 21 4673
18 46 4975
19 75 4359
22 42 1837
86 90 1118
17 41 704
21 65 226
85 99 2061
19 82 1721
18 42 2395
23 74 3018
53 76 4853
3 39 277
27 56 4926
3 79 3858
22 31 2505
20 96 4119
56 74 3949
79 87 502
66 98 2604
20 53 2898
48 85 2838
18 87 410
36 74 116
50 88 944
62 70 271
12 22 2082
36 84 2124
60 74 666
53 93 3195
26 71 3295
14 94 3197
0 62 2435
46 68 58
6 35 1797
80 89 1838
17 74 2906
45 66 2501
4 6 977
14 58 2524
18 62 1395
11 22 1948
58 78 3858
26 44 4811
25 57 3091
2 68 1709
49 76 3556
24 68 3061
58 76 1860
0 43 785
17 96 2587
70 71 1576
49 84 3818
33 45 3299
26 34 2593
17 35 3278
22 58 1427
17 70 3012
28 48 2672
19 57 2214
15 67 1699
27 52 3549
27 77 470
46 90 142
55 91 1592
14 59 3485
1 59 2917
43 79 4274
66 89 1864
7 59 2072
0 21 613
16 93 4899
20 31 2799
46 85 467
47 59 1518
26 70 3918
9 84 4503
16 63 3876
62 66 2793
37 49 3328
54 98 4343
46 91 813
21 100 122
36 77 3493
16 56 4268
27 41 272
45 58 3344
38 69 1959
9 55 1393
8 77 4790
70 79 4440
4 85 1425
4 67 3397
11 14 1298
42 80 2983
66 97 3681
39 76 1251
21 44 30
50 83 4947
35 51 2073
60 61 4836
81 93 2643
13 51 2185
46 69 2293
38 76 68
18 27 630
38 46 2085
49 98 4890
17 21 2768
3 18 1516
15 65 1142
24 46 1655
21 23 524
8 79 481
41 45 3808
26 84 1157
4 60 3042
15 45 295
33 54 1686
34 40 2094
4 36 2373
27 78 3023
60 94 1534
53 100 186
61 82 2203
52 95 1169
17 98 3367
23 37 2843
42 62 4080
37 89 1280
77 99 930
26 88 2946
10 16 4783
16 57 4950
33 47 1027
18 96 1710
2 55 2569
0 30 1054
35 71 3214
11 27 2902
15 74 3404
69 92 4563
9 54 364
21 25 4174
1 49 3837
18 85 2473
47 55 511
53 70 1003
12 23 2848
55 71 72
54 66 3143
24 97 3141
29 50 2611
29 42 3645
79 92 2665
41 88 2913
64 96 1754
7 97 166
58 74 1579
68 94 3074
9 19 4755
17 53 1555
64 85 3401
19 92 762
74 81 1051
0 34 909
11 91 3544
11 28 4024
49 87 2746
44 79 388
87 90 1608
24 77 4852
75 83 293
19 36 1875
32 75 2982
45 49 4665
14 30 141
7 34 106
3 64 3247
21 28 4661
7 52 1427
32 87 2184
45 73 1951
31 60 1541
17 78 4210
2 85 989
72 76 524
7 63 1665
6 28 4965
11 36 3609
63 77 3585
38 58 1004
42 81 693
41 80 598
30 34 1123
73 82 2823
30 61 4937
6 47 4784
48 61 1799
58 100 4506
10 56 3753
34 91 3960
10 69 1934
37 90 161
60 66 3501
82 97 3658
28 47 796
2 93 2678
30 46 2176
14 72 2983
24 87 597
64 92 292
38 41 3140
7 86 1117
16 65 4857
0 73 2105
63 94 555
32 80 4718
36 48 1677
32 63 959
52 57 2625
20 63 730
21 39 4059
81 88 4132
0 45 4580
53 88 2011
6 12 4046
44 58 2905
65 73 3
15 38 2659
15 16 1501
53 99 3230
41 73 539
17 94 4338
43 86 3079
58 60 4522
36 67 2405
7 94 4462
8 23 3829
76 96 4926
21 36 2759
1 97 347
0 70 3413
35 92 1346
39 65 4219
2 45 3321
50 54 2797
16 74 2401
51 72 448
32 89 1759
24 79 4444
83 93 2502
51 56 627
20 77 2881
5 55 782
0 10 106
65 88 4203
93 96 57
7 85 3476
12 47 4016
27 48 362
16 53 4018
78 89 4787
63 78 4089
22 53 1299
92 95 3862
6 46 2957
53 66 3547
36 92 332
15 90 3840
10 36 3151
4 65 4978
34 56 2797
52 88 3147
25 27 704
38 95 4624
60 98 582
43 89 2316
7 33 470
59 72 2793
14 82 2024
36 78 2209
66 72 3025
43 93 4685
26 65 4293
48 79 359
17 36 4688
35 94 602
43 60 4449
0 77 550
41 70 3555
40 65 2177
2 54 4521
77 91 3995
84 97 4020
39 75 1344
49 71 1827
54 80 190
7 90 4141
47 53 127
58 99 436
13 94 3274
27 57 644
22 70 3207
17 86 3310
8 31 210
16 29 4585
44 45 2686
75 99 3097
22 75 148
23 76 1943
55 95 422
54 64 3067
55 100 2322
11 77 4049
75 85 819
4 35 4553
40 81 631
0 94 4437
81 96 3323
10 64 3987
5 74 649
81 89 2448
31 64 1867
62 86 686
65 97 1927
4 78 4734
35 76 4479
25 42 707
43 61 1518
77 80 46
31 96 3580
73 78 2388
34 89 1342
5 18 3603
33 96 2814
14 33 2362
54 56 2112
6 63 4699
5 88 1641
5 85 2519
38 100 666
21 91 64
18 69 3540
84 95 4868
55 86 127
46 77 3084
32 77 2291
57 87 2612
42 45 3621
68 100 1220
5 86 4961
16 27 2097
50 61 1848
28 37 1753
22 95 3896
51 69 125
79 81 631
6 37 2265
52 59 2985
69 80 3518
12 72 1160
35 60 84
9 88 3663
11 18 1304
72 94 900
40 96 1679
4 17 1328
9 26 2860
1 54 659
47 93 724
7 48 46
78 81 1605
44 92 3207
26 59 9
23 36 3476
64 90 4623
6 9 2992
32 52 4738
33 49 2349
21 55 29
8 64 2554
2 98 495
41 57 1801
41 50 1698
2 5 3081
22 69 61
9 51 4728
21 47 514
58 77 772
28 63 3511
11 19 21
26 39 1487
68 90 3919
27 53 1783
17 91 2345
3 56 3045
55 82 277
79 89 926
49 67 3090
16 25 2201
15 27 2776
51 95 1453
27 100 3304
67 74 1217
65 69 4067
22 63 755
58 87 2691
23 58 1649
34 64 2725
4 76 1322
28 65 2925
7 82 4185
76 93 4514
87 94 3811
49 95 2680
48 73 2051
4 62 4503
2 89 193
58 65 1925
57 94 452
6 93 3103
66 70 3564
47 88 1461
7 55 1311
22 81 745
27 81 2186
9 27 3234
0 27 361
1 17 3777
47 61 4531
42 85 3885
35 82 3888
1 89 395
31 49 3896
8 68 570
36 99 2147
23 80 907
67 97 3264
74 99 1910
57 93 724
54 81 849
3 44 3581
37 88 1243
57 84 763
18 81 3265
2 43 485
50 56 4637
62 75 1989
63 87 679
80 88 183
22 88 2629
34 38 919
36 38 3890
16 89 1995
26 40 358
61 81 1422
47 80 3513
35 83 4208
28 71 943
14 23 2153
3 98 1342
43 59 1558
0 16 1804
30 60 4933
43 71 2617
80 87 774
1 44 4955
25 79 2815
4 10 2448
4 23 1164
57 80 111
17 25 4676
29 58 4905
4 25 1265
4 75 38
34 42 1491
19 87 2754
64 95 1346
49 86 128
7 70 2200
41 49 3124
22 49 1956
7 80 2118
0 67 2655
1 4 1416
8 27 1014
15 72 806
6 48 1661
48 72 2619
7 35 4677
11 24 1621
14 45 2870
15 61 2118
1 70 3945
57 73 2312
82 96 138
49 75 1956
36 98 4290
34 84 272
60 87 4158
26 43 3229
71 98 683
48 49 327
21 69 4887
64 99 3026
80 82 3129
31 90 2313
20 28 4685
21 95 377
75 92 3052
28 52 2881
15 47 1531
12 31 3502
23 91 2503
42 84 1381
13 22 3193
10 18 3300
66 85 4194
9 32 2120
49 70 27
1 25 1060
30 43 1257
5 45 3422
17 19 4579
29 89 2220
52 53 2986
47 92 2414
10 40 4346
57 78 1693
13 46 308
27 43 3693
51 99 4306
71 80 2764
45 69 1308
49 80 2979
81 85 659
77 95 4504
37 66 2027
7 46 1166
13 58 1157
16 70 1546
38 81 2869
23 62 916
1 46 3352
20 48 2577
34 53 1442
37 48 2718
5 20 1175
21 74 1138
35 37 193
27 36 2074
61 74 1429
10 63 1356
21 41 3798
16 32 905
13 24 4494
11 37 4182
0 80 833
98 100 3175
34 39 4520
52 71 2105
47 76 2856
20 64 554
29 96 2901
49 77 46
6 64 4465
30 92 4981
27 69 338
46 66 4531
69 74 1115
89 90 2757
9 40 1835
35 75 2828
61 72 2775
27 61 4248
47 70 384
12 26 2576
40 83 3163
12 21 3771
38 86 3740
70 91 2980
23 59 1488
13 92 3337
50 85 3579
25 32 1271
45 56 3320
22 48 2779
34 95 815
26 94 2059
14 76 341
66 67 4733
14 24 842
32 84 3465
48 64 2477
27 45 1173
5 73 3290
62 92 1142
33 34 4320
62 78 4348
38 65 2224
20 74 3813
39 92 1901
2 6 202
46 67 1664
29 98 3799
58 91 4950
8 62 634
35 99 4635
55 99 1466
78 83 213
0 17 1150
34 97 3121
9 30 390
14 63 3787
39 46 3650
41 95 1942
44 69 2748
33 100 1951
19 43 4111
52 98 2708
8 47 1323
83 88 3848
73 83 1908
6 19 2139
25 33 2655
48 51 1165
53 78 3802
7 37 4654
14 32 1284
70 72 1647
59 62 2038
25 72 3679
4 12 3341
14 56 2092
28 57 1549
17 59 2730
88 97 4911
38 53 339
43 90 3186
17 77 107
47 81 3405
20 89 1716
42 83 3372
15 70 1389
15 34 1614
12 82 4545
16 45 639
7 91 4444
81 82 3213
8 97 4063
10 71 3894
28 46 2561
11 43 4769
51 68 4515
97 99 2451
35 78 287
79 84 2113
16 38 4003
80 98 2349
41 64 2138
29 92 3942
22 50 4094
78 80 1144
48 80 4830
26 76 1038
62 98 3139
66 71 2745
71 97 626
88 96 1774
19 63 3965
22 66 570
52 61 1774
6 7 391
5 58 4288
4 99 4963
17 67 3152
11 52 2059
13 66 4282
88 89 1700
42 82 4514
33 81 2435
21 98 4052
6 100 1585
5 83 2227
6 86 3822
77 100 4204
20 56 4560
37 96 2970
85 100 2664
61 64 1721
52 99 1999
4 9 3119
31 76 1057
20 97 4265
63 95 3927
8 30 4225
71 99 2576
60 85 1982
80 99 2818
50 69 4529
26 97 3805
16 26 967
1 76 507
7 38 4960
23 47 352
68 82 1957
0 39 2477
44 78 2615
30 71 2562
4 74 2009
18 97 2330
23 95 2353
41 59 4348
34 100 4058
60 72 1335
9 63 3098
66 88 2016
13 99 3962
68 74 972
45 67 2994
38 54 2369
19 20 494
9 95 3487
42 77 3718
40 62 3580
22 68 3184
16 17 2356
72 81 2821
21 52 2124
24 25 238
24 81 3652
8 85 4628
23 57 4607
21 67 85
47 91 1571
48 68 4714
89 96 3763
74 96 3685
12 50 1832
39 52 3409
65 71 2136
27 74 4989
21 97 3957
4 63 3921
26 61 4959
11 38 1279
9 47 490
33 57 3509
17 97 710
34 54 475
7 30 2787
42 76 753
21 64 88
24 71 1208
23 96 2219
43 74 4745
18 23 1533
16 22 2135
71 82 3696
6 29 4040
62 67 2242
4 89 3326
10 13 3057
32 76 2505
14 95 2027
48 93 4625
2 77 2192
73 93 3938
32 36 4896
63 74 2871
77 92 1140
5 21 2075
13 57 4403
25 55 1496
13 78 832
18 28 3784
33 58 2486
71 83 453
2 35 3188
66 76 4331
28 56 590
12 88 4765
31 38 1630
76 85 3935
54 59 1263
8 92 2297
32 47 2536
68 85 3730
1 11 1669
64 84 2947
29 44 692
26 68 686
10 73 353
15 81 4716
22 71 1992
25 71 2889
20 88 1350
22 41 1201
21 82 2958
30 47 136
9 20 846
7 72 4702
59 63 612
71 73 4582
31 88 3091
26 66 3883
1 16 3237
20 27 1617
4 64 1185
6 17 3772
11 98 4606
29 71 3540
10 95 3574
59 88 2891
56 71 247
45 80 683
11 99 3477
13 95 2249
40 59 3729
25 100 1849
13 63 4941
3 82 1597
20 70 361
47 71 3113
51 64 4292
65 74 1415
43 55 1416
1 58 915
30 32 4498
49 79 4594
50 79 957
46 81 4189
22 76 1208
24 61 2237
77 81 3484
23 49 4982
14 38 1073
11 90 2013
64 71 1165
6 80 2708
74 93 4195
48 99 2050
16 64 4749
72 96 2799
1 18 4553
40 74 3606
68 98 4580
29 75 3639
41 43 4097
62 63 4932
54 60 2799
65 93 4661
80 91 2431
50 51 4261
35 88 3021
7 92 4996
13 27 4575
39 87 841
67 100 1946
14 81 2255
82 88 2272
2 64 706
1 64 4184
63 90 3401
36 49 1255
11 94 2695
19 53 2382
44 51 690
0 54 2944
31 66 3181
80 86 3182
12 29 180
18 82 838
42 53 2927
85 94 2566
53 73 2278
42 43 2292
14 36 3434
26 63 304
40 82 1747
21 68 800
88 100 2284
28 95 1508
50 96 2449
17 69 4636
65 86 3940
68 71 4695
44 97 4752
53 94 4440
37 91 4052
6 22 867
7 25 751
26 46 2790
21 61 785
16 51 2321
17 23 3644
15 55 2178
91 94 4757
73 74 4946
2 75 1992
31 46 576
29 43 2671
8 11 4308
27 35 1358
2 34 25
50 72 1919
5 57 1036
54 78 2187
37 95 2374
44 47 4388
37 80 379
18 94 3910
93 99 181
69 96 4695
43 77 4585
33 55 1444
34 63 1839
35 64 3058
19 88 2832
34 46 2579
64 82 1312
59 71 2364
32 39 2068
4 94 2406
38 44 328
69 79 813
31 95 4036
11 46 2766
65 83 622
1 84 4817
59 96 914
23 56 3640
22 65 4016
46 96 654
12 40 2407
31 74 4429
40 70 822
49 54 1925
5 100 2005
8 39 2848
44 70 1431
33 98 4207
91 96 135
84 94 2639
22 39 4158
32 82 1928
52 89 4342
13 54 188
40 87 3029
68 91 536
22 97 50
9 11 4995
27 93 2772
5 93 1588
7 36 2387
22 54 2282
10 77 1543
57 60 1996
55 76 3006
45 87 1628
39 58 1648
9 68 1889
40 73 3645
15 18 1
44 46 3535
62 83 1015
2 50 2190
66 86 1451
32 46 405
39 45 1301
23 92 1014
19 60 2251
55 97 4315
48 97 1992
33 94 2908
6 59 4634
10 87 4868
36 96 3059
29 82 2386
11 73 2605
23 30 237
55 59 535
7 20 2950
3 47 616
13 36 2940
29 85 2709
27 28 2021
39 80 1369
37 59 4100
8 95 3177
55 73 1161
50 64 3584
42 100 4407
0 6 3844
20 49 3392
38 59 3736
28 79 717
30 65 286
47 72 2813
27 31 1887
15 97 4140
24 45 1032
9 14 2467
8 76 4649
25 99 856
18 48 1884
41 56 1982
9 87 2573
12 83 513
44 62 2977
4 41 4785
19 81 4961
15 88 209
30 93 610
40 79 2817
2 41 2613
34 47 2527
31 89 2521
75 80 1876
62 82 4036
33 82 2501
12 13 4694
70 80 2077
10 19 4234
12 41 4283
54 79 1844
18 64 2261
24 58 2724
15 52 996
26 32 4060
63 89 4323
26 80 469
32 93 1524
18 95 349
8 98 3660
8 67 4017
29 33 1885
1 92 3419
4 29 1619
15 26 1702
8 54 3774
4 44 4097
20 37 4635
90 92 705
39 43 2852
60 68 1296
61 99 461
35 97 2922
11 20 1501
6 95 469
51 84 660
36 51 1425
1 99 2025
26 49 3594
11 59 2504
34 45 4807
28 45 437
26 86 1665
45 98 1507
28 98 3162
36 88 782
82 92 3915
0 91 118
25 81 4075
10 81 4521
14 42 4345
5 90 3087
50 70 2046
92 96 4488
11 79 4460
25 59 4621
19 21 2277
7 95 2145
14 26 2467
45 71 3251
36 50 1523
11 16 785
0 37 2813
25 94 2956
19 100 2780
14 62 1815
30 54 615
50 82 2341
4 14 2844
82 99 1265
6 61 381
30 97 2188
54 90 2820
46 63 3196
0 87 2026
44 60 1825
0 89 4790
5 28 4558
43 67 3090
59 89 1765
47 63 425
35 72 4805
47 60 4206
22 40 1961
10 47 4378
22 82 4946
7 83 2399
28 50 1724
45 70 2839
61 70 2527
39 41 1088
29 94 4226
26 73 905
22 86 3935
14 44 2081
2 53 2017
12 43 940
3 5 3525
1 85 4654
13 29 4260
3 24 2688
8 81 727
48 52 1507
19 67 1808
23 45 648
10 42 3644
58 73 2932
26 95 610
88 95 3877
23 93 246
28 83 3570
27 73 3320
38 74 2837
30 95 450
9 94 4797
10 55 2049
70 82 2985
60 70 4549
29 95 4829
29 83 4373
29 72 4333
39 90 1127
35 87 108
50 62 66
0 12 2035
11 41 2017
65 66 4809
37 99 2288
12 20 3320
28 40 137
14 74 3166
0 83 4842
16 31 3264
11 67 3327
7 61 4414
50 66 646
1 56 3581
51 60 2126
12 71 3818
60 71 4870
10 12 2116
6 52 3451
10 20 68
74 98 2344
20 79 4284
17 81 481
45 76 645
52 96 4651
42 73 3650
38 57 2034
23 87 4243
56 97 2549
6 26 350
45 72 1527
64 77 796
13 32 2713
53 67 4874
10 93 4967
53 86 744
33 78 2104
11 65 3505
5 49 4626
40 49 1836
20 83 4757
26 47 678
33 75 2031
19 42 3933
21 24 1451
23 90 3985
24 31 4076
10 29 2171
44 48 1560
9 77 3324
18 21 76
4 58 3187
32 58 1715
3 32 4484
25 54 4271
48 77 4670
34 77 951
54 72 934
48 60 1517
25 47 3825
95 97 4846
16 41 499
77 96 4856
51 88 851
14 55 3879
16 100 4413
5 98 4650
6 40 1336
15 57 1956
72 89 3852
3 57 849
68 80 1876
32 70 3869
72 82 3397
4 55 258
62 91 1538
8 32 3178
23 65 2848
50 59 3306
10 100 4981
17 80 761
92 99 4539
29 90 3864
25 85 1260
18 99 4152
18 25 2948
32 56 392
20 61 4477
31 50 2592
56 68 2857
0 57 4006
5 79 4133
2 80 114
34 50 1273
5 76 3199
29 55 1276
54 65 3900
20 35 587
16 21 1857
34 74 1190
63 64 4173
61 76 2191
20 91 792
13 25 1751
13 74 2995
33 97 154
23 63 2171
36 80 883
8 91 656
42 60 4493
18 31 196
8 93 4914
7 51 1084
19 28 428
47 75 3708
10 22 4845
21 94 2544
29 74 2419
7 14 756
1 95 4714
9 56 4126
28 69 4007
51 87 1474
38 40 3981
18 68 2568
48 84 1266
63 69 831
36 94 960
21 88 404
56 84 26
35 61 528
25 70 3193
59 74 2223
11 70 3498
52 63 4007
56 65 3600
17 100 2480
94 98 2688
24 76 1368
72 80 2478
54 89 3489
32 64 1904
69 70 2205
90 91 4593
70 84 1695
44 61 2500
42 72 982
3 45 3710
62 89 1741
3 38 784
30 55 155
68 81 2159
6 49 1819
16 30 1619
27 79 1458
37 68 3951
61 96 3457
43 88 2505
10 78 741
64 72 1138
5 36 357
0 33 1458
1 91 2533
31 100 2839
9 75 2735
40 47 1275
46 60 4239
85 93 1222
47 79 1474
14 68 651
64 67 2209
32 62 602
25 90 498
48 54 3901
33 42 3460
77 89 3589
2 19 3908
18 41 4821
43 70 2173
30 79 4825
31 91 808
88 93 3884
64 68 1955
47 85 4370
24 78 959
16 88 1174
49 69 962
71 100 1623
4 5 1102
2 33 635
3 51 4055
2 21 4172
57 97 4182
4 31 2388
57 74 1173
20 95 1314
71 75 459
55 84 3242
8 17 688
27 34 4938
4 45 1308
41 52 4867
6 74 462
5 46 1041
6 24 465
15 92 794
15 100 3301
71 88 4189
61 71 603
73 91 829
18 34 849
45 92 2559
45 81 4384
8 71 885
19 34 3657
23 28 3743
13 71 1185
68 93 4550
48 67 4695
46 82 4448
45 54 235
11 76 3983
44 81 481
57 68 503
44 55 4492
1 55 2496
86 93 4473
66 73 937
2 61 155
64 70 1849
24 50 4664
43 95 1619
7 76 267
9 21 1288
23 32 1982
3 43 265
36 70 3204
7 68 3126
83 85 4164
73 84 2631
40 93 4436
18 52 1733
66 100 1262
75 94 2611
23 42 1184
22 37 1842
52 79 805
38 78 2526
73 98 3416
35 44 4199
69 98 1248
73 77 2084
78 86 4456
40 78 2311
82 89 1094
15 56 3078
6 21 17
87 91 3197
43 62 597
40 99 2734
15 41 4308
24 27 1208
10 59 4775
70 95 2211
44 89 1409
16 59 444
7 24 3385
28 29 2200
13 16 3226
12 68 4681
39 74 4082
20 41 2701
85 88 2524
34 57 2419
74 82 3150
27 91 3978
4 16 3142
21 76 3655
11 45 2119
2 23 3211
27 49 304
12 55 3105
6 89 4081
37 39 262
32 38 50
11 75 2464
70 90 792
46 57 3862
51 73 4569
67 70 4659
18 19 855
51 65 220
77 86 3520
4 34 1859
46 75 4468
38 60 2898
6 79 2275
55 88 1045
13 72 2641
44 95 3095
0 98 2862
62 76 4526
8 19 1408
14 37 2269
17 26 3070
49 89 1188
20 34 152
30 33 4177
36 57 2352
36 75 1225
34 35 1794
5 9 87
5 54 2530
37 52 2353
5 41 1433
18 84 568
33 84 3454
22 23 2892
32 54 2041
41 83 2800
12 25 4714
8 33 794
5 14 1979
67 92 1667
1 38 4106
21 49 3518
23 66 2835
74 78 1820
7 27 1170
15 84 4780
23 99 610
97 100 2743
30 31 973
5 8 488
30 91 206
31 61 2656
38 97 2972
78 90 3759
76 98 1032
6 77 3148
23 34 3705
63 75 1861
22 94 2682
82 98 4902
9 48 3142
8 96 2498
68 78 3209
34 36 191
26 81 2938
74 94 2285
73 94 1196
21 99 1408
49 64 3624
11 40 1320
11 31 983
42 92 1174
23 86 3560
8 40 1996
30 39 1936
9 89 4002
24 70 442
62 65 1128
70 87 3117
48 71 1795
35 74 2165
56 75 2459
73 86 302
28 42 3450
75 79 3524
8 41 4210
45 64 3299
61 65 3552
13 42 3467
26 64 2157
32 81 2147
53 83 2391
34 55 959
78 100 1759
21 40 3518
65 87 4114
67 99 4234
76 77 1917
57 72 538
28 90 2719
2 78 1724
38 82 1984
17 39 1066
93 100 4800
17 72 805
63 97 3970
52 93 3872
63 79 4442
95 98 1502
22 99 4278
42 79 4856
18 20 4182
33 38 2861
83 90 4318
89 97 4025
37 76 2812
26 100 1585
31 85 1777
14 87 806
24 59 3112
37 94 3624
49 53 546
29 57 3674
10 94 998
45 53 3264
64 80 2268
10 89 3271
0 66 3391
9 69 4060
7 23 2064
16 96 288
0 96 1825
33 76 1135
89 100 3077
26 75 595
2 31 3186
57 92 3337
35 53 1850
37 97 2456
22 89 3856
39 68 3320
22 59 396
2 26 4410
1 2 2740
24 43 454
13 45 1581
7 45 266
3 25 1933
33 61 1135
54 61 2215
72 73 4421
19 49 2990
7 71 3389
26 48 4999
11 58 2139
19 77 4122
31 93 3748
73 96 3918
74 85 4504
68 79 3412
20 81 1124
69 86 1920
18 44 2814
64 66 3609
2 24 2630
13 62 3823
63 100 904
47 99 2115
53 56 657
3 78 935
36 90 3495
0 50 2070
56 70 2163
72 98 4391
12 19 2074
4 48 1632
39 98 3375
7 87 1345
16 33 2194
31 34 2493
21 30 2273
19 52 4202
27 92 1278
39 57 3118
63 96 3570
9 49 584
2 91 2616
6 36 4386
86 100 3690
25 68 982
45 57 602
12 44 973
6 50 2747
15 33 2254
14 15 3337
50 90 4172
21 38 968
34 75 4170
9 37 3850
15 46 2588
48 78 1406
34 41 1096
27 65 3971
20 45 4796
25 34 120
68 97 991
39 99 3170
4 13 2184
0 56 3632
64 91 2141
56 86 524
23 25 1366
11 74 318
60 95 3876
25 82 1315
55 56 2834
10 83 3855
5 39 4723
35 98 649
22 35 1878
13 61 3938
41 51 4186
40 89 3430
21 45 1074
5 66 4616
30 57 99
57 88 440
0 59 4202
13 96 4027
4 24 1829
47 54 3355
28 58 4229
36 47 1334
40 100 3559
39 40 248
19 26 4483
31 63 1120
46 89 2295
35 40 4836
15 69 4797
43 85 3661
16 24 2939
31 56 1950
36 53 3826
10 76 2925
10 49 2712
44 57 2473
41 60 1721
5 60 2021
1 68 4783
45 96 4049
25 76 3377
55 81 2898
6 99 3176
11 44 4232
71 79 1904
1 43 1924
37 46 4213
9 45 1331
9 36 4568
70 76 3319
32 72 4107
26 93 4753
24 55 1517
54 58 2397
49 61 596
45 63 4984
47 94 2969
41 84 323
4 100 1693
56 76 750
20 60 4027
19 62 4448
2 95 2051
8 61 3896
75 82 3990
23 60 4209
11 55 1594
76 100 2071
35 47 1379
6 75 151
40 91 3415
33 86 1860
69 82 3326
40 92 1735
24 28 3417
75 84 1785
15 75 4360
2 52 766
20 72 2515
57 81 1274
33 68 566
7 56 1459
51 85 4322
10 52 4284
7 78 1750
33 91 1760
1 62 3749
52 64 4655
49 78 3416
90 97 3102
55 57 3049
33 69 2855
36 60 583
9 85 4011
11 25 305
19 39 321
56 58 1354
70 86 2775
53 97 4025
2 18 1142
28 44 457
87 93 1497
52 73 263
46 49 575
2 96 1417
5 87 1524
85 98 3046
49 94 2972
37 70 522
44 96 2264
80 96 724
7 66 3628
56 81 2695
25 97 3782
4 39 1009
8 66 1736
72 79 2402
10 60 234
3 22 215
20 29 4940
47 62 3633
38 67 4834
6 98 532
75 77 4394
29 77 4433
35 45 3822
60 69 913
3 70 1224
61 86 3878
12 96 4757
9 46 202
45 47 4311
24 98 1068
17 79 950
19 40 1593
10 15 4593
42 46 3377
0 15 257
79 90 4534
7 31 4736
12 27 1126
32 44 1919
38 43 2859
27 46 4897
10 11 2207
13 93 780
54 77 107
61 87 2685
10 44 3025
31 65 4099
28 76 3218
52 86 1896
31 67 1274
82 85 4661
39 91 1756
2 73 2894
13 49 794
47 58 836
0 48 1857
43 72 534
23 89 2551
67 82 2602
21 63 2694
16 19 3060
51 90 827
69 91 578
32 88 2065
5 51 4329
0 75 3252
17 95 2331
51 92 1050
42 70 4177
81 92 2062
40 58 624
33 37 392
17 63 4885
16 86 4658
41 92 375
36 85 1093
95 99 1316
72 87 560
44 90 2558
43 100 55
59 100 2812
13 68 2890
58 71 669
19 33 3852
1 78 1216
18 90 3930
30 78 3203
7 65 1851
30 99 3986
71 84 3122
13 97 1149
67 79 1722
29 69 3770
74 91 3696
5 10 4343
13 88 2428
26 28 2271
55 64 652
28 54 2066
61 88 1282
46 65 2243
7 42 3044
28 92 145
52 66 3342
55 98 4861
39 72 1053
5 97 4265
37 87 3684
33 60 1243
18 59 1169
56 69 4932
15 86 4015
7 60 4516
52 83 3178
0 8 2028
14 28 4598
56 79 718
30 89 2939
38 50 1986
7 58 3132
9 60 410
10 98 3103
6 54 2171
43 47 3139
11 23 630
0 9 986
29 73 3073
36 81 4276
22 57 2842
35 84 2237
0 63 2090
19 79 2497
3 80 575
8 9 3185
40 64 4350
65 70 904
59 95 252
9 15 2743
29 63 4175
17 92 2516
57 77 944
48 56 889
19 94 4254
40 43 4205
74 87 2093
0 61 2850
62 73 4098
29 86 1309
64 89 1108
14 71 1020
1 31 1719
19 84 2652
24 39 929
1 7 994
36 95 3490
24 62 4215
72 78 2180
12 79 446
34 82 4318
44 75 793
2 82 122
58 59 499
15 80 3941
26 58 2415
8 58 3443
62 74 4784
4 53 89
91 93 675
2 8 2017
41 46 4993
52 91 3370
0 24 1007
14 46 1582
70 77 1595
15 31 1109
4 86 4343
33 52 1126
35 52 27
13 79 4396
83 96 4885
37 64 2363
59 60 578
8 15 4068
33 59 3461
66 74 2258
41 69 50
29 62 3491
2 40 521
1 52 351
9 17 3810
94 96 1887
57 59 4277
15 51 1659
29 68 1347
71 91 4722
45 46 3931
58 86 459
5 19 4182
15 94 3434
8 37 3132
48 58 3186
56 95 4558
49 63 3880
7 39 357
35 96 2209
37 47 2010
29 53 4362
19 83 4740
9 92 254
43 97 1307
39 61 2388
1 80 442
34 88 4371
39 66 289
7 50 964
71 72 4510
29 52 1085
54 57 4704
75 81 1524
97 98 4997
18 75 1391
59 94 4700
8 53 4947
11 51 2491
42 94 2932
48 74 1237
25 83 56
8 20 1647
16 94 462
43 46 4742
14 53 1668
80 94 1960
16 72 359
52 97 1828
25 41 491
73 92 2164
18 83 1620
94 99 1360
45 86 4502
55 66 2585
21 51 2915
28 35 2465
25 45 1064
42 48 2866
0 7 2278
25 38 2708
47 64 4856
43 54 1877
37 82 2653
28 36 1036
58 80 3316
14 27 192
54 86 3053
34 51 2051
3 71 2765
43 98 1729
37 53 3135
2 87 1678
19 55 2568
80 90 923
12 74 1533
39 93 2966
5 64 2755
42 64 3075
0 55 3797
42 78 2196
42 96 2592
47 52 1223
3 61 2273
60 77 3050
7 62 1557
20 85 3692
60 67 4086
14 22 3716
32 42 2000
76 79 4582
16 83 4343
3 50 2766
66 92 1975
40 54 1141
35 70 2638
28 94 2906
32 91 2769
20 21 4573
82 90 2372
1 24 204
11 42 3252
44 91 4790
34 68 3459
59 85 3834
58 79 2131
51 96 1661
2 13 4011
10 88 1654
27 39 3415
77 87 356
8 26 1254
5 40 4645
2 11 4240
74 90 1395
44 56 4894
11 39 2492
31 69 3469
12 81 127
19 70 4366
9 61 1852
70 92 109
31 45 737
18 29 59
36 83 389
10 38 4841
17 52 4634
91 98 4745
13 14 1509
57 67 2060
46 93 1973
10 25 3171
37 93 134
8 36 3362
24 92 1013
9 74 1539
9 80 1937
44 67 2419
8 80 3509
40 88 3404
23 40 1874
65 76 3648
13 91 1752
26 54 1273
24 49 4386
60 75 1185
73 97 2250
30 40 1724
75 93 3334
22 26 2416
59 76 3103
22 24 1656
40 46 116
16 23 1557
0 47 3981
61 67 3000
57 95 122
28 68 2436
52 74 1919
26 57 3905
21 35 2791
41 62 733
13 48 4954
26 41 3463
41 87 3803
8 18 3225
14 61 2738
40 75 3929
22 62 3515
11 54 4704
63 98 845
0 18 354
10 53 576
8 43 2853
10 74 3665
40 51 698
27 85 4987
81 83 2073
9 39 4449
3 53 815
22 74 1317
42 97 3041
7 49 1791
7 17 3434
23 84 2285
16 46 293
39 47 3435
75 78 2605
63 72 3178
57 69 4965
83 94 724
22 36 3176
6 65 4618
61 91 1019
85 86 3550
38 45 32
50 71 3991
14 51 4367
25 92 1464
46 100 768
12 18 999
3 12 803
8 50 4277
91 97 4737
22 77 4990
66 99 4692
7 69 1317
22 25 4178
52 100 2662
19 61 805
20 65 4719
12 97 3808
38 47 3613
30 45 1925
29 67 2439
69 77 973
46 87 834
0 4 806
4 77 2413
24 60 4210
27 66 1358
35 56 1264
4 72 4792
40 76 4215
36 69 1611
16 60 2377
63 92 2762
47 100 2615
6 53 1858
9 29 320
73 76 2105
17 27 2825
53 55 4119
14 21 3498
30 44 1172
31 48 3162
22 28 4295
69 94 422
47 98 4839
9 34 757
13 37 1059
3 21 616
56 90 1199
18 67 3301
1 67 3595
24 99 3349
12 64 3092
25 87 574
39 53 2978
72 95 3220
52 77 1101
13 43 4216
6 10 1581
47 96 3213
54 84 1774
43 44 3679
29 59 2939
61 73 560
8 14 2108
51 58 1397
52 92 3646
20 71 406
7 53 1812
0 97 4196
35 69 3463
26 52 1011
17 42 1333
18 65 650
1 5 3483
59 86 3298
3 41 1761
21 78 4918
21 53 1924
10 31 4584
44 77 18
34 81 3096
30 42 4065
49 59 130
31 73 72
18 38 3522
9 12 1760
2 38 4996
1 94 3980
11 49 1238
2 27 1676
17 31 357
24 52 146
17 93 2237
79 97 3541
10 65 3966
21 46 3039
4 82 853
48 82 1519
3 40 4028
37 50 1660
19 29 1268
25 43 2986
96 99 3179
21 50 1755
65 79 2418
39 95 1957
53 92 4619
33 74 3129
32 99 4291
43 78 527
9 13 4534
39 62 1462
84 88 3208
36 71 1870
0 68 2510
5 52 1252
17 28 4352
28 73 2801
12 92 942
9 99 294
38 83 2983
38 93 467
48 87 734
6 92 809
18 98 4045
61 100 4883
33 35 1416
1 28 4299
55 89 3137
22 61 2385
17 84 4327
69 75 1068
54 96 2224
11 71 2256
38 61 3038
6 45 2289
23 24 1295
4 40 3036
71 89 2809
22 56 332
77 84 3460
3 88 1754
59 70 3123
28 70 155
38 87 3700
39 56 4628
20 68 2062
84 86 2105
14 75 1523
37 78 4466
58 98 4603
43 92 3339
53 62 583
6 43 4206
68 88 768
17 40 4530
3 89 81
20 94 1771
49 65 2391
3 9 3876
28 41 2105
88 92 3067
48 75 493
38 55 733
8 49 1899
37 98 2747
76 90 413
91 95 1772
13 30 4294
18 53 2865
39 88 1423
44 87 4939
6 82 2665
77 82 3268
0 65 2186
28 64 1973
30 85 1508
19 69 3576
53 95 2827
35 79 1154
51 81 3821
36 40 1862
34 58 1732
82 86 241
36 63 1721
15 98 749
38 49 4879
71 76 4592
24 32 4745
0 95 287
59 64 4043
36 87 2702
82 100 2632
58 70 458
6 51 753
4 15 680
42 95 4758
75 91 3071
20 87 793
25 84 4573
3 19 4225
36 65 4083
42 87 3571
23 46 1723
27 30 4859
72 85 1968
39 51 1983
42 55 752
0 92 4451
89 95 195
25 67 2288
29 38 2981
8 52 1692
90 95 4545
35 100 1231
7 74 2743
26 36 3049
10 33 151
44 93 912
8 38 1472
45 77 1644
51 97 4431
16 44 3187
32 48 4796
67 69 1431
75 86 1196
89 94 4127
56 72 3359
1 36 1048
31 75 662
32 98 1125
24 88 2331
49 52 359
92 93 3708
18 50 4735
32 49 3507
85 92 702
25 66 2198
46 79 1922
53 77 3680
35 73 651
65 78 2183
41 48 4672
70 85 4108
1 14 625
87 95 593
77 97 1834
41 74 3590
23 54 3675
25 30 1161
2 15 3041
39 100 1967
73 88 2782
16 52 907
58 75 4486
21 56 1746
83 91 2635
58 92 2600
67 90 1855
32 85 2037
7 77 134
24 38 1824
88 94 1206
62 79 2333
0 31 179
30 63 4358
16 71 283
21 96 3502
14 18 2415
10 23 1764
40 60 4760
7 40 335
27 76 4906
21 90 2671
61 98 3733
44 88 672
57 83 1838
32 45 479
7 41 269
66 68 63
17 24 4760
68 73 3837
76 91 2466
49 97 2472
7 79 2109
32 33 3606
28 49 4614
55 96 2019
54 93 3735
22 96 3647
19 23 3088
27 40 1867
32 68 3194
8 28 2944
1 30 1251
11 33 3187
57 98 1989
41 71 2056
65 82 606
1 27 2993
19 73 458
31 98 4917
47 87 4672
36 44 3158
60 91 698
13 100 933
33 46 4198
3 10 2533
3 42 3198
18 26 3275
19 45 141
17 55 1014
73 99 3770
77 93 2359
7 32 925
54 87 661
41 75 4908
72 93 3411
8 86 1356
75 95 2480
44 99 4257
33 95 1562
1 22 121
14 60 3946
12 99 791
53 63 3987
22 87 269
34 49 4607
2 39 4324
57 82 1073
4 11 2285
3 93 3410
3 49 2760
26 96 4162
45 65 3944
38 85 4484
10 48 4987
45 50 1950
57 62 2290
8 99 1342
46 98 3056
28 62 729
0 22 1081
63 86 1895
14 16 1803
38 94 2271
27 68 4017
2 30 1599
45 91 31
1 20 3685
50 53 1060
14 91 3204
13 86 3943
15 39 4234
24 91 4130
72 84 2530
54 73 1872
43 99 2495
19 66 307
5 11 68
15 36 1401
56 100 2046
82 83 1904
0 99 3334
7 88 4622
3 77 2963
0 14 1275
87 100 1733
34 73 369
19 98 2355
67 81 4281
56 62 3578
57 86 1004
51 67 3722
14 41 854
17 65 4331
89 99 2513
61 85 261
15 71 1276
79 96 668
8 60 228
53 58 3390
35 80 3465
58 88 215
43 91 3976
12 59 2295
39 83 4626
45 61 2745
21 48 1578
49 72 1134
10 50 4595
59 84 2928
72 90 506
15 89 4226
28 55 670
11 86 4970
10 57 205
67 73 2397
59 99 4076
75 87 1766
39 89 4162
60 78 2273
17 22 2653
28 75 3441
26 87 4535
15 43 4017
8 87 4876
74 80 4108
1 39 4545
23 98 4213
17 99 780
55 67 3337
60 64 4734
19 85 1508
62 80 1442
65 91 1022
30 36 27
1 69 4303
75 98 2724
8 42 1379
48 98 3778
66 90 3577
34 52 969
4 22 3123
3 14 286
49 91 1208
6 72 3428
53 64 3436
6 34 2626
12 35 129
33 77 1260
46 73 1351
6 55 448
8 29 2863
27 87 2487
11 26 2566
4 56 3205
1 3 1377
31 43 3432
39 73 4830
15 96 1961
21 93 2090
12 33 3542
42 65 4282
90 96 3982
32 69 191
7 16 1967
32 78 4153
59 77 2109
9 97 1000
42 49 459
4 33 601
13 65 2373
4 47 175
18 60 440
39 86 526
69 72 947
12 86 446
64 100 4093
55 78 219
56 80 1971
5 37 2528
48 62 3740
52 69 706
5 53 3135
52 68 1647
71 86 975
14 96 3804
23 61 94
58 66 1931
27 51 4564
2 46 328
12 61 1062
7 57 575
29 91 3004
86 94 141
78 91 2079
63 93 383
38 72 213
71 87 162
62 87 1828
40 86 4449
31 59 3833
56 98 4799
29 97 3469
31 41 3059
23 64 3448
8 69 2000
52 82 2394
17 37 1489
0 58 1399
58 83 1926
54 70 2161
0 36 4084
51 70 929
58 82 4350
24 94 4664
46 62 2228
35 38 2036
1 35 2888
39 44 2573
65 81 280
23 33 4176
18 79 2929
24 37 467
46 53 2706
28 30 629
4 27 72
55 90 4810
46 47 1794
31 58 306
74 100 4506
7 81 4426
12 17 4986
84 98 227
60 62 4730
13 73 356
49 90 3368
11 62 2760
0 85 1426
51 53 4768
3 60 1957
32 34 4237
92 94 1927
35 95 3290
44 83 1434
7 22 3315
35 46 1618
14 66 2265
24 84 594
22 73 3696
34 96 837
44 63 1403
83 95 3408
11 93 181
25 50 385
14 83 3912
86 96 3610
42 56 2241
23 35 391
54 71 4780
10 84 3299
12 94 2132
55 61 3398
24 93 4579
15 25 4317
73 79 891
13 89 4413
31 62 3971
64 98 2148
3 8 2649
26 45 2235
55 80 4650
66 80 2687
24 44 3503
2 59 4059
2 86 3325
75 90 320
29 54 1813
21 75 3549
16 68 1269
53 57 4942
65 95 3540
38 48 3905
26 50 2562
3 96 977
41 65 3654
28 77 2678
44 66 4644
59 83 38
2 51 3043
79 95 2928
16 36 1815
3 7 2168
80 85 998
16 18 731
18 100 1586
1 42 4261
26 29 504
22 79 2312
0 28 4125
2 7 4614
4 32 4928
65 85 4993
51 94 3443
31 92 377
65 94 2028
51 78 3007
39 60 716
20 73 3803
56 87 4686
5 94 4988
35 43 818
36 45 3835
30 64 1705
15 91 2082
0 11 2586
89 98 1549
16 73 3999
31 70 4629
12 77 110
15 22 3953
2 100 3034
28 60 3216
23 69 2056
55 77 4254
1 87 3152
42 93 2397
1 63 1705
31 78 1839
3 76 338
33 89 4424
17 46 1081
88 91 1635
54 100 4101
33 41 1578
8 72 1329
60 76 4590
78 99 2122
12 80 1552
46 52 3433
0 69 427
27 38 292
20 58 572
35 67 627
67 80 927
46 95 2801
1 61 2267
2 94 1450
25 69 925
13 35 4215
62 84 2701
18 56 3457
21 37 2619
8 16 1114
14 40 3535
31 36 4868
1 77 4827
52 81 3641
58 84 2282
27 95 2632
27 62 4948
6 78 415
31 35 1256
38 56 99
25 52 532
16 84 4427
24 64 4833
50 97 4846
11 72 4158
13 80 2039
39 67 133
10 54 1772
0 41 1391
13 31 2378
90 94 843
31 79 4511
54 83 4618
60 83 633
36 41 1230
47 74 4794
21 60 999
50 87 1124
2 16 3008
52 65 3941
4 37 2437
22 91 4225
19 44 4484
11 48 1635
32 59 576
46 48 1420
48 88 688
19 54 4115
48 69 3659
26 51 1883
48 76 2924
10 99 1179
31 82 101
30 80 2956
5 69 448
62 71 1880
24 40 3055
3 72 3603
50 67 29
25 74 2309
4 70 3518
15 82 3634
27 42 1034
70 93 1840
6 44 3209
35 54 4704
20 80 1628
2 76 738
20 44 1272
82 94 430
23 88 1315
89 91 1708
14 85 4121
12 53 3678
60 79 4010
60 90 3327
81 90 2279
50 73 576
13 17 4385
27 54 2996
29 36 1914
30 84 500
13 19 3757
20 36 4515
67 72 1005
2 48 886
2 22 3304
18 24 4353
32 35 2733
29 66 1669
11 83 4691
40 63 3201
10 66 1367
0 74 1039
36 42 4575
6 83 2565
21 58 4342
11 34 2525
1 34 1786
9 16 199
72 75 3888
85 91 991
76 80 2253
11 13 4070
16 91 4749
11 60 999
15 63 2165
79 83 4209
6 68 1542
0 26 68
92 97 728
42 90 2196
12 93 3169
3 31 4410
3 67 3538
64 69 4254
18 43 478
86 88 190
14 73 3125
30 69 2687
93 95 1201
11 32 3294
63 84 1446
25 60 4859
45 51 4102
36 68 2514
43 81 1391
41 42 1121
44 80 4038
26 60 1036
46 92 4496
82 84 1650
30 98 1225
40 61 1187
60 99 2944
25 93 4631
53 89 1001
62 90 425
59 68 904
3 26 648
