1 99 4950
0 95 97
2 0 4128
3 2 116
4 2 2265
5 0 3815
6 3 1295
7 1 4359
8 6 2283
9 7 4335
10 6 575
11 10 932
12 11 4420
13 7 2232
14 0 613
15 4 3921
16 15 832
17 14 4725
18 3 1165
19 4 3039
20 12 222
21 14 2086
22 8 1617
23 15 4849
24 10 1784
25 2 2643
26 2 1634
27 24 4187
28 5 4881
29 27 519
30 28 4550
31 12 4510
32 25 1065
33 30 1477
34 20 1893
35 25 1300
36 13 41
37 0 4487
38 11 2841
39 30 4969
40 28 2502
41 14 2620
42 20 1334
43 24 4469
44 8 3993
45 24 4038
46 37 4863
47 31 1975
48 40 1082
49 36 1389
50 2 2502
51 32 78
52 10 4646
53 29 912
54 42 1171
55 41 2910
56 38 3272
57 55 146
58 54 3349
59 22 4116
60 7 1251
61 41 4075
62 45 1777
63 52 3030
64 29 3271
65 55 651
66 5 4173
67 21 2043
68 17 2659
69 59 1959
70 11 3129
71 45 4183
72 61 17
73 30 2834
74 39 2794
75 39 154
76 45 4810
77 56 1679
78 21 492
79 42 3435
80 13 2665
81 17 4333
82 69 2280
83 49 888
84 33 2996
85 35 2534
86 40 3741
87 20 2425
88 19 3811
89 47 773
90 20 3445
91 56 226
92 55 3847
93 68 4016
94 16 3963
95 34 2988
96 90 214
97 78 15
98 93 994
99 89 2479
100 42 4799
13 95 4798
6 87 1027
63 68 1048
6 39 418
40 76 3998
56 80 808
24 32 4392
13 74 3438
8 41 2259
26 76 362
13 22 1349
19 69 4395
7 84 2295
51 60 4820
25 33 4006
2 90 3060
58 81 3266
28 71 1757
45 52 4869
3 90 1907
26 40 3138
58 86 4259
50 91 342
12 29 4590
29 96 1967
26 43 1320
38 66 4361
10 48 4443
26 93 2655
11 58 3430
15 39 2607
46 68 1542
6 83 2827
77 89 4872
37 62 1572
84 98 1517
3 46 3857
22 97 4605
17 72 718
3 91 1074
19 21 434
30 70 468
56 84 4307
71 77 1068
51 55 528
9 19 4344
46 72 3072
24 76 1265
1 19 1540
33 63 588
45 48 33
55 64 4610
20 61 3975
57 73 4291
63 89 1984
34 71 2986
39 64 3273
62 71 3838
45 49 2129
51 89 1159
43 75 2360
37 94 2507
7 96 4271
13 81 1010
53 73 2036
6 26 652
25 83 225
27 80 3658
2 96 256
14 92 600
30 71 151
70 96 2972
6 32 3516
62 86 990
8 36 1212
98 99 3589
51 91 4691
35 69 3581
59 90 4525
45 70 1845
16 34 1223
31 39 1158
81 100 3294
46 55 3878
39 66 1850
27 31 2823
23 98 301
4 54 3387
21 42 1761
19 44 1602
63 71 4201
15 48 2179
25 79 4482
64 100 2242
5 64 3166
74 86 3616
41 86 2503
3 85 745
30 80 1431
26 64 2331
15 40 2120
38 61 2270
71 99 2768
62 93 4869
56 98 3699
55 84 4549
40 49 2056
23 83 3001
23 28 3754
60 71 3751
37 47 566
28 100 4189
54 74 2243
68 77 1477
32 93 2324
28 42 551
4 42 4807
45 66 2660
20 91 2528
26 33 3981
67 96 500
69 72 4700
57 86 2220
5 68 2057
35 59 1682
24 98 1732
68 100 4342
73 90 3646
46 49 2065
65 78 3722
10 17 1949
29 50 464
57 67 1038
10 54 1399
63 84 2242
51 69 4073
42 71 2124
31 92 3677
5 35 2320
18 55 4552
71 76 3019
10 66 1974
25 66 3590
10 28 304
16 97 1678
1 99 1350
78 99 2118
6 16 4495
5 63 697
2 89 1558
64 66 2550
24 25 2031
1 98 1686
29 69 2713
6 89 4862
1 89 2590
8 58 2499
7 10 1398
20 78 674
71 79 3368
28 76 3887
12 44 4467
39 58 499
76 79 1730
4 36 1788
67 99 253
80 95 4577
52 79 1443
65 67 4724
27 50 14
1 42 3865
39 71 2995
23 64 3557
62 70 4664
36 83 3316
74 78 3890
24 42 3149
33 49 4277
9 66 3647
25 39 1692
38 53 2871
44 78 3124
57 79 347
61 99 2845
75 92 4785
22 79 468
44 77 2188
41 65 4564
12 51 869
41 56 2526
30 53 429
31 94 1342
6 43 977
53 68 3884
60 92 2236
47 70 3226
71 95 2084
81 99 1027
11 63 2354
66 94 56
21 57 393
58 84 2758
73 89 220
53 60 3424
52 56 3918
0 88 4952
26 72 457
0 87 3339
2 49 3636
54 97 140
52 91 295
46 47 994
53 86 3925
4 10 1962
49 51 1955
2 23 2008
14 79 3730
3 77 2187
20 39 3855
73 86 640
43 60 2717
6 34 1191
58 61 523
44 85 2640
61 81 4790
9 48 744
30 50 3501
97 99 1983
12 35 3995
29 86 615
1 93 1712
10 31 4720
27 99 3079
38 54 432
6 51 4357
18 19 1694
69 71 3133
51 56 274
44 97 218
7 91 3304
45 54 4230
26 46 4462
1 37 3402
24 59 3573
76 95 1889
13 59 3723
58 68 1398
5 43 3435
22 83 3474
35 100 2369
92 96 315
27 83 1375
77 95 4651
18 44 136
24 49 2417
8 64 988
95 99 3255
54 79 1302
33 37 4818
11 35 3143
33 38 2199
50 75 4619
74 85 2860
27 33 2076
38 72 2957
5 27 2543
49 70 4977
30 99 1842
78 88 574
11 39 1217
35 52 2704
16 77 4833
50 97 2277
53 93 2464
20 74 2212
49 75 2552
16 57 1437
3 37 3327
58 66 1599
67 76 4652
14 23 2494
49 57 3817
84 96 4458
62 97 4614
16 80 1582
29 65 4898
29 78 2153
28 34 1949
32 88 2893
39 95 1334
54 72 294
35 64 447
7 57 1099
29 55 4450
30 37 211
41 76 1730
38 42 187
20 93 3145
74 77 3500
11 29 4952
67 81 795
31 40 852
8 65 1747
0 65 3747
71 78 2817
25 41 4908
37 70 4666
22 92 4644
52 58 4027
1 20 54
8 17 4844
47 88 3197
44 72 4946
94 95 1869
12 34 2897
30 90 3868
1 10 3845
17 94 877
54 68 2221
10 81 805
56 58 2260
31 83 3030
5 7 4938
38 75 3186
13 25 85
70 80 2656
58 100 3245
57 60 3168
18 93 303
21 74 2312
22 77 2650
20 79 1942
31 34 3207
77 99 485
25 72 2282
60 84 3296
31 55 1119
5 77 3688
41 42 3682
48 57 4120
66 91 1357
6 92 3177
19 99 3940
19 81 2348
4 46 647
8 19 4844
72 77 2490
7 63 46
3 62 1437
23 43 3910
16 89 3625
14 91 3021
3 93 400
7 73 4991
25 57 2457
28 86 4835
19 59 1848
79 98 2034
31 43 176
7 18 4299
81 93 1643
2 18 1150
7 44 23
40 99 2798
2 41 1421
15 41 2182
36 69 1008
17 79 1977
36 88 865
62 92 885
24 74 2198
52 72 3822
41 68 3579
22 80 1449
53 61 65
11 78 517
28 72 3311
38 51 3146
10 93 4969
4 90 96
22 42 2806
47 99 4129
18 35 4595
18 39 2624
10 95 1190
23 54 2383
72 89 1123
9 99 3217
25 99 909
49 93 4441
1 54 3625
7 85 3797
12 75 3075
28 61 1074
57 96 2408
39 46 2886
43 82 2142
50 58 4436
35 44 3648
5 85 2720
31 37 1502
44 66 2126
43 55 3884
16 27 2603
18 97 4581
6 88 2190
83 92 2125
13 21 283
0 61 2235
12 19 3957
18 53 1455
44 48 1631
9 80 1341
45 99 3593
32 71 1668
15 45 1658
73 78 4060
20 21 436
72 79 1068
0 93 3012
65 100 4095
67 74 4363
3 87 4493
39 83 2977
11 18 2040
60 80 3201
28 74 2161
58 96 811
20 44 1467
50 86 1372
6 35 3362
13 64 1897
75 99 589
38 83 425
30 51 3130
57 63 3289
77 86 3984
36 46 3254
30 58 814
29 58 2733
1 32 4936
8 39 1985
11 84 4680
68 92 4888
39 100 4738
75 90 3280
61 92 3964
50 65 840
23 39 1745
22 64 4570
63 69 2946
2 43 3546
27 74 4049
68 94 3289
21 55 2833
47 95 3433
17 48 3937
23 79 2253
12 67 2963
67 92 4407
18 26 2947
2 37 4792
74 92 37
90 99 4508
28 36 4747
58 77 1068
51 77 4443
53 72 865
1 90 2247
16 100 4587
6 41 1666
30 89 1701
26 85 4243
28 68 687
11 55 3015
2 77 2956
24 85 3064
31 93 220
7 37 2919
16 84 1506
0 33 4470
3 44 1184
17 22 3127
50 63 1718
51 98 4938
37 50 925
48 98 2481
0 60 1507
29 42 1503
16 61 3756
32 73 1986
28 43 4131
43 64 4647
48 60 4685
80 86 3489
39 55 3675
4 93 3248
8 48 3465
24 97 3649
72 81 4649
41 90 2032
87 94 2822
49 89 35
15 18 2495
36 39 4876
16 86 1653
59 84 834
39 62 4739
46 63 2699
64 93 791
34 50 3180
5 47 3088
63 92 2680
6 77 4192
8 95 3038
5 48 859
58 75 281
38 55 3667
41 82 4952
49 67 3387
29 95 2143
61 68 2516
55 60 4220
28 44 1231
18 85 3013
6 91 4168
42 76 1603
86 89 4321
14 19 4285
16 46 2066
12 25 1042
53 74 1871
54 96 3910
21 28 1386
2 36 3170
55 67 866
6 71 2275
56 96 4264
49 98 1759
1 79 1957
4 13 3896
51 84 4817
8 43 1242
15 67 393
26 44 1223
37 92 1443
18 34 189
30 84 1026
19 97 271
22 33 3159
85 98 232
61 95 541
32 41 4239
12 93 3013
36 93 4547
76 86 738
64 86 941
10 88 4267
17 29 2882
35 48 4142
52 88 3602
23 74 4747
42 92 2009
36 90 1750
39 73 1597
1 25 820
31 95 210
44 49 3865
39 78 465
2 70 3490
9 17 4537
61 62 3454
22 29 1788
71 80 1998
46 76 4002
0 81 3236
13 86 119
33 48 852
70 71 2002
61 70 3418
34 86 4193
14 52 4795
2 14 4371
22 31 3000
23 45 2700
0 16 4563
61 93 3863
81 84 23
9 70 1839
68 85 1320
37 76 4693
46 59 270
22 26 4614
69 94 4489
5 72 2477
26 91 4674
15 22 1491
35 50 2941
64 73 4232
33 87 4452
74 87 399
17 88 3020
7 92 237
12 30 294
16 54 956
4 88 1085
88 89 3887
24 63 252
39 63 3927
31 61 2589
17 27 943
29 38 1591
5 61 1343
16 79 4808
80 81 1915
9 22 2788
8 46 4859
2 100 2506
53 58 3738
3 34 1624
45 81 532
10 22 4032
5 90 3388
22 58 2840
6 85 4817
19 64 4322
28 64 1876
34 57 4151
1 5 4719
22 55 2240
26 31 1180
21 48 3606
42 85 1005
16 29 1483
23 89 2657
42 89 1387
64 83 877
22 69 3068
40 73 3273
81 83 3928
76 91 3326
52 83 1325
43 79 3161
13 17 4761
28 88 1024
22 74 52
76 100 1203
4 100 1563
9 56 4131
42 60 574
42 73 3092
16 52 3421
37 66 1082
19 55 879
21 43 1178
44 59 245
57 77 4004
0 28 4143
83 98 1311
42 91 2281
2 6 767
83 99 680
15 96 3413
37 99 1528
60 90 3213
15 28 278
28 81 4157
36 78 517
23 53 4123
73 98 1585
8 84 4175
3 36 4734
55 93 3285
86 91 1767
42 70 4729
4 33 290
8 21 74
14 45 3205
14 81 4925
2 81 2053
25 80 4313
9 78 221
26 67 2456
29 33 1063
42 50 1685
9 16 2064
12 86 984
75 77 3630
65 74 2557
8 55 3086
8 92 4038
49 60 1173
51 99 801
20 62 2991
53 92 4728
5 100 764
55 98 4603
47 84 1782
12 54 1916
35 90 475
7 16 297
3 88 2245
10 39 2367
23 40 2789
0 4 2256
35 96 20
46 87 2205
26 53 4343
22 98 3972
7 34 4081
74 100 379
52 81 1554
67 70 292
55 71 1718
29 31 2239
7 72 3214
25 92 2107
30 41 666
27 82 809
31 91 4232
44 76 3419
21 53 493
1 34 4682
27 59 2867
30 98 4284
21 82 1384
48 77 528
23 62 3564
4 53 2311
6 97 3190
46 74 1020
40 65 4105
49 54 1541
6 30 3015
82 100 3993
3 41 1025
13 27 3166
9 43 2418
16 87 1672
10 47 476
44 58 1885
17 76 416
5 80 3691
35 82 2231
21 92 3220
7 61 1099
35 39 2703
60 96 2787
2 48 106
32 78 1335
7 99 1184
72 98 2763
10 25 4853
10 96 884
71 100 4010
44 87 2056
6 48 725
7 56 3130
37 54 3352
21 90 3388
8 23 244
48 76 955
25 50 3840
7 86 2960
29 66 3064
46 61 4416
4 50 3324
38 98 2983
50 99 325
46 54 1203
73 75 4180
77 91 1222
1 78 2021
65 70 2717
11 65 932
67 100 3082
23 37 291
49 74 852
2 61 3238
29 62 2256
71 81 788
45 93 1261
68 70 1372
86 100 268
39 60 574
1 60 4190
13 78 3367
33 95 1812
22 68 127
16 95 103
5 20 738
23 65 82
42 59 1472
32 49 390
0 98 1184
26 27 1280
17 91 4395
9 31 3478
82 90 1136
83 94 717
38 99 2186
75 80 3882
0 70 4446
12 42 4293
85 87 2468
70 78 1747
12 94 4989
43 45 929
52 98 1653
86 92 2103
20 67 1994
33 78 3657
48 71 3024
35 99 1177
27 76 81
41 78 1327
18 73 15
0 49 2090
16 40 2221
17 64 1519
48 70 1453
17 63 581
82 96 1038
28 62 395
32 65 4308
9 50 3006
33 99 1428
25 71 2530
34 53 2123
23 57 3962
17 28 3708
79 99 3919
15 30 3229
27 43 4609
17 62 619
6 49 3776
70 75 4957
47 51 1887
35 77 719
11 89 1155
3 79 3357
35 79 454
62 63 4594
74 81 4937
4 32 2293
32 42 3264
11 14 4179
13 29 1572
80 88 116
5 53 4243
58 99 4976
21 65 2509
17 60 268
20 29 1568
14 56 1739
80 92 327
8 91 3749
43 86 2295
4 12 717
41 51 2047
55 63 4080
11 68 2022
14 38 3476
74 89 2620
37 83 1563
70 84 730
44 52 1774
3 43 470
14 80 3405
29 72 4793
25 63 4626
27 32 2200
13 35 299
15 21 3144
43 58 3462
1 57 1689
8 69 2091
64 82 2746
68 89 2356
56 94 2835
6 33 691
11 82 1863
19 24 3901
14 31 4506
33 59 4544
71 98 4374
0 64 1825
36 43 2659
9 74 3008
55 70 2613
20 88 3694
31 81 451
85 95 969
49 97 2508
30 31 2319
37 40 3435
56 60 853
36 98 225
16 26 2662
20 58 3739
4 20 4028
23 85 4900
50 100 2161
43 73 4202
22 32 4988
36 85 1884
8 56 1850
43 57 4721
7 51 4464
12 32 1799
33 50 4772
16 82 4656
14 42 929
40 84 3161
30 95 12
7 12 3787
20 96 1309
9 42 2234
27 93 4635
94 98 735
82 97 1063
1 36 160
1 95 3494
4 80 1973
72 74 2605
33 58 2001
72 73 3083
27 61 2416
27 97 2834
77 80 1832
7 55 4695
33 57 568
34 73 2395
89 96 2141
20 32 3954
46 86 4160
21 95 663
41 63 4513
42 64 359
21 24 2429
27 68 2295
18 27 5000
34 99 2623
10 41 4333
26 96 1617
38 49 3715
51 92 1960
17 78 642
18 40 3685
15 72 3460
40 93 2298
38 69 3790
27 92 1515
66 99 1100
67 85 2617
1 67 2780
8 82 3346
40 60 2948
54 75 508
12 78 3797
63 99 1880
10 67 2795
41 66 2581
24 46 2928
7 25 4937
6 54 4273
8 52 699
1 82 3793
7 53 2125
58 59 4426
26 45 3257
4 96 535
12 58 4107
26 87 4356
55 85 2922
25 85 566
75 83 3777
35 56 1556
56 90 932
61 98 2809
41 73 2996
27 87 4944
70 85 2482
65 72 1379
0 100 3179
19 78 2434
3 39 4270
20 71 469
20 24 4417
86 88 1019
60 86 492
42 45 3007
18 80 325
53 95 1182
39 81 4282
7 39 3165
22 65 4804
20 52 4715
40 98 1742
35 93 2891
61 75 3884
96 99 1371
41 93 4278
53 66 2621
8 83 3721
66 73 2772
29 83 3488
57 61 311
46 60 2450
8 9 2476
19 96 924
13 46 4496
44 61 1140
40 52 4177
6 57 1350
38 60 390
8 10 119
7 66 2971
11 21 4629
48 51 3212
54 61 1106
48 85 3489
28 50 1175
12 70 477
67 77 81
48 52 2448
84 87 4381
9 26 3684
6 80 170
3 8 4416
69 74 3855
28 96 1846
76 78 1426
28 97 2536
34 60 4894
29 46 2839
41 72 2424
2 71 3488
20 64 38
41 62 4029
77 97 4685
62 87 3801
83 84 865
6 84 4353
27 81 1820
1 14 2637
59 60 206
72 88 4084
7 36 3340
7 100 3074
6 47 4782
45 90 695
24 54 1411
15 26 286
18 100 3311
64 76 2075
36 44 2134
87 98 4774
18 59 4777
37 64 3953
36 58 2643
22 35 1043
28 91 4242
1 41 1355
1 2 4902
28 45 3919
77 100 3575
5 36 4190
3 15 2056
2 91 4915
58 79 4732
54 64 2392
20 23 3393
27 64 2795
10 58 4250
50 93 3818
26 70 136
14 15 475
41 67 1361
37 63 1990
38 92 693
25 55 2771
18 54 929
12 23 3549
65 77 1654
62 79 1978
63 96 59
75 81 845
27 55 2526
0 94 1911
8 76 4351
54 57 3360
13 93 258
55 72 2717
25 98 2808
24 79 1910
48 69 1103
26 80 1513
15 95 2238
41 52 4216
25 26 1018
13 15 3372
27 78 3397
56 63 3677
19 89 2843
33 92 4873
61 97 1956
59 94 2767
70 95 3055
41 45 679
64 65 2531
60 83 212
30 97 2852
44 99 1448
50 88 1627
48 81 3545
27 65 393
12 98 4304
22 71 4578
40 51 1225
73 97 1152
23 30 2348
29 67 1523
10 85 4550
31 73 3353
55 61 1353
43 67 3701
76 90 1690
45 87 2118
22 53 102
2 40 4139
51 85 1325
37 55 3774
38 89 4518
28 39 318
18 22 111
12 72 3397
62 98 4698
21 99 2329
57 72 3652
9 88 4665
69 93 2234
44 94 2246
25 56 2947
15 98 4166
10 70 2410
11 34 1501
10 56 2585
18 86 4314
1 77 3256
43 93 3776
5 14 893
5 11 2036
15 89 749
30 64 4915
3 35 4742
31 67 673
63 76 208
50 80 1042
74 90 4678
36 66 4481
53 75 1522
9 38 3424
22 52 4886
25 46 535
35 54 1045
1 31 1095
35 76 3420
77 78 3545
39 48 3241
37 82 4943
12 18 1217
57 93 1478
80 90 2013
90 92 1192
45 64 3401
22 100 3327
18 45 4395
1 40 4357
75 76 3195
7 82 977
44 100 2417
12 92 4952
6 56 2210
28 33 3086
8 81 1374
15 51 357
65 83 2180
4 57 4548
3 78 1163
3 97 1024
5 94 4429
75 82 223
10 18 2600
21 27 3498
29 48 3424
50 87 2492
59 82 4645
27 42 1003
63 72 4806
78 95 3340
24 57 736
27 98 4051
68 78 2925
92 94 1066
1 69 4039
41 44 1692
33 81 304
28 78 4511
50 76 510
33 83 1926
17 61 1536
29 94 2999
19 95 2643
23 51 731
70 81 897
16 58 3549
44 86 3064
60 99 3428
38 87 1511
29 97 2482
19 37 2838
20 35 1852
17 42 2544
19 100 3499
23 70 3811
10 23 4003
5 50 1034
3 86 765
16 43 4211
62 72 3087
12 15 1534
30 88 1875
67 68 608
43 96 3851
18 81 2764
30 75 3197
84 85 1447
2 99 565
21 100 116
28 47 3676
47 52 4367
5 38 223
19 72 2685
18 32 4634
28 29 723
4 6 2024
16 59 2388
16 71 3367
9 58 3827
14 83 3466
43 53 3259
3 45 3055
12 48 1361
57 62 4832
50 72 3814
86 98 4241
20 76 982
68 96 15
39 88 3960
7 75 3196
0 99 4677
20 75 189
31 45 2124
75 97 2359
59 71 4891
31 70 3424
32 98 3116
15 66 3534
31 89 4078
8 80 1937
56 100 2492
68 86 1729
47 80 2010
6 12 3444
61 82 4810
63 88 1728
53 67 4343
77 84 4594
10 98 3138
50 73 3361
35 81 1595
47 72 1349
18 57 4345
34 54 461
21 56 3865
19 71 4902
18 66 843
63 67 51
82 87 1
25 42 1885
28 52 1063
29 68 4544
12 97 4369
42 96 209
37 96 3071
5 40 537
18 68 4489
6 69 528
15 76 2791
14 69 787
5 78 4673
61 73 1412
22 86 318
33 74 98
27 56 4092
0 47 3562
77 88 4584
80 98 1957
10 69 2251
47 77 1004
16 36 4507
15 87 453
22 82 3651
89 93 1205
40 47 2573
42 55 36
34 42 4472
49 79 500
47 71 2820
14 39 4636
59 96 4126
7 89 3809
43 98 1417
62 99 3722
2 92 2590
46 93 1619
53 87 2295
12 55 3056
8 30 743
50 84 2022
7 68 914
4 25 1104
35 62 2479
1 87 2935
12 47 2391
38 100 1970
21 34 3239
21 66 2019
33 56 3124
89 98 3147
40 57 391
35 75 3081
20 85 289
89 92 4788
61 80 971
59 92 1393
44 84 3394
14 65 3510
13 37 4421
75 86 1561
38 71 336
34 96 1608
50 62 1438
17 58 3837
70 86 4217
0 22 3587
24 41 4456
50 52 1440
32 47 3714
33 97 4493
36 56 3451
56 73 450
13 68 2431
14 44 2902
6 61 1969
42 77 4467
4 69 3852
14 24 3247
17 70 2752
1 97 4728
15 42 160
71 73 3267
31 48 2181
11 67 4230
16 65 84
23 24 2469
11 50 1965
31 82 95
27 34 2486
91 94 3349
36 97 474
83 86 451
23 92 2054
55 74 80
22 61 1557
52 68 609
29 43 2733
6 64 889
0 17 2111
85 100 4746
35 71 2645
67 95 4095
9 20 3660
32 44 2712
38 39 3029
63 85 1956
21 93 1548
48 99 4011
72 96 3209
13 73 3990
13 24 4515
22 27 4313
50 57 418
6 24 4460
9 77 152
65 68 1843
61 89 2782
17 21 2566
58 82 1669
2 29 1526
36 37 4654
53 96 4676
13 33 2875
73 83 2907
13 88 3779
13 58 4661
9 52 1083
58 63 508
14 68 3039
35 87 2573
6 98 2101
44 90 2374
8 28 4518
2 31 3789
13 63 2558
80 94 2701
3 24 3927
47 64 2703
32 56 67
7 38 4824
55 99 1949
13 97 628
49 80 1345
30 60 4351
33 68 819
39 94 4140
22 40 2145
75 93 2603
0 74 832
17 34 527
37 91 1398
19 62 3482
2 21 3642
60 89 1791
32 86 182
38 96 2528
29 35 15
69 97 1762
4 21 4559
29 41 3469
69 96 2464
0 73 4366
10 51 3423
52 90 4624
48 87 110
4 30 719
17 74 4236
60 62 4510
42 86 4428
62 66 4595
4 28 690
34 97 76
25 77 3114
3 56 2120
3 40 179
32 58 2697
1 65 3028
13 77 2066
67 97 2687
19 58 177
25 60 724
31 42 1752
4 31 3626
13 40 3651
30 67 2089
5 98 506
49 91 1783
54 77 3757
11 80 4596
18 64 1945
20 80 2676
21 49 3670
9 94 3703
3 25 1347
49 92 529
10 64 2374
9 32 772
13 52 4226
9 79 1872
58 94 3086
1 51 2849
43 77 1489
51 78 3953
31 69 3221
17 32 1846
14 16 3951
83 93 2965
40 62 4261
65 69 4461
10 97 2466
52 62 380
26 78 751
5 29 2661
3 61 3178
34 51 4059
44 73 4895
29 92 3889
35 84 2118
26 73 4208
17 97 1941
10 68 4688
32 77 677
67 80 1769
0 62 722
3 10 4569
32 50 728
7 46 1963
26 65 3779
63 77 3137
19 56 3844
66 92 2210
20 68 4637
19 79 332
65 80 1381
30 61 1831
53 57 4808
0 8 2256
18 61 3709
13 16 2203
79 82 291
69 83 1146
23 34 4869
43 85 245
43 69 4829
19 30 3408
68 75 1884
7 76 3754
45 77 1447
48 63 102
24 83 2144
71 97 4706
7 54 3056
34 88 4871
1 22 3957
13 34 1229
6 73 1434
21 23 1819
15 91 3938
47 83 2919
28 55 611
5 42 3383
15 47 597
32 43 182
49 65 2193
3 71 1313
74 79 4709
34 80 4443
23 77 3874
63 97 4234
60 70 1765
17 66 4958
3 33 889
34 90 4881
14 97 578
11 33 1367
31 66 3076
22 91 3353
69 86 213
57 90 1493
70 100 2156
41 80 4056
33 54 2291
42 66 4647
2 68 4980
13 26 1499
32 97 4622
32 79 4134
40 97 2044
6 82 2078
33 42 970
22 87 2071
37 93 4901
42 82 174
24 96 1262
51 61 3798
31 64 2361
26 58 1516
4 22 2412
33 65 386
7 80 3236
48 62 1533
27 100 2399
7 26 1309
46 89 927
88 96 614
32 68 1283
32 70 4583
17 96 903
63 79 312
25 78 4521
68 95 684
45 69 2561
15 52 2780
60 61 653
58 90 1908
8 31 1813
28 66 4346
19 38 1742
40 100 1353
25 58 2266
29 34 922
22 50 1753
13 55 964
47 79 3226
35 73 1358
64 81 1709
11 69 4710
44 51 1654
77 82 2840
14 53 1228
26 29 4589
4 59 1591
24 38 1919
56 74 1354
27 71 4339
20 99 1999
15 75 557
32 76 1773
18 84 4103
74 84 3698
9 18 1963
92 97 971
12 96 1304
91 93 1514
83 100 3866
41 60 2078
36 92 2735
47 85 4864
3 96 3163
45 92 3816
18 56 1183
9 95 3186
12 59 3141
50 94 86
55 90 3708
68 90 2767
86 95 3670
47 61 642
9 25 2235
15 37 4320
3 83 55
2 98 2980
59 76 1818
28 75 1445
3 12 500
53 56 2851
58 62 1606
25 81 1678
26 63 2314
14 96 1476
1 62 247
11 60 3906
33 70 294
30 57 2599
28 98 3311
31 97 4456
13 75 2913
17 57 908
7 35 1182
65 90 2752
13 99 4600
35 49 165
60 87 2487
19 68 3525
16 67 4911
56 62 1542
49 99 725
24 62 2850
18 71 4922
22 62 2855
25 30 3895
30 96 1166
28 77 865
25 73 2793
84 93 4900
58 60 3275
73 94 211
21 41 4181
51 100 935
18 23 2731
25 82 3963
10 60 2221
67 78 3878
18 78 4194
35 47 1774
11 45 234
72 75 1726
6 67 3989
75 89 4031
57 80 2492
71 87 2850
30 45 4719
83 89 2988
48 73 2420
37 45 2413
29 47 2389
50 90 4148
3 29 3957
49 78 1077
5 71 58
52 93 2360
37 97 1854
19 31 1878
47 53 2780
68 97 4138
21 89 117
28 60 4707
17 56 4197
9 86 2345
28 31 491
5 54 1483
22 36 3842
51 90 4033
78 91 3962
0 66 2245
34 37 2598
61 88 4946
70 97 1104
99 100 3995
11 49 4666
31 71 2786
63 70 3559
45 65 1726
16 41 3097
39 49 3155
41 95 2931
29 80 3586
24 60 1203
39 97 4146
32 72 4210
21 44 48
34 76 2046
9 97 1241
20 31 4535
19 75 4533
67 93 3370
19 63 4558
15 70 1042
76 89 3625
59 64 2232
7 20 3852
20 83 2663
16 19 2305
26 37 608
48 56 334
8 75 1615
10 63 2178
76 99 4450
23 63 3567
33 76 2466
38 41 482
10 71 2410
21 33 4339
5 9 1060
17 35 1181
18 91 2477
42 83 3426
27 60 2713
10 43 4956
47 75 1901
41 100 175
23 72 799
44 91 4861
0 10 3103
4 51 4532
48 90 1526
28 41 2875
14 20 1620
11 48 4469
35 45 1580
65 88 2386
24 39 3616
0 43 1195
26 82 2737
82 91 1378
84 97 3520
63 83 652
0 78 1391
1 94 3910
61 83 240
20 50 1039
76 85 2498
15 94 4734
26 59 4851
23 69 4850
15 59 659
33 40 4646
5 31 15
30 48 511
61 86 947
7 42 2762
19 90 1688
52 55 4031
90 93 3878
76 92 2463
22 72 663
17 25 1412
24 26 1610
61 66 1324
28 92 1139
21 22 2891
9 10 2576
57 84 333
1 50 4534
13 20 793
18 38 1160
55 86 2236
21 45 3121
2 66 753
35 60 214
26 28 303
15 56 3833
19 94 4456
19 45 1950
45 50 4069
6 86 3782
50 77 4468
34 70 2113
3 21 366
62 74 290
3 51 934
2 38 3662
34 48 771
1 56 1161
48 50 381
2 84 1590
61 63 2612
2 62 254
24 72 3130
44 46 1421
11 94 2004
6 53 4889
15 46 1709
26 57 4145
60 74 3446
35 91 3347
41 46 478
4 58 3241
2 64 1028
9 15 4919
90 100 4973
29 76 3097
28 67 4312
97 98 1559
7 95 1950
78 82 4362
24 37 3640
0 79 2962
24 29 3861
57 76 4254
28 94 2234
10 53 3676
1 81 9
46 56 2835
98 100 2501
0 32 2351
40 90 1297
24 67 269
48 68 2075
56 79 590
49 72 4667
50 81 962
2 46 4240
10 37 1507
43 78 4644
73 91 3510
40 75 4182
27 53 600
10 62 80
4 45 2698
13 62 1965
53 65 2939
13 50 4390
40 87 2235
49 50 2213
22 70 4129
5 57 4440
11 43 4927
8 27 812
15 60 2520
53 84 841
41 50 504
65 92 1836
35 41 2441
83 97 2746
59 61 3343
91 92 2808
57 97 417
50 68 1929
50 64 2221
41 57 1723
72 97 1004
54 87 3625
8 49 3288
44 65 4176
3 47 1724
23 48 4679
8 33 846
31 77 1610
46 98 4284
11 23 2664
17 90 1027
14 32 132
91 98 965
20 40 4690
12 52 1963
74 97 733
41 59 16
3 49 1024
3 22 3423
0 23 3088
23 68 1502
33 61 3710
37 69 3233
10 50 4535
1 26 629
9 89 2802
13 60 2315
25 62 4081
43 74 2409
51 67 2286
29 56 3060
52 74 463
23 88 2059
58 95 3178
19 42 4280
43 48 3838
66 87 4644
88 92 5
46 51 182
59 83 2479
41 69 3859
76 80 1974
66 67 2484
0 46 3678
11 28 4708
40 78 2108
35 67 3533
23 75 4050
48 97 1414
59 98 722
11 31 2176
10 30 2788
18 29 2055
3 53 3268
74 94 2538
19 35 4788
40 44 85
40 42 4497
30 43 3655
29 79 36
78 90 1219
57 65 60
14 61 14
62 100 3758
40 68 2879
27 63 2193
64 67 1525
54 80 2849
21 59 763
0 63 1980
21 62 4536
35 65 1468
29 99 2116
45 67 4583
36 84 3609
28 57 246
15 32 4132
20 94 2399
57 85 2447
10 32 3430
72 82 4885
44 74 1040
41 96 542
85 90 4432
33 39 540
25 65 2141
54 55 736
32 95 4212
12 68 4543
96 98 1395
67 86 1793
20 95 634
45 89 2571
67 72 2025
49 63 2115
33 94 12
38 93 2432
12 77 2060
30 82 4898
24 95 3772
34 52 4008
37 100 1675
2 57 566
13 23 300
4 84 4725
17 19 2543
9 35 387
20 63 4471
12 76 2648
45 80 2496
19 87 1730
65 66 2977
48 55 2718
26 88 2960
12 66 1563
53 64 3085
48 84 3281
82 98 1523
17 69 4901
40 77 1246
38 62 3737
55 76 3019
10 12 4853
10 74 3484
31 99 23
8 73 4825
36 80 4391
16 51 4479
43 90 4755
37 73 4433
11 57 1187
14 64 159
64 78 2858
64 84 3735
87 90 1150
46 64 4932
23 94 473
9 24 1751
82 92 1204
20 77 3689
17 82 4740
39 87 3523
52 87 4735
46 73 3411
0 75 804
19 80 3989
72 99 2565
14 89 1534
31 76 1608
52 97 4997
53 63 775
62 78 3384
52 73 3157
64 72 3562
2 52 4558
1 35 2703
25 27 1056
4 16 1272
31 41 1092
66 75 4691
17 49 399
69 81 4051
46 96 3111
21 80 727
42 94 1480
23 87 3654
69 73 4209
6 19 2520
8 63 4651
33 62 4384
10 45 1410
76 81 1230
3 16 4379
72 84 332
23 47 3546
58 91 971
60 67 2423
11 90 959
30 91 2775
83 88 4668
22 37 4259
24 82 3565
6 55 3173
51 87 2878
17 38 4092
28 73 4624
57 98 810
0 3 3990
43 88 1938
66 84 858
17 77 2228
30 68 4915
18 43 4954
24 35 150
16 56 463
25 69 4308
46 83 3654
12 87 4447
64 90 1360
17 45 153
7 47 2208
8 18 670
17 83 4515
7 14 2895
9 39 3046
0 24 3147
56 75 174
52 96 206
46 67 2792
22 99 609
17 40 3175
21 79 727
29 87 4948
33 47 2932
33 60 3680
29 40 455
10 73 1738
6 59 543
33 77 4374
4 73 1927
60 85 3768
45 73 2600
50 71 1848
57 68 17
95 96 834
0 83 583
25 67 2035
38 91 4762
43 72 4258
0 27 4298
25 31 4720
92 99 314
36 57 2414
30 36 1018
52 99 3206
52 77 2179
59 62 1810
29 37 3824
17 18 2033
44 96 4400
39 67 2284
9 96 4867
39 54 4224
70 77 3863
73 93 3168
19 76 1335
62 73 767
47 94 4594
24 30 1145
38 80 4321
8 59 3550
22 45 4878
57 74 3702
10 94 895
75 84 2575
52 84 3687
42 47 530
3 76 2699
42 49 2662
42 43 4664
82 88 4439
27 48 1347
44 57 891
48 82 2407
69 99 3243
16 76 2965
41 92 2064
54 67 4390
3 5 2884
82 95 1016
53 70 4348
7 93 6
18 82 1716
9 69 4419
33 72 2870
15 36 4151
31 75 1289
50 95 1133
34 65 1468
15 17 4407
25 61 3593
18 49 274
14 36 61
66 82 4593
73 82 816
34 78 3314
30 42 2046
62 94 1123
10 14 3405
29 45 1722
30 83 1913
8 25 1679
25 43 4402
24 55 2586
13 70 3442
15 44 1175
14 95 711
78 89 564
73 88 4908
43 52 651
15 35 513
8 60 4295
87 99 3438
22 46 187
25 68 492
34 47 3349
0 53 2993
45 63 1317
37 44 3574
85 97 2039
39 65 25
38 43 803
21 35 1218
36 41 2635
58 76 239
62 82 119
42 69 2526
39 91 1791
19 33 4292
40 74 4678
14 84 2170
44 55 2666
44 47 1782
31 90 1488
52 92 2835
44 45 2369
57 87 2367
50 56 3872
11 87 2835
1 6 4687
27 54 2360
30 62 1186
16 60 4299
68 74 4972
51 72 4147
27 86 858
94 97 2514
17 24 1764
36 53 1912
51 79 3110
19 32 2932
78 84 245
37 61 723
75 100 4758
36 89 4236
18 20 3481
9 67 4504
37 52 34
92 100 2743
14 78 2125
11 56 2664
50 70 3829
35 37 2632
81 87 1824
24 73 3991
77 85 4817
8 88 4818
10 83 1262
37 90 1623
0 15 1591
11 36 964
3 81 2809
85 86 4027
0 89 833
48 72 1736
38 67 2087
58 80 3436
42 72 2935
26 38 4097
45 72 3792
23 66 1614
6 23 3464
57 94 3683
60 64 4893
15 64 3226
12 85 1835
66 72 1744
28 95 1716
67 90 1814
32 60 4681
27 46 3464
32 91 1180
95 98 4975
70 88 2552
7 78 4886
18 50 3543
6 94 881
34 63 4556
21 91 107
8 61 4447
4 65 3666
30 47 1673
16 69 957
16 25 3805
3 68 2272
81 88 3246
93 96 3555
36 65 1948
44 80 2036
36 52 4018
8 40 950
64 71 4508
26 56 3052
60 75 1863
25 44 457
51 70 2518
58 74 2271
70 99 3705
5 88 1667
12 50 3125
35 72 757
1 48 1509
55 80 3409
20 92 1055
48 83 4188
29 98 1584
30 59 3347
30 32 157
59 66 2983
27 69 1168
24 56 1382
50 51 3354
10 75 733
44 54 2728
47 66 495
19 48 280
51 73 1529
14 87 3410
76 83 25
30 38 4944
27 57 4202
17 89 78
47 68 3054
3 54 2236
14 25 2568
14 47 3455
81 97 1882
45 53 3616
67 98 1877
7 64 4740
68 82 3472
46 84 2521
33 88 809
57 64 1701
1 75 4191
8 11 4731
9 85 4395
43 92 1135
15 38 1397
25 48 323
31 79 2407
16 99 3661
93 97 475
9 90 4695
66 77 2333
15 49 3476
87 100 2739
2 83 4998
31 78 4814
11 27 582
31 88 1973
16 78 109
3 28 4536
16 81 4588
86 90 3796
31 63 4124
7 81 1568
16 53 4294
86 99 419
42 51 273
1 55 3112
52 94 4919
5 18 4368
51 53 490
28 37 1851
78 85 4947
4 7 920
17 43 1111
56 71 3695
20 54 4689
28 85 2454
17 65 725
16 35 3760
13 30 3276
40 70 1690
50 79 2854
47 65 45
74 75 3341
2 80 923
1 8 2764
9 64 2222
58 85 1391
25 87 813
33 69 4254
18 74 887
31 54 3293
19 92 143
84 92 1090
0 12 2510
96 97 3602
27 77 4982
71 82 3016
13 61 2725
15 85 3419
72 100 3877
52 59 3994
4 79 3440
3 58 1615
4 61 3895
61 90 636
18 83 3855
14 67 980
2 69 3483
36 76 4417
46 99 712
18 92 1036
43 100 291
37 56 661
27 58 1886
40 63 3445
41 53 1737
51 66 2540
72 85 2719
56 64 2368
79 88 881
2 82 863
26 89 2841
8 89 1739
59 75 905
10 79 387
49 73 3933
46 57 1290
34 75 157
79 86 1191
88 95 2155
1 91 767
41 71 2191
53 83 1032
36 73 725
80 87 4061
26 39 1316
31 68 2844
55 91 2710
20 84 4452
34 91 1713
27 37 2305
0 44 393
6 15 4660
67 91 4640
2 16 2945
43 76 718
2 19 1040
9 84 4270
72 92 2600
64 88 4978
85 94 3830
75 78 3151
45 91 4450
17 31 2680
49 100 166
16 44 3436
14 73 1542
60 98 2218
65 73 4944
77 92 367
77 94 360
2 85 616
31 49 1473
11 41 3418
10 72 4938
2 44 1125
17 99 1077
18 41 213
52 86 2718
32 59 4783
32 48 2795
20 48 812
5 26 3101
0 86 1396
6 9 1148
46 78 821
11 40 2108
31 59 1674
16 72 3042
8 32 3055
57 81 2988
75 79 426
13 85 563
5 76 4341
13 38 3856
37 79 2579
28 89 3150
8 50 707
9 46 841
38 64 830
10 76 386
21 86 3424
29 74 2688
73 80 3247
26 81 1260
52 89 3148
2 10 968
81 91 2456
0 18 4649
72 76 3125
58 72 1655
5 87 3044
9 55 3473
47 50 3523
53 91 1839
9 75 1840
72 93 343
40 89 2693
26 71 3488
19 41 3230
78 81 3077
63 75 2240
19 29 1029
4 94 22
49 90 2993
26 54 364
47 48 670
9 65 4626
24 88 3695
3 94 1292
37 80 3054
68 83 4062
44 64 1531
51 93 4437
89 100 4144
12 84 2668
78 96 524
6 90 621
33 34 1988
34 64 2607
28 99 3658
33 93 1495
41 84 2608
1 27 2731
37 88 155
29 36 4274
22 90 1086
75 94 1331
47 62 2062
26 84 3377
8 57 752
8 12 1706
1 49 3822
27 39 4102
27 41 1834
20 69 2834
49 55 3911
30 81 3337
79 90 3927
64 91 262
0 57 3604
40 64 1900
16 90 2992
1 74 4318
41 64 4256
4 29 928
64 92 3186
47 63 2513
47 100 2815
18 47 189
81 96 4638
39 93 1044
18 36 2351
49 56 2145
16 23 4366
82 85 3490
69 75 4839
34 79 2910
13 76 1764
28 38 4095
0 30 3168
7 52 1105
19 22 514
72 91 548
55 73 4944
23 60 4192
73 76 1
15 61 4290
1 9 393
76 93 3459
34 81 1317
17 30 1433
26 49 3841
15 99 4126
51 88 4550
60 69 407
48 58 4135
2 47 2650
52 78 3824
43 44 2801
0 69 331
41 83 3720
2 58 1228
10 34 672
11 64 4409
47 96 2185
11 19 3688
12 46 4341
74 76 1976
20 57 4969
19 74 2310
22 43 3588
22 34 2401
14 70 2112
0 71 2425
8 79 3341
27 91 2506
3 64 3194
46 81 3630
56 78 462
39 59 421
21 46 164
3 57 625
49 53 1835
24 77 718
12 28 3124
59 87 1868
50 55 2019
41 99 610
24 33 3136
67 94 3256
52 53 4766
26 68 1591
7 33 653
66 83 1653
21 81 2095
45 84 4682
1 80 3575
19 73 1303
55 97 153
49 66 4106
7 48 2957
66 76 1422
56 86 3432
9 13 1832
34 41 999
49 76 4473
45 55 1372
16 98 23
29 100 32
51 96 1415
50 60 1645
46 82 4655
78 83 3185
5 74 260
28 49 4478
21 51 738
15 90 1403
19 57 3974
13 65 4378
32 82 1447
22 47 4857
39 76 3714
37 41 3594
62 69 1934
25 40 31
38 46 781
25 86 575
15 31 3697
9 34 3138
14 60 3599
11 85 3729
55 83 4750
16 66 4117
4 68 3365
29 52 4376
61 78 4263
10 49 254
35 63 284
27 30 3894
90 94 1826
11 17 792
44 71 4736
35 74 3151
48 95 881
36 71 1425
23 91 2311
23 61 3385
71 74 3307
4 43 2779
23 38 2721
59 86 1159
42 67 4594
91 95 2337
55 77 1414
4 5 3484
12 37 1395
69 79 79
27 70 373
1 18 1144
18 25 4308
20 43 178
32 45 4873
16 68 3350
45 83 4179
17 33 1516
55 82 3104
2 32 782
31 72 1445
86 93 744
26 97 3663
20 81 1207
16 73 844
69 95 4311
43 81 4128
84 86 4098
54 65 4566
58 93 2732
32 100 2865
59 63 4436
29 71 2502
35 80 3515
63 95 1618
19 53 2408
37 65 410
43 99 1432
11 88 4458
0 21 1504
40 61 703
60 63 782
12 13 3346
6 20 4792
26 48 1259
66 85 89
79 85 4989
24 69 1717
83 90 3259
77 83 3310
75 88 2616
42 61 2562
17 85 4703
5 89 2479
29 84 2105
0 34 2125
39 84 1563
30 93 1410
55 75 3802
35 68 3810
38 97 3994
60 88 2444
0 38 10
30 65 1195
5 30 4105
34 58 256
41 54 2446
36 47 4857
37 60 4123
4 56 1936
32 83 2038
24 70 2370
69 89 929
88 97 1919
58 71 3539
20 27 2177
55 81 3089
34 66 2215
32 38 669
30 94 287
1 15 4099
38 84 4595
30 52 3224
17 95 4166
37 51 4650
4 91 3461
5 46 1538
78 79 2638
0 41 3819
12 95 1791
43 71 920
3 13 1507
70 82 451
24 47 2972
8 35 3726
20 47 1940
40 88 4586
15 65 1040
19 98 2229
52 71 1041
45 88 3275
8 97 4256
22 88 1230
69 80 465
37 39 1658
1 29 597
34 55 1976
9 40 1307
23 44 92
37 57 1958
95 97 1717
27 73 3177
73 74 3696
9 51 2236
70 73 2522
54 98 1235
21 71 2413
73 87 308
6 95 4465
16 47 2
43 84 431
14 50 2487
51 65 2821
66 100 1984
1 72 2849
22 51 2953
13 83 1608
9 61 4885
1 16 4689
19 93 3617
88 99 3691
20 82 2019
22 49 986
33 51 1880
18 69 281
60 95 471
11 20 3171
77 93 1189
17 47 3365
21 47 2372
47 93 592
24 64 433
32 67 2134
89 95 1427
71 72 3498
2 20 537
75 91 4546
79 100 4530
60 65 3411
44 93 4640
27 88 4850
55 68 3327
2 97 3308
1 11 1180
45 51 3022
21 77 4137
46 53 1290
24 53 2099
26 86 1308
63 82 876
45 100 4554
45 82 2508
36 51 4874
0 58 3467
94 99 437
22 44 3722
18 77 3656
79 92 3572
10 99 2543
2 76 3237
20 72 2243
56 68 4808
27 75 2318
0 13 1103
12 41 819
13 53 482
96 100 1650
48 67 4831
60 93 3733
25 70 3047
20 46 2636
11 26 2210
14 75 1485
22 30 4373
11 86 1839
51 80 202
68 76 3657
11 73 4726
39 45 4530
65 85 3730
5 96 421
84 91 4639
14 22 4042
8 100 4733
38 63 815
13 54 2642
39 72 4340
7 29 4751
26 95 2854
2 27 3880
35 89 2575
44 60 1028
5 6 925
26 66 1543
7 88 903
7 65 341
59 65 156
79 89 1124
4 92 940
0 45 1950
43 50 2567
71 86 1317
47 82 4199
69 77 1418
10 84 4721
15 29 3413
9 27 2879
11 54 812
23 84 3941
73 79 2013
13 49 1371
48 74 859
40 56 90
56 66 798
78 87 142
45 75 3090
3 80 3161
12 21 2692
79 96 248
10 38 4656
6 58 2830
24 99 947
41 77 3759
53 98 2431
35 53 1086
54 70 3055
32 87 1739
14 72 847
49 69 785
42 87 2418
33 35 1463
2 8 2939
15 71 2372
34 77 3602
8 14 3115
54 92 624
12 99 2042
65 95 3230
53 85 2996
12 49 7
9 54 547
12 16 4270
47 98 3122
34 94 2425
8 72 1235
10 40 1704
56 72 2328
57 71 4492
16 96 2572
34 68 2926
70 89 4454
18 37 3680
61 94 2448
24 81 1030
6 29 2713
21 63 4366
34 85 3988
28 70 4792
20 28 1559
59 81 1286
64 87 46
57 88 1830
28 56 1514
57 99 1728
37 68 835
49 87 4144
4 37 1493
18 63 4678
58 92 860
25 76 10
5 45 1229
35 94 4804
64 69 4673
17 80 1633
38 52 3287
80 96 3808
0 54 624
45 78 3735
5 56 4692
17 93 586
51 71 3102
42 90 4173
28 79 783
24 52 1787
8 99 2474
94 100 3504
9 14 3369
60 94 2823
4 89 3415
38 68 1791
11 91 3072
18 67 2840
37 49 204
31 65 3108
21 64 3901
73 100 4856
7 87 2721
21 85 2957
54 63 4120
8 68 1596
4 8 3395
43 68 1863
20 100 4011
8 29 3797
58 97 567
5 19 872
10 33 2647
53 99 4369
79 93 2228
83 85 3470
29 77 2092
13 96 4531
6 96 2996
29 63 873
57 69 2596
0 82 1881
24 86 4253
2 30 471
28 69 2369
36 81 2815
50 98 2197
35 66 1927
11 59 848
18 21 3663
57 66 4354
22 95 1833
26 77 3332
10 55 2660
8 45 2869
39 42 4795
42 58 4497
44 75 1290
59 80 3086
10 77 1435
0 72 3775
13 14 4194
71 75 99
34 84 4750
25 29 1692
33 46 2143
5 92 2526
3 50 3256
45 94 1399
23 29 907
0 67 3891
32 81 3746
48 91 4607
54 94 818
0 55 625
3 89 2189
26 74 4245
14 82 4105
55 89 502
40 59 1780
24 92 3476
21 70 1152
53 90 2339
30 92 4314
38 95 1486
39 52 2735
2 42 3340
87 89 2926
82 89 2096
2 72 3351
32 96 4842
79 91 2731
70 90 739
11 30 1936
25 100 3468
86 94 722
26 79 2114
37 74 2262
37 38 3955
7 71 4032
19 39 1155
36 67 3573
78 93 3999
9 23 2505
0 6 2991
4 63 4792
48 79 1178
38 65 2834
26 47 3805
40 43 3649
62 80 3024
54 81 2201
14 46 381
16 28 4429
26 51 2644
13 67 4749
2 7 349
34 59 4230
50 59 970
12 64 4809
39 70 1676
55 87 2407
24 87 1252
25 51 2734
66 89 1230
46 92 1127
18 28 2270
36 91 4863
4 86 118
51 62 2361
22 93 2430
38 79 4281
76 98 660
29 85 536
77 81 2539
39 99 412
14 66 3795
78 92 4792
8 96 4717
82 83 2718
23 33 2876
6 37 246
3 75 1729
35 92 2970
4 62 4557
19 84 2053
51 63 2164
13 41 4692
0 80 4059
37 53 545
19 61 2912
13 84 3442
2 15 3428
15 83 4569
33 53 1052
82 93 787
51 74 4706
23 93 3958
0 90 4218
0 11 4560
47 49 4785
2 34 3405
20 30 4121
12 17 3578
84 94 4284
28 32 867
13 48 4570
49 85 1794
12 33 3401
40 85 2259
29 73 714
29 91 3698
14 58 2138
34 62 1360
40 95 2197
22 85 3815
9 60 3160
21 39 1198
36 38 4312
49 58 581
33 36 4431
6 60 1478
16 42 3138
14 85 4102
75 96 46
27 51 723
2 12 1260
47 67 4737
27 45 4276
6 65 1631
63 65 3935
90 95 4635
61 76 181
65 79 4800
58 70 1910
41 91 4210
32 64 610
51 81 810
2 63 4022
36 96 2184
73 92 2121
33 44 3724
44 70 1837
50 85 446
2 5 4828
87 91 1621
8 34 1252
45 79 4964
54 83 1256
19 46 3745
50 69 2206
48 88 2920
41 94 3719
68 84 1983
31 56 1946
8 37 3688
27 85 2941
21 25 112
9 87 1125
41 97 2848
8 54 4496
60 91 387
7 94 2739
48 92 519
4 72 2042
37 98 2608
26 75 3120
45 59 1435
46 100 772
12 43 1756
46 85 3085
50 83 2644
22 67 3571
5 75 160
58 98 423
15 97 2851
16 18 1724
54 62 3144
53 62 982
17 100 2172
56 92 4867
33 96 3803
49 95 3818
15 68 4333
5 49 2008
22 84 3339
70 74 1253
34 82 2514
50 67 1846
88 98 3027
23 97 3427
20 36 3888
43 46 3806
53 69 3804
60 100 1189
3 14 2311
26 35 2643
47 54 1626
19 43 1606
19 51 780
74 82 4065
15 69 918
18 30 1971
8 93 3231
28 90 2591
43 70 4002
58 89 2571
42 80 757
34 49 2846
55 100 2765
2 94 4054
52 75 3772
29 75 2632
62 90 761
69 92 1217
48 96 1142
1 38 4590
32 62 688
13 90 88
79 84 1458
92 95 3485
79 83 2870
15 62 1986
27 38 898
26 50 1839
13 69 4889
77 79 2738
13 94 908
59 68 1690
19 36 4867
32 53 1827
4 82 5000
5 39 4189
48 86 2057
21 75 4778
36 63 2708
14 59 1533
59 100 1840
22 89 240
93 94 106
9 36 755
14 99 1938
17 84 2763
39 57 3713
15 86 2670
62 77 3087
38 59 1961
84 100 531
2 87 4385
21 69 3374
23 41 3733
43 94 275
23 49 3375
27 95 2747
22 23 1484
69 70 1809
0 42 1872
52 80 3141
54 100 3083
12 74 382
37 87 3932
25 88 1473
18 94 3663
48 80 949
33 79 529
17 46 129
36 64 4121
17 71 1363
34 83 3735
79 87 2396
65 81 4261
43 89 2880
37 95 652
47 74 3923
1 83 2279
12 90 2761
7 24 626
25 45 1956
46 48 2246
90 98 862
6 27 2400
23 27 2759
6 70 2414
20 41 3809
65 75 1355
56 61 899
4 11 2003
4 26 763
26 90 3059
2 95 2186
95 100 1876
48 53 623
14 94 1249
2 9 336
34 35 1672
3 23 1790
15 82 2603
19 67 1180
27 79 127
26 92 482
41 47 524
18 90 1406
62 65 4666
56 83 633
19 23 2615
62 84 3388
26 94 2338
36 77 3958
22 48 2207
26 42 326
20 22 3423
37 89 4993
21 32 1649
66 81 4662
14 18 3992
66 86 3540
71 85 4211
6 78 3756
11 46 3883
57 59 4760
39 90 2011
79 80 2422
38 70 873
14 77 491
21 50 1970
31 100 4550
15 100 4806
31 38 3624
31 33 2151
8 78 970
9 30 2554
72 95 2028
65 76 1888
7 59 3672
31 74 163
42 93 4347
52 76 3411
1 92 293
16 39 1791
22 57 4899
19 83 3228
0 91 41
13 39 3912
41 79 4564
4 98 1942
0 20 1503
8 67 1407
40 45 523
35 83 174
4 55 662
12 83 1285
1 63 3181
37 77 3357
71 88 1908
23 71 1545
7 40 865
23 25 34
69 76 272
38 90 1757
73 99 1621
4 47 1718
59 99 3157
5 25 2782
19 65 2677
4 70 3309
68 81 4165
1 33 3681
14 33 1692
43 65 2320
42 48 186
8 77 2682
61 69 1804
9 21 4572
18 58 253
20 59 4028
4 14 1866
52 57 2167
63 86 403
20 37 4829
77 96 3097
62 76 3830
69 98 1090
81 82 3429
19 26 318
14 28 624
11 75 1502
78 94 1174
20 66 3239
52 69 1206
7 77 528
53 82 2645
43 56 119
16 24 4458
26 55 792
86 87 3019
3 99 2035
32 55 2151
34 72 649
35 55 2239
54 71 1961
22 54 2782
35 78 1259
23 50 4031
55 59 33
55 69 3899
14 48 1836
23 32 2433
27 36 1488
67 71 1012
11 52 232
39 69 1090
9 73 1529
1 47 3051
11 76 4386
25 47 1206
52 60 1803
59 78 2225
30 54 4901
38 88 3842
22 60 4787
13 79 548
27 66 4999
11 71 4297
3 73 2497
67 73 991
10 35 830
5 10 107
24 65 4968
64 80 2445
11 62 4374
23 95 3316
78 98 4502
2 78 67
51 58 302
39 41 4781
83 91 3376
12 69 262
34 39 3335
30 55 4441
6 63 1319
1 64 3051
60 76 4406
5 99 4153
14 57 2817
55 62 4349
12 45 155
75 98 3725
78 86 2632
41 70 1320
29 30 4883
22 38 1852
28 35 538
56 57 4434
65 84 2357
7 15 2496
17 52 642
5 33 3631
62 96 1229
8 87 1809
4 35 3954
50 54 4051
62 81 2009
7 30 4885
69 85 1180
15 27 1259
20 51 1990
28 54 1515
75 87 989
68 80 1325
7 74 1125
12 26 1296
2 59 2133
25 90 3069
65 97 2346
42 78 2249
33 43 764
21 72 3589
40 55 3024
41 75 4195
70 72 2619
29 70 895
65 89 4938
57 83 3482
23 36 4660
70 93 2510
18 76 2644
59 79 1626
68 71 3622
4 49 488
19 52 166
13 44 2236
30 100 4325
19 85 4576
1 4 3145
46 95 4117
43 47 3190
53 79 980
5 60 1341
74 96 557
54 82 711
18 72 3505
6 45 3932
31 98 1340
1 44 3751
7 62 3895
12 79 2073
12 56 3435
43 83 180
22 75 4904
23 73 2767
26 83 2274
33 64 1668
22 56 2317
21 83 1954
3 19 2955
16 33 544
30 40 2376
34 44 4566
4 66 3734
77 98 4980
63 64 4963
5 15 2844
6 62 2884
36 99 3208
25 53 2939
13 87 2261
6 21 547
59 67 1917
43 95 2580
77 87 4595
24 66 2689
15 33 3857
87 97 3405
40 92 2451
89 91 1880
49 94 3537
66 78 3621
6 17 2082
47 59 4017
37 58 3863
31 52 4551
23 76 3773
32 54 3516
6 46 2120
67 79 2
56 93 2929
42 81 3712
25 34 4143
18 31 4733
0 85 3447
64 70 4812
8 26 4536
36 75 3773
31 96 2471
66 95 3310
20 49 4401
10 15 4436
54 69 4765
39 96 711
16 70 1703
7 50 2572
34 67 2520
19 82 3004
1 30 3153
22 76 1670
39 56 11
23 96 1508
5 55 785
16 45 4068
15 25 3255
26 30 4118
76 84 3663
68 73 2333
84 88 4335
18 75 3158
8 51 767
19 50 4254
38 47 3043
57 100 1200
0 59 4313
5 8 3072
5 23 3293
82 86 630
39 92 3317
30 63 3192
39 86 4464
50 92 901
39 68 1314
32 36 1181
23 52 3162
56 89 2013
11 61 4994
62 91 2875
9 44 4280
61 85 367
57 75 712
7 69 4087
42 68 4212
21 68 74
4 39 242
66 79 1854
2 54 2947
51 82 2650
72 90 4124
80 84 2906
11 22 1054
11 79 2888
41 98 3275
11 42 3817
32 35 1139
2 56 3788
41 48 1371
55 94 4394
43 80 4381
42 98 4406
80 83 727
15 77 673
23 80 1086
0 76 2189
7 70 2827
6 99 86
53 55 2848
55 95 870
33 67 4669
38 44 2624
63 98 4635
2 73 3661
48 49 4139
6 100 1156
2 65 1477
49 86 3127
63 66 466
29 59 2325
23 78 1497
68 98 3480
59 73 1862
13 72 3538
12 62 2065
44 95 2195
72 83 1480
42 52 435
20 73 4389
57 82 4439
21 88 4697
50 96 2005
6 14 1948
24 89 3857
26 36 1171
25 84 1591
73 77 1937
25 38 1174
79 97 2692
69 90 3361
4 97 116
64 68 3522
47 92 251
26 32 3125
43 51 791
21 40 2644
9 41 199
12 36 2983
19 28 2914
89 97 2567
39 61 1299
3 98 1578
19 54 1892
80 85 472
10 86 3313
60 79 3508
20 86 86
53 100 1656
47 57 385
1 58 1056
29 93 1001
4 17 2706
18 79 4447
57 89 353
12 60 1239
15 43 4930
21 94 2621
54 56 1583
2 75 2155
1 45 97
13 91 2349
47 56 4412
76 94 2513
3 26 3800
18 51 4682
22 81 260
6 25 4608
7 31 2983
48 75 3017
14 26 797
18 89 2771
9 29 3691
10 42 278
4 78 1186
16 85 4920
9 76 2064
43 87 2509
26 100 3893
6 22 1373
58 64 411
45 61 394
12 89 3724
33 98 1997
32 52 1581
27 52 1383
51 59 367
10 27 3123
3 100 2120
29 61 4193
10 61 2939
85 93 1456
7 8 1024
60 66 2087
13 89 2182
2 35 4796
37 85 4400
15 74 4627
66 90 3275
2 28 3447
3 95 2404
78 80 991
29 51 1665
35 42 4072
3 31 2503
21 96 2716
38 48 3148
71 96 1555
4 67 4459
61 67 4890
62 67 1320
32 75 87
20 38 4211
66 68 692
73 95 3839
20 25 3393
40 67 3435
88 91 1140
12 24 2404
66 98 2576
12 39 2254
26 61 2829
47 60 2497
12 91 64
0 35 1209
33 89 465
28 46 159
37 84 3292
36 59 4312
0 40 4453
13 82 450
9 57 3357
21 26 4560
6 31 1525
5 12 4014
44 53 3902
2 45 1469
66 97 1484
17 98 3042
38 82 734
54 95 971
52 100 4425
50 74 179
1 59 3299
21 84 2414
8 62 3751
21 97 1878
45 56 3567
25 52 2803
40 83 4702
6 68 686
8 53 2745
9 93 1163
60 97 2536
13 31 1000
77 90 29
14 43 4500
28 82 2369
52 65 3601
27 72 4518
27 47 1834
53 80 1277
1 73 3606
93 99 996
42 74 3129
33 91 1950
31 50 2903
18 87 899
30 79 3693
20 89 1309
10 78 3492
32 89 4175
24 71 3187
9 47 1408
16 32 1020
18 48 3363
51 94 1637
71 90 3707
42 88 2048
37 75 2713
49 61 1376
72 80 587
3 82 3940
36 79 1923
2 17 3986
28 58 1770
61 84 2666
9 53 4444
18 52 1775
26 34 2908
65 87 4674
46 66 2980
11 99 4372
2 13 1324
13 45 4719
27 35 3282
48 61 4289
3 55 4369
11 25 2773
60 82 4419
54 60 1904
2 93 881
32 40 3363
47 86 4242
20 65 3329
45 68 4069
31 32 1201
2 88 3635
1 68 2475
93 100 1466
27 89 1673
4 27 1674
43 54 4538
2 22 3759
12 100 2666
27 28 1590
36 94 4339
46 77 1238
64 89 953
17 75 3739
49 68 130
23 56 1545
43 62 378
16 49 1015
66 88 551
16 62 3898
97 100 1539
22 66 2509
19 25 1350
0 7 638
56 97 4284
7 67 4220
10 46 3588
66 96 2048
66 70 302
87 88 1556
1 52 4772
17 54 763
13 56 351
14 86 2052
56 70 3639
2 55 4977
21 31 4275
48 94 4159
27 62 3936
29 60 1796
30 76 2348
13 57 589
17 87 2121
9 45 3953
62 89 1596
33 45 179
17 53 1878
17 51 1084
59 77 2297
23 35 796
4 40 3248
30 56 2342
47 87 908
15 55 945
16 50 3640
40 53 1264
24 91 2200
18 24 4539
11 83 4718
51 76 4047
63 74 946
28 84 264
90 97 4896
7 79 96
15 73 1410
58 88 1118
83 96 2446
39 89 4850
36 95 3279
42 75 1595
14 55 4892
41 89 899
81 98 3177
56 67 992
15 88 1576
76 97 2935
1 61 3551
51 86 4154
5 32 2463
85 88 4380
44 62 4416
5 69 4614
32 63 2054
17 26 1231
44 92 1979
3 60 4189
42 62 3250
4 71 2144
84 89 2065
3 74 2173
54 88 1390
8 15 1789
61 77 3917
16 55 2856
41 49 1175
23 81 1545
11 98 2513
69 88 1005
12 22 3466
21 54 1401
32 90 514
30 35 4160
5 86 3043
64 99 4598
11 15 3724
48 89 3856
8 71 753
35 70 4672
25 74 2117
39 77 3458
71 91 2399
54 93 2219
35 38 3957
33 100 3687
7 41 1419
11 16 4918
17 92 1720
61 100 299
29 82 815
62 64 4664
1 88 4490
40 72 2329
50 78 2798
37 72 3640
35 95 3251
19 91 4200
65 96 3498
81 85 3669
9 11 3923
29 89 3898
8 13 3672
5 97 1744
20 56 4299
31 44 3090
20 98 1047
1 85 2292
32 57 374
29 90 1977
14 88 4513
17 37 4179
24 48 2849
64 96 4260
0 97 2839
64 85 1110
18 88 579
0 92 2721
5 79 739
17 36 1194
24 100 2063
14 35 3232
54 89 3208
45 85 1844
21 52 2219
22 28 945
62 75 1301
29 44 699
14 98 3475
23 100 4831
31 53 2839
54 99 1264
37 71 2932
58 83 490
44 81 3904
22 24 3684
46 80 863
11 51 464
1 39 765
6 76 1193
43 97 875
86 97 3013
75 95 628
24 50 4858
9 63 1330
6 13 4006
46 75 1615
62 88 2675
40 94 3816
33 41 2579
1 46 1011
36 55 3172
38 78 4264
31 84 4208
23 42 3324
57 58 4839
87 92 4909
9 28 2129
5 95 848
64 79 632
15 19 3920
5 67 4934
16 30 2719
66 93 4665
74 83 1069
69 91 1401
46 94 536
4 83 3905
11 95 4624
34 89 3483
6 81 3332
16 38 4262
4 24 994
3 9 1104
51 83 4374
18 65 3243
28 53 4434
83 95 121
59 70 3293
60 68 2852
51 68 2142
25 75 1966
36 68 986
16 48 3387
11 24 1432
47 69 1290
65 86 2341
20 97 1456
14 93 2259
14 27 1984
65 82 976
33 71 1327
38 81 4815
56 82 4262
1 12 2016
13 28 2281
1 21 3573
2 24 1372
5 44 1488
55 79 1164
32 80 3808
65 98 2367
43 61 3754
90 91 1976
48 65 829
34 45 1758
19 20 2975
5 51 3375
38 50 4699
65 71 3792
10 65 110
81 94 4540
41 58 685
88 100 3686
43 66 4206
89 90 1354
71 83 221
59 74 1597
23 82 451
12 82 1904
19 70 894
71 89 1517
12 88 4332
11 100 2932
32 34 1195
1 86 4181
35 51 399
10 87 2345
32 46 431
15 54 1092
8 86 691
83 87 2140
2 53 991
65 94 1265
12 63 966
24 68 3365
30 86 4224
8 24 4532
6 7 4951
27 40 309
74 95 1522
14 71 1734
21 87 3946
33 86 3587
9 91 658
8 98 4448
3 63 2077
17 41 987
30 69 2930
73 96 619
9 71 4794
37 42 3057
25 49 2736
41 87 4512
7 98 72
8 47 4670
10 59 554
68 72 1644
18 70 3166
0 68 2792
45 57 1069
30 66 597
85 96 2116
36 72 4386
47 90 3431
2 67 2218
40 91 154
10 19 4186
45 97 3203
5 70 2388
20 53 2704
11 92 3828
46 97 2159
5 21 1959
51 64 1711
38 94 2708
89 94 800
81 95 378
39 51 4792
30 87 2471
49 88 2342
26 52 3802
59 72 4324
34 100 2243
6 44 4146
69 100 2150
13 98 2681
26 41 4558
49 52 2925
5 84 3899
33 73 2114
4 48 1541
42 57 4966
33 90 1873
63 87 254
18 33 1341
37 81 1633
56 76 4224
87 96 1524
74 99 733
30 49 3736
25 89 3460
31 85 3857
21 76 4681
63 100 1842
16 75 4094
66 69 2058
3 30 2179
80 93 1551
15 93 71
54 78 3989
35 88 2574
23 31 1950
45 46 3368
66 80 4075
28 87 4574
26 99 3060
4 76 2400
5 81 33
45 98 2929
59 91 1181
51 52 2362
67 83 762
50 66 1925
39 82 4530
42 63 943
91 97 3312
8 20 3570
29 57 852
7 17 3848
14 51 1685
10 29 1592
56 69 395
3 70 4732
2 86 660
57 92 2283
72 94 2850
11 44 4830
59 93 4164
15 79 1751
56 88 2807
29 49 732
38 77 3362
59 97 1319
65 91 3987
16 91 4845
9 92 1351
70 79 4054
11 97 3368
15 78 3076
23 86 3129
24 75 2552
59 89 3073
48 66 230
16 74 1467
11 53 2065
38 73 4499
61 91 2801
52 67 2830
22 39 1626
51 54 2038
54 84 247
21 29 391
53 77 1616
46 79 3165
47 78 2429
64 98 1338
70 91 1021
10 21 572
15 24 505
8 16 1668
12 73 1162
16 37 1174
7 97 1686
53 88 1351
1 100 3186
12 80 1566
55 88 3745
9 98 35
17 44 2928
35 43 2282
61 74 1863
52 70 2161
38 58 4529
23 99 2253
1 28 1059
63 94 3938
76 82 653
24 61 583
25 54 1546
39 53 3728
7 21 2540
32 94 2360
5 73 3964
13 92 2038
47 97 2841
70 98 113
0 31 1235
63 80 2734
35 86 866
39 47 3804
39 40 3808
11 47 4000
57 95 1163
53 81 3623
32 66 966
16 83 4689
84 95 4826
94 96 3479
44 63 3289
64 77 3934
50 89 938
31 87 1664
36 61 3083
14 37 3756
14 34 1026
76 87 3798
36 62 2297
4 52 1134
10 20 2243
47 76 1560
46 88 3238
58 69 1527
13 100 2942
58 78 1847
61 65 3718
55 96 1331
13 47 3515
0 96 336
36 60 4372
60 78 152
36 82 1058
85 92 2299
28 93 1059
6 50 2650
38 86 2397
61 64 3680
37 78 3945
47 81 4798
17 55 412
16 31 4166
24 51 101
4 74 3873
64 97 4284
16 17 864
52 61 203
25 59 365
53 78 42
5 91 2384
28 63 2101
24 94 2458
17 86 100
52 95 3930
4 87 1507
1 13 729
91 99 2149
19 86 1382
34 61 691
40 71 4569
18 96 1907
30 74 4690
38 45 1957
37 86 4967
19 27 2906
12 27 2424
29 81 2459
19 34 1187
74 88 4381
17 73 1763
16 88 4201
1 84 490
1 17 662
24 36 2373
42 97 1324
13 66 3548
30 72 3412
59 85 1133
25 91 3046
46 91 2915
18 42 430
4 64 3081
15 84 2812
3 72 2899
5 22 1207
17 50 441
13 42 1055
3 48 2909
23 55 1272
3 52 15
55 58 2870
48 64 876
49 77 3348
31 80 331
11 74 196
16 64 2847
87 95 1831
36 45 2390
8 74 4419
48 100 31
21 98 1628
11 32 590
88 93 3932
32 84 2419
60 73 40
69 78 306
91 100 4210
8 66 3672
14 74 2885
43 63 3148
31 46 2617
84 99 3993
4 99 117
10 90 3162
33 52 190
38 74 4592
5 13 2517
41 85 1172
14 49 1822
32 37 1253
7 22 36
7 83 3878
12 61 968
42 46 4915
46 69 2871
24 90 1448
29 32 1008
54 90 4592
22 41 4183
23 59 782
17 23 1309
17 20 764
87 93 3030
24 93 212
1 96 4126
16 93 18
1 43 1619
3 84 980
24 40 2936
18 95 2637
12 71 2517
1 70 1039
30 77 3403
11 93 4626
46 71 1803
21 61 2347
54 85 2501
15 92 1358
35 40 2276
25 37 386
62 85 2238
76 88 4484
4 77 1268
56 95 4321
3 7 4712
86 96 1430
35 46 1989
47 73 3753
20 45 3865
0 36 1990
13 51 4713
15 34 1826
5 83 3480
15 50 4534
1 24 3793
44 69 2968
62 68 1284
13 71 4492
34 36 1367
42 99 4178
44 83 2830
31 51 608
28 59 669
80 97 2446
25 95 2716
30 44 3030
26 98 1078
3 27 4036
14 63 2379
5 24 1031
39 43 1037
61 96 3575
22 78 4797
30 46 2202
13 18 3156
92 98 2520
53 89 3651
32 92 830
10 100 4105
52 64 3930
5 62 3233
21 73 582
23 67 3211
42 95 2417
7 27 499
55 78 4445
67 88 3403
35 57 1872
2 60 3701
51 95 600
5 65 185
49 71 4099
45 58 2512
14 90 4971
56 81 1633
52 54 84
67 84 4056
54 66 1469
20 60 1442
20 33 2860
21 60 1600
26 60 3986
5 17 2521
80 89 710
48 59 117
36 42 2437
34 43 2443
14 54 2581
3 20 1480
31 58 1215
33 85 1233
24 84 1833
43 59 4750
79 81 2639
34 40 1016
55 56 1156
91 96 3779
33 55 3354
57 70 189
0 19 2257
9 12 2283
85 91 41
27 49 2411
48 93 2217
56 65 849
7 32 452
9 62 3750
2 11 1317
71 84 3205
22 63 49
67 75 3968
70 87 1683
10 13 2028
28 48 1451
18 62 1767
9 82 56
18 60 3650
64 74 1086
0 52 4333
10 92 1095
51 57 1087
13 43 1124
26 69 2405
54 59 731
20 70 1259
0 39 1167
9 37 4333
14 29 3188
48 54 431
31 86 2447
7 11 451
76 96 2767
67 87 1547
18 46 4098
81 90 3737
88 90 3630
1 23 656
27 96 2384
9 68 3242
55 66 3828
20 26 4918
4 34 1277
47 55 755
24 28 1617
6 93 975
63 91 4291
81 89 2776
20 55 2660
59 95 4134
7 58 1925
11 37 4927
69 84 3560
68 99 3381
74 98 1307
4 95 3029
35 61 4053
74 91 3830
3 92 1922
1 3 1618
12 53 163
76 77 322
37 43 3162
93 95 2103
16 22 2667
23 90 4151
46 65 3602
50 53 266
30 34 1425
38 57 3801
82 84 3776
57 78 3613
32 69 3124
5 59 2390
45 95 2187
71 93 2837
51 75 1527
6 79 4525
31 57 3886
54 73 3288
71 94 320
72 86 1306
44 67 203
25 36 2067
40 66 152
3 38 213
34 38 131
56 85 605
17 59 1454
11 72 2514
42 65 873
24 34 1321
0 84 889
6 28 3676
47 58 4702
21 58 4471
79 94 3064
56 99 1872
45 96 10
80 99 2473
16 92 752
9 83 4797
11 13 4195
6 75 4018
15 63 2004
40 50 3551
1 71 300
63 78 4218
61 71 662
9 33 3985
50 61 659
6 38 1659
31 35 75
56 87 2872
42 84 3999
45 47 2828
5 37 1567
39 79 2439
15 57 545
4 18 975
37 59 1722
59 88 148
46 62 4628
92 93 3154
10 91 2270
53 94 333
70 83 4916
0 48 2171
25 96 792
5 58 3852
4 23 3397
49 81 2863
4 38 4396
79 95 2425
19 40 3158
42 44 2853
35 36 2049
24 44 28
22 96 1785
17 39 2399
81 86 970
60 77 57
82 94 186
45 74 3445
80 82 893
40 41 2570
35 97 255
1 53 2869
36 70 403
12 38 788
8 42 451
44 68 180
31 36 4337
34 46 4313
34 98 2697
15 81 587
3 59 302
44 56 2994
58 87 3824
14 100 3010
27 44 3679
45 86 179
40 82 4677
24 58 565
66 74 2970
70 76 2207
23 58 2136
10 44 3458
62 83 4219
3 4 3121
39 98 4577
49 64 259
3 42 1212
36 86 2948
49 59 1372
80 100 3378
2 51 4053
65 93 1070
11 96 3536
3 17 4368
7 49 1552
52 85 2716
25 93 2115
48 78 2308
5 52 2461
70 94 880
19 77 4979
7 43 1780
54 76 3316
14 76 1685
51 97 529
14 62 3680
27 84 399
74 93 386
10 80 2568
16 63 3812
43 91 2974
78 100 4168
6 72 593
25 64 4916
4 9 4968
36 87 3122
38 76 4995
41 43 4934
40 54 1183
50 82 1853
46 90 1523
10 36 1904
32 39 3876
54 86 3216
49 82 3388
62 95 2876
19 47 3750
34 93 4911
23 46 3110
6 42 4200
13 19 2259
5 41 2155
5 82 482
19 66 1297
39 80 3022
5 16 1300
40 58 4142
4 81 2814
80 91 2505
85 89 2428
88 94 3847
0 77 1842
37 48 1358
25 97 980
73 81 368
6 66 3300
3 32 3402
44 79 2739
32 33 1492
6 40 145
58 67 655
3 66 1901
32 74 1889
42 53 2806
33 66 4433
40 80 2271
35 58 2751
57 91 4663
41 81 3996
63 81 4223
49 84 3270
21 38 1473
29 39 708
21 36 207
30 85 3964
41 88 4836
24 78 2062
19 60 277
10 26 4746
37 67 3437
69 87 2424
33 75 4292
10 82 375
15 80 4556
63 73 192
34 87 3
36 48 2805
68 79 1554
6 11 2804
9 49 588
4 60 91
56 59 1839
32 85 4295
21 30 3192
32 61 4131
39 85 2262
46 58 2980
5 93 2888
3 69 726
18 99 4256
31 62 4126
23 26 1624
7 28 4050
16 20 3803
29 54 1478
7 19 3384
72 87 2848
9 100 2590
7 45 4328
31 60 2468
19 49 1496
33 82 4483
5 34 2335
12 81 4639
2 33 1597
40 79 782
4 41 1655
12 40 3826
46 70 1405
8 85 2009
30 78 1751
82 99 401
74 80 4044
33 80 2091
34 74 87
18 98 4246
58 73 2849
24 80 4190
40 96 561
60 72 2580
61 87 4684
4 44 1892
39 50 2039
21 37 83
1 76 3854
73 85 597
42 56 1038
75 85 4470
45 60 4437
24 31 2230
36 54 4182
6 52 4255
72 78 1046
8 90 2293
49 96 632
73 84 599
3 67 234
27 67 2268
25 94 1265
0 51 4507
44 98 1515
22 25 2751
53 97 531
29 88 3545
68 91 4799
11 77 1292
63 90 1541
28 65 3580
15 53 4561
85 99 1597
16 21 26
