1 99 4950
0 28 447
2 0 323
3 1 857
4 3 4519
5 3 1960
6 3 597
7 0 463
8 6 4742
9 4 4463
10 9 3572
11 6 14
12 8 2556
13 11 1888
14 12 529
15 8 975
16 6 4642
17 16 3829
18 17 1910
19 8 1340
20 1 3021
21 15 4776
22 14 4155
23 17 2600
24 4 393
25 9 1944
26 21 4639
27 18 3663
28 26 2569
29 28 4361
30 28 2225
31 12 1805
32 24 1409
33 31 3686
34 27 2560
35 13 809
36 0 2471
37 2 1275
38 15 2621
39 4 4636
40 0 4498
41 40 4150
42 1 2403
43 39 1840
44 33 4816
45 27 4006
46 44 3555
47 23 4681
48 14 4045
49 34 4181
50 42 413
51 30 86
52 30 619
53 48 3225
54 48 4152
55 19 5
56 15 3168
57 23 3763
58 17 1235
59 13 251
60 39 1744
61 4 4941
62 59 4352
63 59 1985
64 12 4434
65 18 2918
66 35 4422
67 55 3967
68 11 3784
69 46 2621
70 18 3598
71 50 3628
72 64 365
73 35 2627
74 6 4208
75 5 2369
76 3 1877
77 47 1371
78 70 3541
79 67 1802
80 16 1860
81 80 2997
82 1 4059
83 4 157
84 73 2637
85 78 4781
86 19 4064
87 31 1952
88 48 1511
89 37 3039
90 56 3514
91 35 203
92 5 2180
93 26 517
94 89 4998
95 31 1853
96 5 182
97 35 3260
98 75 4709
99 64 4422
100 73 398
67 99 244
4 28 953
80 92 330
36 93 184
59 96 4922
27 72 2418
24 83 2469
23 83 1359
53 100 3599
18 51 3616
0 82 3281
55 82 4380
31 49 4950
2 99 4364
11 16 2979
21 74 3993
72 82 3268
5 47 4727
0 53 2392
37 63 1458
2 16 3673
9 12 1618
3 14 3871
8 61 1656
13 14 4795
10 75 4684
0 25 3804
30 99 2005
2 40 3715
35 81 1521
77 89 4400
27 40 4567
51 58 3831
2 87 2415
9 98 2430
13 38 2484
17 56 3190
15 92 96
39 72 1473
55 81 4123
65 96 568
30 44 1235
57 86 2915
3 52 365
88 93 1160
15 36 866
42 80 2994
12 43 2301
78 98 931
1 19 3430
14 27 4985
5 62 276
16 96 3332
2 54 4045
25 44 407
23 46 1866
49 99 2148
26 84 4630
39 48 3765
20 64 1578
8 76 3917
19 97 4650
23 73 1305
6 38 2120
35 62 2886
42 46 1030
26 53 1289
87 98 4649
1 26 1183
3 43 2425
2 63 3474
17 65 3558
9 57 3449
36 82 2351
3 19 1323
67 85 287
30 38 3828
59 94 1201
45 89 3433
36 98 2227
14 63 1694
0 8 719
45 64 4737
13 77 24
67 93 919
50 80 2909
11 53 1435
18 46 1127
58 88 4075
13 20 2435
20 22 2931
61 96 1242
46 97 3796
67 78 3720
30 60 1344
5 78 4042
66 72 4103
60 91 2644
18 20 1203
32 100 572
30 55 706
11 95 4237
45 88 46
15 50 2635
41 75 2149
65 85 305
93 99 4182
48 90 1572
13 46 2995
9 29 4558
64 88 2710
7 21 1613
25 27 2053
74 88 2491
12 77 866
27 84 316
72 81 581
5 55 1885
34 44 4
21 70 1225
39 80 4718
65 72 2700
31 56 4816
1 5 2971
46 56 183
21 41 3148
2 19 4601
66 82 130
13 34 4991
20 44 4080
23 43 3873
39 52 2586
18 99 4620
14 24 341
49 62 3447
68 81 4504
7 24 2332
50 87 3866
65 76 1212
4 94 1734
33 42 1901
59 93 1600
12 92 4820
12 81 1700
1 96 3666
41 93 3978
11 83 2499
36 59 4541
66 68 3997
55 77 4031
51 63 2143
29 41 4184
70 71 3642
17 36 4968
10 89 2056
16 28 1116
58 81 4407
53 92 2571
21 79 209
17 77 2237
49 93 746
27 88 415
54 66 3938
37 44 2580
2 69 2855
3 41 3008
41 76 1248
8 66 2834
11 63 3351
0 11 4350
14 99 1868
59 86 2555
41 86 3187
2 100 1169
39 78 735
24 69 2656
31 48 1169
2 39 1798
56 80 1683
49 52 4154
35 36 3529
57 92 4449
13 61 517
45 52 966
11 27 3194
24 27 939
33 61 1933
48 85 4154
73 88 1452
14 56 748
5 49 4542
32 70 1169
44 66 1445
12 30 2719
27 76 4143
37 72 1518
45 98 2820
12 56 1555
49 59 4039
23 30 4959
23 32 3107
78 86 59
28 81 1057
18 97 666
45 67 2863
74 79 867
2 32 4441
44 52 1920
26 44 3507
58 80 4288
49 78 2989
8 69 1658
38 91 1716
7 92 4425
12 91 3494
61 87 2473
19 80 2178
39 56 2561
37 71 2007
14 75 3794
23 69 2768
5 65 2298
41 78 4497
81 92 177
34 73 2625
55 71 959
44 89 4645
5 77 3412
1 31 461
35 96 3124
1 88 2289
1 53 513
33 59 2986
75 95 4850
21 82 1794
1 64 3906
20 84 1083
32 68 1705
68 94 635
55 64 3812
4 33 3973
21 71 1514
2 65 4096
62 89 1807
11 17 2658
69 77 2218
15 60 1525
3 32 4188
20 34 3368
7 68 4721
2 60 1218
70 80 1019
0 34 4796
19 84 3723
6 53 794
41 65 4460
51 89 2399
60 87 4462
65 80 1402
71 98 1504
65 66 3725
7 25 3960
82 84 4185
52 64 2466
36 73 1263
32 95 4146
55 93 2231
17 52 4396
75 76 4560
19 25 3483
33 70 3210
26 81 1522
59 84 1184
17 92 4592
55 100 616
80 86 4465
6 62 2351
7 34 1569
87 96 4059
33 88 4049
84 96 3848
1 58 4331
14 71 2830
12 39 4074
18 41 4852
55 66 3658
61 65 3579
46 76 13
17 81 2866
25 35 3497
29 61 3162
20 62 4505
38 75 1797
39 44 2299
17 34 3555
46 77 1854
12 94 625
15 47 1309
66 88 164
18 40 2218
40 91 2247
1 30 353
2 26 2252
10 76 3448
24 81 2044
13 28 1517
40 42 164
1 18 4682
34 36 1802
47 94 2892
23 25 4443
79 98 270
28 96 3248
42 51 3825
43 92 2238
44 80 1368
44 60 4970
16 89 2094
74 80 2083
52 53 2740
10 92 665
64 90 887
21 57 2071
7 67 4163
37 46 742
28 84 4857
0 43 3719
14 87 4835
1 43 1052
6 57 347
7 90 1409
54 68 480
16 68 583
21 50 1069
17 70 142
3 58 2778
47 89 654
23 64 2014
31 42 4373
66 87 4068
38 60 1296
62 65 4830
5 90 3531
10 41 2994
47 81 806
19 41 4143
70 90 1968
22 71 1896
13 82 143
68 87 2854
9 50 2598
10 94 1277
47 64 1050
64 95 197
64 86 3895
49 60 4254
45 47 3362
52 61 573
55 95 2423
64 69 4413
28 99 3349
7 13 2331
17 50 1148
5 45 40
36 79 2788
10 66 3415
47 99 678
11 15 1495
2 41 1147
29 48 3780
37 87 4043
33 50 2980
32 92 2223
83 84 3843
23 31 2148
83 85 3983
0 64 283
25 47 1984
54 89 1307
28 79 2374
27 55 3653
2 10 401
29 74 2815
9 32 4394
11 36 2342
6 43 1342
12 53 3991
7 62 4969
59 80 3797
8 57 2026
13 83 3061
36 57 4741
19 57 456
3 50 988
7 74 1150
5 25 790
34 83 1924
17 42 1662
8 51 1910
28 50 721
42 63 682
26 76 3466
54 83 3752
22 47 3253
83 89 3171
11 80 4638
36 64 2166
22 98 503
20 60 3290
27 92 4815
56 89 1788
83 93 3523
32 71 2040
9 41 2586
55 59 415
18 47 3881
67 80 4263
30 76 1127
17 82 1742
42 81 2433
97 99 2603
74 95 2084
16 73 414
54 97 4838
6 54 2498
10 73 2753
8 96 1308
96 97 3156
41 99 4355
7 63 1123
5 70 4003
47 69 622
39 68 42
40 77 3809
64 75 567
51 61 1074
9 91 3087
18 29 3036
59 71 729
89 96 3262
35 50 136
36 52 1864
7 61 37
27 57 4880
14 20 2454
12 82 3405
36 76 3786
66 93 4338
26 72 428
1 83 1220
59 72 4882
61 89 794
41 70 167
10 87 4914
0 48 1474
46 65 2182
34 88 2847
80 95 3974
48 99 3946
20 43 4499
16 74 4158
88 98 4840
14 72 3460
18 44 1377
4 47 4094
28 70 2694
20 94 1630
54 69 1365
38 80 2548
66 77 2607
62 88 2136
65 98 1259
22 63 51
48 56 2012
13 51 2023
40 79 3014
62 82 3783
63 86 3935
77 78 1002
73 92 4635
58 87 1133
1 2 2050
14 65 221
6 92 91
55 98 4922
29 58 563
30 40 157
78 80 3688
4 82 85
14 37 3575
15 43 4721
25 38 4218
20 25 589
54 87 2606
72 84 28
15 97 1434
60 94 532
31 72 833
51 69 2555
56 91 534
75 89 515
32 99 3102
39 63 1981
85 90 2340
5 85 2811
19 94 1276
2 6 4787
35 52 684
17 47 3013
71 79 169
5 23 2319
46 87 3196
63 82 512
88 91 2095
58 79 4863
54 61 350
17 62 561
45 50 121
14 77 1064
53 60 929
65 86 120
34 99 57
31 84 3383
45 93 3374
48 92 2551
7 72 2110
81 89 4061
66 89 1848
44 86 1076
60 73 487
33 76 502
37 47 415
7 69 2696
13 23 1416
71 91 2868
15 71 2463
27 28 3323
80 100 4218
9 84 1989
30 77 4509
15 25 509
42 91 3470
5 82 1473
3 82 3965
4 40 395
10 23 4411
91 94 4505
1 89 2613
48 66 2830
36 80 3338
57 98 485
22 87 4077
62 71 2756
11 22 3206
8 83 221
40 68 2826
67 90 2392
16 63 4779
70 74 2879
10 64 1417
45 70 4147
31 85 2798
43 76 1184
26 74 1722
54 82 3698
28 37 3855
5 99 2367
4 92 447
29 89 3064
43 49 1018
61 79 4487
33 90 467
12 69 4462
8 82 2093
9 17 833
28 92 1465
66 74 1674
17 87 393
36 90 2208
44 65 3636
8 89 38
38 41 4579
45 65 268
52 65 859
38 62 4082
15 76 3373
56 84 1842
1 79 2394
7 95 1928
8 78 2327
16 18 19
37 66 4634
44 64 3733
7 85 2129
20 27 1753
47 58 4596
4 54 4560
90 91 2002
33 77 801
27 94 3647
3 11 2633
1 37 2231
2 83 4092
1 87 197
24 64 2963
1 70 585
47 76 1598
15 79 1655
89 100 955
37 61 1117
44 98 1670
68 92 1310
8 21 2123
33 51 3471
69 71 136
15 29 3495
60 76 4788
49 67 1968
77 90 41
7 51 1373
31 38 1175
3 62 2658
76 100 1972
1 39 882
23 89 3322
30 56 2273
34 61 1809
3 64 4531
90 95 2791
8 84 1510
26 67 1376
52 55 3451
64 100 1831
21 75 2872
12 98 2419
18 49 574
57 62 2502
41 88 4977
17 59 2987
30 82 2382
22 89 1788
88 97 409
11 31 3024
9 86 2500
14 40 995
41 77 2142
40 85 2836
5 10 3614
23 66 1261
73 85 2562
32 75 1962
6 88 631
67 72 4081
11 28 4281
2 97 2493
20 89 3346
77 87 947
25 48 996
11 66 2846
14 44 912
48 93 3447
54 73 2758
47 80 1984
67 100 488
8 9 3488
13 97 1240
48 84 1984
13 56 2715
3 44 4272
37 58 1719
60 66 27
80 94 2255
17 25 667
2 88 3747
43 71 29
11 91 239
25 42 2237
7 99 2556
10 60 3871
22 46 4161
15 98 1585
36 78 3961
59 97 2168
77 95 2523
41 95 4606
15 23 1697
28 43 4077
47 67 3154
7 65 1716
55 97 154
19 93 321
54 57 3873
67 94 1351
31 67 3607
2 8 3402
31 68 121
4 73 398
70 85 1827
0 96 3107
43 46 4075
47 90 1861
14 25 2244
33 38 683
31 75 3467
62 99 3425
42 55 4419
35 43 4542
54 75 159
5 35 4941
20 35 3083
16 81 1065
34 55 2974
26 48 198
25 79 843
46 80 3008
21 99 4402
6 82 2664
55 90 739
19 76 3041
12 47 3105
15 82 3081
16 43 2701
27 71 4823
16 31 4569
42 43 3781
5 18 4955
58 97 2278
27 97 1278
68 93 4692
14 50 83
40 54 3029
30 65 3945
43 57 3602
92 100 4817
35 44 2008
44 71 415
13 64 4961
97 98 2674
7 97 4369
7 100 35
16 50 2870
10 29 3747
33 92 1476
60 63 3253
10 88 3031
2 12 3215
49 50 2576
77 93 2334
2 73 4014
38 73 3988
32 39 1946
24 65 4869
4 81 3810
33 94 1011
5 50 4158
13 86 2580
9 66 1982
37 39 3781
57 95 1114
18 69 4544
18 83 1277
24 53 4826
26 45 1514
60 85 1475
57 76 3882
12 88 4920
29 42 1470
5 27 4461
57 67 990
55 78 970
11 23 36
23 37 3360
42 66 3467
25 51 476
25 65 2016
17 48 3404
40 90 3846
10 13 2938
61 85 4639
60 74 109
87 93 3403
39 90 4450
16 75 1486
51 54 1171
26 47 1735
20 48 2467
70 77 2116
52 82 358
7 58 1529
65 93 1359
40 47 2683
62 100 4819
10 91 359
57 66 1973
38 97 1802
34 75 3443
57 96 2683
2 89 1642
7 45 3671
39 41 4375
14 55 4777
20 36 2129
52 77 3871
17 83 1656
58 72 748
19 65 895
72 100 3887
12 97 2390
7 91 23
8 46 2878
10 34 4556
6 95 1515
49 63 896
0 84 2268
53 72 814
25 98 2704
54 79 3458
12 40 1202
30 92 2696
34 72 4492
29 91 4604
22 85 3106
8 60 3913
40 66 610
56 63 1262
20 21 2825
19 85 3341
18 91 690
8 50 4704
32 91 2669
26 37 2088
59 88 946
45 53 2432
22 79 4811
41 94 1677
2 67 178
33 43 249
8 71 1426
70 98 2160
81 88 316
20 70 2951
24 68 2061
39 95 3997
84 95 3795
11 50 4564
51 64 249
9 21 4003
70 81 4540
45 79 942
22 73 1180
19 49 369
15 62 973
3 68 1356
4 87 1466
15 74 971
21 66 4019
52 84 842
0 4 4951
8 48 874
24 89 2812
27 86 4069
35 42 2088
23 70 463
13 60 3992
38 87 2585
29 34 4862
24 54 988
48 49 1249
24 62 1432
14 91 2476
6 80 4608
48 96 4590
18 38 439
71 84 3145
54 78 4439
28 68 239
43 61 3719
25 63 4990
26 38 4894
8 36 1113
55 60 4833
8 44 887
24 90 3819
25 88 3335
64 94 4031
72 99 2039
35 92 3036
26 90 4938
33 96 3105
40 49 1056
20 58 1036
60 82 1567
64 78 1562
42 69 2352
53 62 3898
51 73 2775
42 61 2063
9 34 76
18 36 4691
20 86 1353
1 38 1672
17 97 62
41 52 474
18 32 2613
1 52 969
13 87 103
1 22 2458
71 88 4958
59 65 986
50 59 4392
17 33 432
6 34 1193
73 77 3420
21 44 3680
77 97 4448
11 18 1219
57 60 3983
0 47 2680
26 87 3822
68 86 2248
84 94 516
44 84 3732
22 95 402
43 79 1912
15 70 1398
54 93 368
79 96 2767
23 28 3641
19 27 4304
25 70 53
57 81 713
31 78 1829
21 54 4096
20 52 1478
15 81 3477
2 93 2337
64 98 123
6 37 4450
12 99 2852
7 42 3602
37 68 1675
12 58 4117
44 45 4882
43 90 3042
24 37 1829
93 100 2203
55 63 1426
20 92 2381
10 74 2371
29 57 1952
14 82 2578
40 60 3817
50 98 2547
40 71 2713
31 91 4077
4 18 3158
85 88 2942
65 92 1709
19 42 1493
16 57 106
57 97 2463
15 42 3464
17 96 1636
31 94 52
10 62 1499
67 83 4972
7 30 709
60 68 4713
29 49 4630
49 89 3661
29 83 1785
33 52 4461
18 95 155
36 71 4778
81 84 1276
72 80 1422
69 75 4104
7 55 2454
17 66 3612
34 90 3579
26 49 630
76 79 4070
55 80 3642
25 64 2673
51 82 3502
25 37 4768
48 60 4101
4 14 4591
18 86 2434
22 28 2479
9 89 4412
16 36 3968
32 88 2933
89 97 1323
42 56 4654
20 91 494
45 82 1424
55 86 3529
16 86 1385
8 33 4691
27 43 4704
7 79 1613
21 94 3529
60 67 4605
38 63 3265
66 76 743
20 87 4163
4 34 4453
26 39 871
56 73 332
41 45 723
31 69 2742
1 57 3804
45 92 2503
16 60 2289
33 95 1184
5 43 756
15 39 852
66 92 3463
43 88 3135
20 33 1580
24 34 233
13 49 1590
20 57 1574
41 79 3133
49 72 109
5 21 42
45 68 2637
95 99 3906
27 65 249
27 60 1835
36 69 15
26 98 1268
8 72 265
15 87 1879
46 54 270
23 39 3554
26 92 684
37 73 199
25 90 930
58 74 26
48 98 3243
31 76 2008
8 73 2138
55 87 4660
12 24 2386
0 23 4669
62 84 992
5 52 4513
63 67 723
23 63 4764
38 56 1183
26 42 590
32 61 3032
14 18 3678
12 29 4884
22 38 3354
17 63 2983
73 78 1720
28 57 2397
32 72 1016
42 65 290
12 85 2899
28 31 3822
63 65 3105
79 86 4284
57 77 925
10 59 3796
90 98 3339
51 92 1731
3 29 2023
92 95 2822
29 92 2821
3 36 458
91 93 2706
13 84 411
6 12 1754
13 69 866
32 85 430
70 75 4803
18 73 1009
47 66 2985
1 12 1298
4 96 1072
63 71 839
18 19 3353
44 82 2903
56 87 1448
26 95 1425
1 65 3566
61 72 2741
7 15 3537
74 86 1947
19 48 2098
33 35 4431
40 78 3780
44 90 394
21 43 316
32 86 4012
27 44 3901
20 68 3166
53 55 423
11 88 3740
10 15 280
23 49 365
37 49 1672
25 89 1653
18 94 4542
61 93 1665
18 34 762
50 91 428
6 23 333
44 81 3869
11 58 1460
24 48 3525
15 73 1063
1 68 2513
51 100 2542
71 96 1116
31 47 598
82 92 4924
46 66 119
4 8 351
45 59 779
37 92 4859
8 20 2168
63 91 223
73 96 4348
11 81 4531
31 73 1742
19 59 920
47 97 3076
24 60 2252
48 57 3348
50 65 3585
83 92 136
55 68 4191
58 70 791
18 84 479
28 61 1860
30 35 4398
28 56 4180
94 100 3540
40 82 2485
91 100 2056
29 66 4944
19 62 4291
53 89 253
13 94 1014
46 92 343
59 61 1139
7 14 3821
38 99 2094
90 99 3032
69 74 2307
24 70 1756
35 84 3409
40 76 4049
9 40 1590
13 100 1673
11 73 2902
43 56 1664
59 85 2606
3 94 1943
50 64 2643
61 91 884
55 91 4019
24 51 1225
23 76 1996
58 67 4636
23 33 2485
33 62 3677
4 29 1439
58 94 4197
42 68 4088
1 50 2166
64 71 4235
45 96 49
72 91 4065
29 33 2541
52 73 3336
96 98 1587
15 19 1158
0 42 4436
78 89 1012
19 99 3644
3 45 2786
41 69 2556
20 54 1579
29 87 3156
59 83 1099
55 56 990
48 77 1824
58 91 123
1 84 3281
6 89 280
7 78 2670
81 85 2326
23 91 1730
25 32 4978
19 20 3299
18 98 4073
62 94 2062
15 18 3666
33 80 2004
7 87 4965
56 81 3814
53 90 4287
87 97 3712
9 65 797
28 49 1080
76 84 3019
40 99 984
26 85 2407
56 94 3352
0 100 4389
44 96 3975
5 68 3020
5 40 2566
18 42 228
13 54 2793
3 95 2880
11 65 2350
54 99 2230
38 51 2086
71 97 3113
20 88 399
39 86 122
52 79 3386
57 75 2793
64 79 3151
23 48 3229
21 78 3326
55 70 1284
47 70 3006
38 44 382
49 70 1173
21 65 3226
70 91 395
14 15 3023
3 8 3008
17 24 1569
50 95 1523
21 100 3450
82 85 4440
8 17 3257
6 20 2919
3 98 3374
51 52 870
12 34 122
77 88 4247
27 77 4106
32 47 4957
44 100 1550
47 85 4162
78 87 2986
14 90 876
8 32 4814
82 99 1369
68 99 4350
92 96 473
44 83 521
22 84 2344
69 89 4966
82 95 2789
6 71 1389
0 60 450
77 91 4398
45 72 3348
32 56 3716
13 16 77
0 69 860
22 83 4037
71 72 635
14 66 3168
66 94 2753
38 82 2554
13 85 317
29 31 4889
1 94 4167
89 99 3287
34 89 4429
3 61 1639
65 83 2180
74 87 2791
14 47 4519
45 46 4713
94 99 443
23 92 1153
4 70 208
19 75 4716
33 40 281
64 87 3124
15 95 1198
26 78 3958
25 76 4381
41 62 3140
4 46 1342
36 94 3323
29 70 2629
79 94 184
4 27 2488
43 91 2674
38 71 518
0 72 3740
9 56 3884
9 59 4382
19 33 125
7 57 2704
0 21 2268
0 63 172
46 60 4024
38 55 3011
54 71 2032
72 96 244
46 59 3748
24 67 2290
37 94 1165
28 51 2577
2 15 390
66 91 1453
56 79 3891
10 80 3754
39 73 3369
22 80 994
22 43 1218
3 96 1420
17 64 690
13 66 4954
53 81 1965
44 87 1319
28 72 2621
87 99 1696
4 90 2106
5 22 1326
66 67 2908
5 17 4376
6 32 3234
5 32 2843
58 78 3591
51 70 2410
81 97 4458
33 69 4816
91 98 2316
46 81 1381
25 30 1811
61 74 2938
6 46 2050
19 31 3664
5 38 2892
10 38 935
20 82 1688
24 59 1861
71 75 2576
19 34 3726
26 91 2642
39 69 2168
46 48 3335
5 94 3246
41 51 2077
40 43 4251
41 97 379
12 45 4351
39 50 1508
24 78 1677
20 39 2059
41 53 4080
5 8 3856
7 80 223
23 26 2395
21 77 156
65 73 1323
39 75 1395
23 35 1261
24 73 4350
37 95 2108
39 93 1239
56 95 3570
5 14 1066
53 85 570
53 54 4289
30 43 1691
19 45 573
21 39 2799
4 58 1332
37 60 1242
8 91 4040
69 83 1431
30 72 4803
12 95 1549
34 59 3259
20 78 3902
27 29 785
29 67 2280
32 62 4665
13 74 1004
19 23 1758
67 81 1611
39 92 3101
54 58 3906
31 88 416
5 16 3309
84 99 85
36 44 1106
3 10 1778
24 45 1563
12 70 1271
7 50 4668
69 95 400
72 93 3874
56 99 640
16 35 3097
14 43 1666
9 70 1314
1 55 2725
75 79 1545
6 51 431
90 96 3856
22 57 3961
4 22 3397
21 89 1285
61 71 1813
14 68 2416
13 47 1151
32 44 4698
50 97 4892
22 92 3377
30 47 4995
63 81 2603
26 62 2764
63 76 419
32 69 3976
20 31 3085
68 74 1068
4 43 1189
85 100 3708
23 34 1906
0 27 65
21 92 4745
34 40 4172
34 94 3233
19 81 617
46 53 3440
53 63 992
68 78 3721
14 54 2437
91 95 3628
24 96 1488
93 94 2011
12 46 1935
25 49 2572
86 90 675
40 93 200
15 59 1842
40 58 697
64 77 3461
49 95 2387
36 65 4417
33 36 62
18 61 3999
73 89 1330
29 37 187
65 77 2608
67 68 1448
56 71 261
43 59 4957
34 85 2347
84 91 217
19 89 579
32 63 831
10 100 2254
5 37 3157
1 72 1991
1 41 651
58 69 3702
32 58 4908
17 91 4665
89 98 1950
29 65 97
7 41 1670
45 73 1942
13 73 695
8 90 3332
52 99 3784
43 93 905
32 77 3453
16 53 4614
10 43 1710
46 86 3585
8 41 2830
22 36 3379
14 60 1542
44 63 619
23 93 238
11 100 3341
42 100 3039
43 50 4820
10 18 3783
28 36 4420
11 29 4066
42 72 3529
77 99 2144
77 92 2880
66 70 3629
22 90 2440
0 81 2194
20 67 1350
40 89 2173
82 94 4531
26 31 2069
4 99 743
6 17 1538
46 88 4613
6 7 3884
54 55 2345
41 55 887
23 52 3344
13 78 2358
29 84 3432
48 87 3401
22 30 2908
28 39 3188
55 85 3176
30 88 136
85 91 4118
68 71 3421
30 34 1605
39 98 3605
12 25 1064
33 68 35
24 31 4995
12 100 3991
17 37 2361
2 75 3773
62 98 4954
25 96 354
46 85 1042
0 3 4458
9 23 1992
12 62 4282
33 46 1318
68 80 681
13 55 1329
26 50 1649
11 85 1676
1 90 3758
23 67 4913
45 71 4190
31 93 1643
10 51 4369
42 58 2215
67 97 3474
38 64 3390
43 54 1499
40 98 607
42 64 1040
75 77 3730
0 79 2559
51 62 148
3 99 957
37 77 3507
21 37 2139
55 61 4360
2 3 2863
21 62 994
40 86 1102
63 94 2384
18 28 1359
5 20 470
56 65 59
72 74 4050
54 64 406
17 32 3989
2 9 903
2 86 2173
31 79 4988
84 87 4773
81 91 4740
81 86 3250
43 51 303
78 81 2009
30 74 229
29 40 4017
53 65 4468
72 97 4312
76 86 4647
60 81 1109
10 31 2920
5 34 1399
75 83 3549
49 71 2609
10 45 287
44 47 4952
3 46 4105
49 94 850
31 40 1214
32 67 1427
84 90 989
68 69 3219
5 26 4034
94 98 3044
41 47 2023
50 85 4306
94 96 1722
17 95 741
4 66 3578
62 92 4521
6 50 3498
35 63 2303
6 44 1071
27 67 949
4 97 4701
0 20 4047
20 45 771
48 83 3778
28 98 4040
81 82 3345
25 69 1589
95 97 3192
17 57 674
17 45 4628
0 37 90
36 49 1072
1 81 2680
7 70 3638
11 45 3086
21 22 1247
16 37 3170
0 44 625
35 95 1038
44 57 4179
87 90 4002
40 70 3000
90 93 1341
56 96 358
55 79 647
36 99 3276
24 26 2548
10 26 3375
11 41 2812
19 78 635
2 43 1717
33 100 4758
66 73 2019
29 60 4967
21 47 3064
24 85 1445
35 49 1162
15 89 3558
55 74 1803
23 75 3905
27 87 2856
43 78 2884
71 74 3452
49 64 1658
30 94 2823
45 91 636
17 39 4886
18 60 812
2 31 1901
69 86 2706
48 80 861
18 62 1991
8 52 4946
13 53 3319
72 87 51
9 69 2051
9 71 2271
76 93 469
46 78 1023
27 100 3895
36 91 923
36 62 222
18 24 4212
70 82 406
25 74 4770
13 72 3241
23 78 3980
65 68 3711
79 99 532
17 38 3518
2 85 4749
88 100 3377
18 88 3592
49 53 2339
52 75 892
58 99 419
5 53 50
21 97 3996
16 70 1858
44 51 3378
20 40 1149
28 71 4436
35 71 3120
83 94 776
23 82 1943
45 87 4925
2 57 467
36 70 2456
44 99 757
30 98 253
85 97 2587
28 67 3659
38 47 1300
0 9 4073
68 98 3554
50 66 4500
2 27 1343
82 89 2653
18 43 693
38 39 3080
69 98 1546
62 63 1726
24 84 2793
23 62 4818
32 42 512
26 80 3317
8 18 3800
24 66 1895
65 82 635
17 78 3824
37 69 4350
12 20 2980
75 92 539
5 6 4602
97 100 110
13 67 1845
38 42 3104
23 55 3848
65 94 2534
34 48 60
6 39 3184
43 84 4274
26 33 1041
6 77 4619
52 86 647
2 80 4144
5 24 4128
88 95 748
13 42 4921
65 69 2886
42 52 546
65 84 2309
21 34 4900
57 88 4220
71 93 3261
35 58 1766
26 43 1444
15 61 2657
30 57 4266
81 99 3149
0 33 1270
52 72 3490
80 84 3229
13 48 1536
1 21 2169
12 27 275
29 98 1184
24 99 2129
11 89 2968
49 100 3179
86 97 464
7 22 3805
41 80 4987
86 87 4572
63 73 2394
80 88 843
59 66 125
17 28 3295
48 72 4839
33 74 3442
18 85 925
37 52 353
28 42 4291
57 70 442
3 86 510
30 70 834
50 81 2484
47 92 3986
40 83 30
42 84 2266
74 92 3314
0 18 2816
31 64 1610
25 54 3117
0 77 4807
28 86 1231
75 90 3828
73 94 1920
8 24 4809
85 86 80
2 22 2974
35 78 3289
25 85 156
10 53 981
15 67 1859
57 80 4176
85 98 4315
58 96 154
37 96 3283
19 79 529
26 96 2128
12 73 4871
2 46 4054
13 22 1037
53 66 3698
46 49 1742
28 90 2023
67 71 4712
15 51 2653
19 46 3396
45 62 4447
12 50 3372
0 17 2306
16 26 2437
1 34 1759
10 35 4264
25 99 3537
18 57 1984
25 86 2435
5 63 3624
27 62 4399
26 35 4669
58 63 105
45 99 4320
20 97 298
3 84 1833
35 46 1409
9 99 2584
15 63 2110
27 90 600
5 74 1686
50 68 2629
13 65 3759
30 67 3573
5 59 547
19 30 690
37 99 4204
0 24 1982
12 32 2049
17 19 4825
43 68 4925
1 7 3696
39 66 504
10 11 3173
22 100 1856
9 78 2662
13 76 3418
31 81 3755
14 23 4994
15 90 2881
53 73 2520
16 76 4963
84 92 2278
38 40 3240
38 85 3262
4 78 1691
24 28 4081
0 75 1703
71 100 2046
8 16 3164
62 69 4108
41 42 1610
19 96 4515
16 85 1476
18 37 4447
9 24 2793
48 70 3142
11 20 180
4 42 2066
10 48 473
59 60 992
27 61 1861
2 21 2057
12 57 784
8 81 1051
8 92 1304
72 76 609
9 22 4974
11 60 487
20 83 2720
13 57 3405
57 69 245
0 78 4028
68 72 2772
48 61 1516
51 65 4311
10 61 3820
16 19 4090
22 66 547
27 49 4595
6 64 1865
86 96 615
21 93 3398
19 56 3177
5 93 45
39 67 3220
74 77 2269
14 89 163
2 49 4704
39 45 703
59 90 3460
64 89 1686
30 78 1443
68 97 2499
42 59 3032
83 87 1741
37 56 3127
22 97 648
13 36 2373
17 40 1
51 56 2844
54 65 533
13 75 1593
25 58 1187
11 61 3931
22 69 1539
5 83 3037
33 49 3794
16 79 935
50 67 4333
34 68 1047
47 82 3199
28 66 1316
34 64 2234
17 43 2549
20 100 4310
39 97 2618
2 45 2377
18 81 4721
16 65 3714
11 82 4803
34 76 2121
24 77 411
20 26 3581
32 74 875
78 93 4509
64 68 4619
79 82 3751
11 71 1559
16 42 2431
43 98 560
53 61 3198
18 78 4217
4 44 3345
5 19 975
51 59 2825
39 62 4337
51 95 4962
37 54 1195
4 77 4357
26 86 4033
32 40 4337
6 72 3153
14 67 4929
63 95 4517
1 16 3621
14 38 2114
3 72 1390
28 91 3116
69 97 2955
16 51 1769
12 79 1892
44 62 3787
42 73 4300
3 21 1022
35 60 1848
41 66 3779
16 49 1420
32 36 4204
69 82 2948
74 82 859
73 91 4244
52 81 592
15 78 1104
13 15 2295
30 39 2307
8 31 2379
75 91 4890
3 88 289
76 81 3762
35 88 1684
12 80 4974
8 23 3991
62 96 4721
9 77 4829
44 61 4985
47 71 2467
0 76 2998
28 94 4379
4 72 945
48 91 4120
6 91 4448
46 83 3706
35 94 3350
22 78 2353
28 38 1123
36 89 3475
56 59 4034
40 62 1357
2 34 3442
75 85 686
27 98 3173
5 56 2245
37 75 515
1 51 404
10 30 2717
33 72 1779
38 69 743
17 51 1487
22 58 4058
66 80 1556
22 53 570
51 93 1743
39 49 2355
78 94 948
92 99 2974
0 6 4555
26 69 1534
49 91 2278
64 67 1646
19 39 1124
14 88 1416
23 86 924
25 45 580
15 86 2343
45 69 786
68 79 1411
62 68 408
8 77 4419
61 80 4767
36 97 362
10 22 4774
12 19 502
32 87 1811
10 52 3192
3 67 1237
44 56 1084
56 98 2733
2 82 1071
51 78 1868
44 68 1196
48 75 41
62 76 3043
3 75 1940
65 88 2752
70 84 2423
22 68 3582
38 98 2270
5 98 3690
2 38 2932
24 76 2647
81 83 334
37 40 2275
3 89 4592
10 70 3949
24 88 190
12 54 851
11 48 2968
58 61 1319
8 88 2673
10 96 569
47 93 2631
5 73 3096
52 78 602
56 66 2170
22 29 4818
11 24 3369
29 45 1900
19 22 3517
44 70 3894
76 83 3142
25 81 4926
63 93 714
86 98 1421
44 93 4040
33 58 1454
22 49 3883
6 30 3880
57 84 1580
48 94 1799
17 73 4982
35 76 1003
30 31 3206
49 84 1694
24 46 3512
78 97 4882
26 70 3872
22 82 3021
81 95 8
32 59 2072
20 81 2990
15 84 3579
31 34 3333
14 19 1883
17 30 4685
31 66 2303
69 76 2686
83 90 2911
3 80 1654
1 24 2808
27 51 718
40 52 4228
46 47 1756
73 80 2782
32 43 1063
8 37 3678
98 99 25
9 92 1721
9 85 207
21 95 2685
17 93 4382
58 66 3862
34 86 1774
3 7 664
9 63 3647
73 74 4457
19 36 1387
49 88 513
58 68 3820
29 78 4096
41 60 2093
16 71 756
11 67 460
83 97 402
42 60 1320
37 59 4775
84 100 348
54 67 2903
33 45 3419
12 42 473
6 26 3616
37 48 1351
42 98 2015
9 62 560
2 91 144
60 69 249
53 83 1770
53 88 2906
16 47 928
53 68 3004
18 89 3347
38 54 4074
2 35 2625
10 39 111
79 89 3179
61 77 1988
50 73 997
5 12 4513
63 77 3581
79 87 1502
59 99 1284
65 81 3232
21 84 3976
34 81 4254
21 49 1179
2 78 1484
11 52 3461
1 77 4030
4 85 4679
22 64 4244
38 76 1025
47 84 199
21 32 3004
32 83 4117
61 67 1762
33 84 3204
40 87 1970
4 76 4615
0 14 549
63 98 974
29 59 2462
50 61 3903
26 73 4314
24 52 3818
0 56 137
56 61 2618
56 60 3942
54 96 4017
14 32 3914
52 97 729
24 95 888
10 84 491
77 84 14
15 99 4707
39 74 1508
0 51 2821
42 85 4397
29 69 520
24 58 3466
15 88 920
14 31 1650
29 54 4729
86 95 1095
8 65 2102
42 71 4337
12 87 291
13 88 2864
54 81 739
11 46 3596
36 85 3265
38 96 2465
9 75 4369
29 82 3113
45 51 4663
52 96 3213
57 99 1438
25 29 4764
9 39 89
9 61 996
12 28 588
49 75 3066
48 63 2053
37 67 292
4 25 2352
75 87 4607
21 58 4118
46 61 588
23 44 4841
18 58 3154
76 95 4235
27 66 343
19 40 4322
62 83 488
44 94 1357
22 41 4475
32 89 2713
87 91 3459
72 92 4699
25 57 2729
24 41 236
1 71 899
26 89 1785
11 97 4617
3 60 4868
25 39 346
15 33 1870
60 90 3217
0 74 2536
47 74 3360
9 76 1463
49 58 1059
36 75 1245
0 89 1760
20 56 1118
56 75 2947
72 94 4539
9 15 4075
63 92 3008
82 98 3049
17 98 4188
10 16 4625
68 90 4260
25 71 602
53 93 4355
64 74 2773
38 70 2926
10 67 789
60 84 810
2 56 2107
6 63 1308
52 85 4129
16 64 3013
60 72 4828
20 59 4418
11 32 140
64 91 1919
84 88 166
38 53 34
2 30 4621
46 58 1170
50 83 4023
19 37 3635
29 64 4329
14 81 3292
76 85 3699
17 79 2800
15 22 2599
22 67 4378
28 76 2557
8 79 2568
27 85 4437
17 35 81
22 45 1416
25 62 2478
11 33 3955
22 62 4461
34 45 1840
49 86 3939
13 32 801
21 33 2012
13 81 804
59 70 1443
51 72 3497
29 72 3876
50 94 4110
46 70 1732
65 100 530
4 68 1513
15 72 4707
51 60 1127
39 96 4016
50 54 4736
16 100 4548
3 71 1268
61 78 285
36 87 2597
81 93 1304
44 53 1872
51 68 95
6 10 4502
16 92 173
20 96 2656
51 75 710
25 52 4059
47 83 371
23 77 3652
16 72 983
11 59 2224
0 97 4229
28 35 2283
17 21 4894
33 82 3395
39 54 696
45 66 1802
33 47 777
47 88 421
60 99 4677
5 79 1491
18 63 3205
47 53 4418
39 70 3837
30 42 2902
5 41 1960
54 76 678
5 30 1774
35 67 1597
1 100 2525
92 98 2410
3 85 4278
60 77 2562
16 38 1795
9 83 1873
50 63 706
27 79 1908
17 46 4455
57 65 4059
17 60 1265
17 72 40
24 94 2085
10 33 2979
75 81 4471
21 28 4098
34 92 1736
35 61 1307
24 97 334
9 27 275
0 94 3610
78 99 4215
72 73 4931
16 59 3425
57 87 3751
29 43 2356
7 10 1077
14 80 2633
15 100 4049
23 27 3413
56 77 1368
36 47 2413
68 95 3680
58 89 1285
48 62 610
16 91 4860
31 50 2919
3 48 4274
66 98 3200
29 44 194
27 32 3368
9 48 3332
49 82 2510
9 90 2984
28 82 1297
9 60 4765
12 51 275
31 43 4118
13 18 4510
38 94 666
66 85 3737
11 86 1544
11 54 1545
46 52 4895
9 47 4183
10 50 4490
2 11 224
31 57 4253
38 58 4197
49 74 1897
3 92 2857
78 90 3097
13 79 4901
66 90 2371
13 68 4793
44 79 2896
45 90 188
30 73 4133
3 22 4741
4 71 930
4 11 4937
69 91 1509
52 71 1065
41 83 3997
73 76 957
35 70 1761
38 89 3953
56 82 4
24 25 2926
21 91 4643
13 98 4431
66 81 3649
73 99 4960
8 74 1962
30 84 2385
27 96 4232
24 30 3754
6 33 2469
52 93 2543
9 94 276
23 68 1798
49 65 1541
6 90 1968
10 78 953
47 49 476
89 93 386
19 91 2323
3 40 354
61 62 4854
80 97 4362
62 91 2934
80 93 547
18 39 509
54 77 781
47 95 2946
33 98 4815
54 85 2850
12 74 1849
76 88 4569
33 73 4786
0 13 3413
42 89 103
20 72 1383
21 67 2078
44 49 216
36 54 2705
25 41 3372
34 51 4620
85 99 2964
14 64 2468
89 91 2076
83 99 354
17 88 2371
4 86 1669
34 56 4297
17 90 4472
55 88 4344
47 57 2726
4 35 4058
4 95 30
30 95 4490
54 63 2181
46 79 1132
70 79 838
20 29 4059
45 58 3906
34 38 3164
5 71 3285
20 73 3051
47 62 1512
2 28 2989
13 93 54
26 55 3269
60 88 3368
40 88 3256
26 88 611
41 58 630
35 39 2174
20 23 3276
64 76 3089
6 69 1785
68 73 1555
33 56 1384
57 89 3447
73 82 1282
30 36 3976
41 96 3155
11 47 682
2 72 43
73 97 2752
7 23 3566
32 46 2721
35 51 1788
53 91 2823
88 89 3372
16 20 1701
38 81 584
41 59 2337
27 36 1413
5 11 1778
3 39 2339
35 56 1759
2 29 4986
7 29 4
50 79 937
25 94 2084
3 73 1795
11 21 542
77 100 3014
14 53 833
50 100 2071
56 92 4235
21 72 2864
35 37 3584
35 100 3226
9 30 1167
8 30 370
0 50 3763
20 38 2427
82 88 2244
8 34 2340
22 91 2028
27 83 4662
47 48 1483
57 58 519
25 83 2245
58 93 4550
42 92 922
53 79 4005
21 35 2618
50 96 1902
8 43 2156
34 39 2153
58 90 4662
1 44 4080
28 34 1158
1 27 4712
23 79 2049
28 47 1034
44 85 3312
62 90 2155
36 72 442
10 55 4268
26 40 2610
4 12 1472
25 66 977
27 46 2820
22 74 3060
6 98 1989
3 74 4435
22 52 3998
45 94 749
19 100 3037
76 89 4524
63 87 516
53 84 4614
4 59 2395
16 44 2612
12 78 805
7 89 1359
15 37 4687
9 13 3956
5 91 1958
30 37 710
24 86 1119
3 55 1166
44 76 2812
36 88 2853
30 85 835
65 97 2806
34 60 2990
26 58 1294
3 47 3281
74 78 528
33 41 362
6 96 475
43 81 3401
42 96 2699
7 53 4480
6 59 1381
15 46 4958
93 98 4026
7 16 203
46 100 691
30 83 1005
10 14 4393
61 75 1183
69 85 1948
53 98 1282
3 69 1318
4 60 1374
2 7 890
22 27 2864
58 76 4295
15 54 1512
9 95 1984
33 99 3907
67 69 1745
83 96 3191
61 69 4180
53 78 886
11 69 1698
8 42 4313
34 77 3789
34 37 4440
0 67 2628
68 83 287
18 96 3243
74 96 2722
60 62 375
24 79 1506
7 39 2652
0 62 2896
11 99 353
6 35 2437
21 83 207
39 40 1707
0 26 4120
32 94 763
19 73 4550
31 51 3468
10 20 2147
13 26 3924
19 43 3592
8 28 224
49 73 4197
33 67 3305
26 46 3181
44 77 1507
89 90 2431
2 96 665
67 82 1978
79 95 2704
9 46 1620
14 84 3010
5 97 3735
75 97 4498
33 54 2465
22 50 486
39 58 3698
73 98 4531
19 64 1738
95 100 1102
30 50 239
47 96 1035
74 76 3900
38 52 1764
5 48 4370
24 93 655
9 16 3809
16 87 204
73 87 3875
30 32 832
22 26 2
7 46 4803
60 92 4704
62 81 4979
22 24 3765
33 34 1692
14 16 2340
4 98 157
52 92 2749
41 43 4042
1 10 3485
48 97 1467
90 100 1370
4 38 984
57 71 2757
52 68 199
1 86 626
28 62 4130
36 58 585
61 81 530
38 43 3903
53 56 4704
32 76 124
21 23 122
2 71 2517
21 96 3097
40 46 4663
43 53 1425
17 68 3954
2 13 2596
9 20 163
18 53 67
53 69 3607
5 67 2957
2 77 4416
60 78 1487
3 53 1026
8 26 458
1 62 643
4 13 3731
42 83 2189
12 65 375
51 98 2322
39 57 3036
79 90 4741
69 78 4934
76 97 3542
37 51 2026
73 90 3907
31 58 2466
27 48 4225
10 36 1072
18 54 1382
41 61 3077
15 53 2405
43 72 3882
24 72 3029
66 99 276
26 52 4702
5 64 2903
27 58 10
25 95 2820
23 99 2710
3 38 3871
25 36 163
12 18 4965
53 97 4778
42 82 4477
16 41 1025
42 78 565
43 86 933
13 33 4371
60 64 3704
39 59 2023
77 80 4901
1 40 405
52 62 2224
0 35 698
68 70 4654
52 60 3725
17 22 2854
29 76 1793
23 45 388
2 59 3738
39 64 433
13 70 359
1 45 2780
6 56 2792
12 44 609
33 64 76
11 34 3066
49 57 4318
63 68 495
60 98 849
41 49 3033
83 95 1730
44 92 851
47 65 816
27 78 4775
68 77 3511
1 95 2901
10 27 1135
1 46 3962
19 68 777
9 72 3497
31 54 1661
84 97 870
27 99 4494
14 51 647
17 99 1094
25 97 4190
5 87 4570
14 100 1050
2 48 3686
32 65 4145
6 41 2759
66 86 1015
65 70 2349
16 32 1224
4 56 3807
28 74 4069
36 56 1981
79 93 1620
43 55 2669
75 78 578
43 83 689
62 93 4514
38 93 3762
23 97 4248
12 83 2710
48 64 897
2 36 2406
18 82 4878
36 100 2161
42 77 3681
3 25 2730
23 96 3571
41 54 2822
32 34 3275
4 26 2286
19 60 1569
40 72 2544
56 78 2688
10 81 2240
8 55 4267
65 95 574
59 74 1959
24 43 86
53 67 3743
14 93 271
37 97 3788
12 68 1650
58 77 4917
23 59 4741
20 49 3324
32 90 3537
49 54 3686
74 93 3160
30 100 257
23 42 2055
66 71 1737
75 93 3586
54 88 834
54 95 1037
72 90 1916
38 90 4700
41 100 4950
56 100 1022
74 84 1556
48 74 4843
43 82 4876
29 73 3742
15 31 2436
14 78 4148
19 83 2539
34 62 4665
57 73 4357
78 79 4544
69 93 891
67 84 1192
48 73 1080
46 62 4076
48 86 4708
52 69 3963
3 81 2078
47 60 2708
23 81 519
20 71 3718
25 92 1058
22 88 1776
26 65 740
18 25 4628
5 54 4620
35 98 1482
38 49 3117
37 85 186
29 79 2909
31 92 552
51 99 3023
75 80 3203
96 100 2742
30 69 636
44 55 3980
18 64 4876
72 88 3930
80 85 3674
29 62 1287
77 81 4575
47 72 169
32 84 1743
13 91 2267
29 63 1331
28 73 3242
45 95 3014
6 21 4329
10 21 2967
36 45 2300
80 89 3492
83 100 62
30 41 4563
27 69 3966
10 63 777
14 29 1134
7 8 3506
19 95 3950
7 81 4616
60 89 806
30 33 478
50 90 4638
7 64 3537
4 80 2094
30 71 3133
22 60 2358
37 74 1834
5 88 2598
43 62 1660
4 89 229
53 70 2083
1 67 3632
39 53 899
62 78 1861
31 98 3943
46 68 2074
84 98 1562
15 85 3201
27 38 272
19 26 3553
18 22 2819
23 58 3373
43 89 4591
73 81 2790
20 46 2698
7 52 2517
21 42 1859
8 58 1228
19 35 932
17 29 2998
49 56 2444
72 85 1686
2 94 4997
43 66 4320
55 89 1942
45 83 2991
34 97 806
63 72 1218
9 26 3063
22 51 2421
26 66 4426
4 36 1466
8 47 761
34 82 2729
13 63 1895
38 74 4322
6 14 639
57 94 2373
14 41 427
39 77 1582
8 99 166
70 86 3333
32 93 3687
59 75 3261
29 71 4331
10 68 4636
21 53 1964
67 95 3842
34 46 2650
18 33 91
65 78 4984
43 60 1727
39 79 1690
10 44 3970
16 56 411
21 85 4791
27 89 476
0 61 4750
17 69 2528
4 84 2024
23 51 2628
10 83 728
45 48 4944
43 45 1860
41 84 3526
25 80 3323
91 99 3246
33 71 4584
59 91 3998
7 49 1129
44 97 3276
49 61 176
2 64 3688
14 61 4167
35 47 1570
60 61 2779
18 75 3242
34 67 3903
21 29 675
25 68 2664
65 74 274
0 30 108
68 85 3086
20 80 672
47 51 4916
38 50 2233
63 66 1256
12 36 4458
20 32 3386
20 95 1792
11 38 1093
14 98 3500
4 21 1511
30 97 486
15 68 1256
19 92 2986
22 59 1223
45 84 2100
49 81 1057
1 33 2750
27 41 992
5 69 3376
8 70 2134
4 64 3976
64 96 1426
47 100 4863
40 53 2327
33 89 3666
0 99 2008
48 76 808
87 95 3643
77 83 3790
35 45 2953
30 91 1966
37 91 4010
9 80 3695
34 42 1697
37 45 4968
2 51 3228
16 34 3092
41 46 3785
68 91 2402
11 87 3932
80 87 2830
50 84 3099
5 9 3472
12 76 2874
32 33 993
58 98 1863
66 97 464
36 95 1916
29 99 462
25 46 4108
14 97 1079
98 100 2344
36 74 1028
0 86 2709
6 48 2110
32 73 72
3 9 4941
18 56 1949
93 96 2006
11 49 1772
46 82 233
15 26 276
21 88 3264
14 17 3887
9 100 3039
21 69 1284
13 45 2778
15 75 2815
46 95 4847
26 68 2722
48 71 3202
5 66 4618
6 28 3995
8 35 3091
31 71 2642
80 99 4157
37 81 4471
7 86 1982
5 89 740
8 39 1708
28 52 593
35 89 3099
27 30 1673
78 95 2375
0 16 2177
66 96 3441
15 58 2338
8 64 2243
18 71 4398
30 79 4072
53 94 4366
47 68 4886
29 35 2998
9 67 2150
13 71 2703
13 19 3691
6 68 3486
44 67 1900
50 78 252
4 79 4367
48 65 3281
38 61 4138
40 94 3035
50 52 1466
47 73 1336
31 90 98
51 66 2271
4 67 1400
21 90 431
12 52 289
34 69 4380
18 74 1247
1 56 253
16 30 4576
50 69 3540
26 34 381
45 85 1792
28 40 3848
37 78 550
65 89 3912
79 92 1243
23 56 2897
51 81 4198
0 52 4957
45 86 4650
31 99 697
38 77 2656
33 65 2766
20 51 2139
56 57 1802
22 70 3676
7 27 3829
26 75 196
58 83 2286
11 57 2036
5 80 1066
36 81 1569
67 88 1098
63 70 2001
53 80 2346
16 77 4387
58 59 1532
18 55 51
52 89 2766
38 92 3282
3 91 885
58 73 4658
67 91 2107
74 90 1635
23 61 4409
59 67 4476
16 27 2529
69 70 1954
14 39 2748
7 33 1579
49 79 1848
54 72 4019
20 66 2136
11 42 3246
16 99 386
25 73 1764
13 58 1037
1 93 3392
85 87 1290
54 59 4412
23 87 295
19 88 311
9 18 1694
73 79 1763
43 48 3424
74 81 3520
82 97 1957
12 86 637
22 25 4454
61 97 4509
22 32 1216
6 31 1326
82 87 3339
6 55 4769
28 55 4874
72 79 3849
66 78 1635
43 99 4712
4 57 4879
13 96 3406
13 29 3278
16 22 581
56 76 1285
60 97 4590
14 57 572
36 46 3755
50 57 4117
31 89 3826
13 27 1529
4 49 3126
34 100 4524
46 67 3811
10 24 178
13 92 3614
20 50 1370
16 40 4188
79 91 2450
28 32 1055
11 14 4703
8 67 4719
64 81 1297
43 74 316
7 36 1776
14 62 3501
21 76 2716
19 61 128
3 49 4400
5 100 2931
7 48 4240
1 36 3071
21 60 2707
21 51 2696
14 52 3418
26 100 2689
36 92 2966
46 90 3987
25 33 322
59 87 1380
17 26 338
36 63 835
11 92 2892
25 50 1360
74 100 708
84 89 2957
57 83 1825
7 75 4629
76 90 2977
15 20 4749
7 54 1389
1 49 3630
31 63 1352
8 13 3681
21 55 3056
32 51 4479
12 13 2037
35 79 770
79 97 418
14 42 2120
18 67 686
61 94 4614
81 87 2396
3 70 4002
68 84 136
56 62 1068
32 54 4159
28 88 2182
16 39 693
63 90 2115
31 46 209
20 75 710
0 95 4375
39 71 2714
36 77 2359
57 68 3962
26 94 1168
26 41 1493
19 58 80
3 79 4712
11 19 331
43 44 3466
78 82 375
18 72 3087
8 63 91
14 26 4938
87 92 3065
71 92 2303
53 75 1421
0 15 3897
40 50 738
21 73 2564
32 60 724
5 44 3374
9 73 2687
67 92 3409
63 85 1722
51 84 4570
35 72 3820
45 54 338
22 93 1929
35 87 3482
86 91 2658
9 28 4783
28 85 3699
40 59 4428
31 60 491
67 70 2207
7 20 136
3 24 3413
16 83 2721
53 58 1719
85 96 4924
28 100 1972
31 59 2273
41 56 1890
43 77 4
36 43 4241
3 30 4499
26 71 3730
37 41 4144
16 62 2982
4 50 3142
34 57 2077
84 86 1570
7 66 4123
14 95 545
6 24 2978
31 32 18
13 41 3861
28 77 302
20 93 2879
62 79 2220
6 81 1857
53 59 931
20 53 2308
3 93 4431
35 80 2702
53 99 2643
11 74 4983
46 91 916
32 80 2503
88 90 170
18 76 3331
0 5 1256
3 23 902
50 93 3367
56 83 428
6 93 1206
69 96 3344
59 82 2767
67 89 3566
39 65 2457
18 21 1295
36 51 4756
39 100 510
1 59 4891
29 100 2343
31 70 1417
9 64 4901
51 80 2333
34 41 4236
9 38 3096
3 18 3173
29 86 3537
42 90 2559
19 74 3444
29 36 4425
61 73 737
46 57 3706
52 100 4578
52 87 3269
49 55 407
65 91 2636
52 90 1058
19 50 4757
30 66 856
0 93 2349
27 91 230
16 46 1353
51 79 961
24 82 4955
51 90 4719
31 37 2281
24 42 1335
8 85 1804
53 64 990
7 35 702
21 46 1155
1 54 4515
42 49 3621
42 88 4642
37 88 544
34 54 3911
1 97 3853
81 100 4810
50 99 2907
10 72 2371
47 75 139
86 99 3759
4 41 3066
23 90 4336
54 86 3283
33 63 1173
7 82 330
37 70 1374
7 88 14
40 84 643
9 14 2333
33 57 2037
70 87 2823
19 87 3112
12 90 1340
10 56 2802
42 45 4695
2 92 1922
20 47 189
10 40 4919
15 24 1721
22 56 2609
15 52 4491
0 91 4956
47 52 3327
20 99 2022
13 52 3852
25 91 1587
27 31 4939
20 79 115
57 79 283
45 60 4086
36 84 1315
27 64 3538
59 69 1635
20 90 67
27 81 2181
43 69 2752
37 55 3081
24 61 3568
32 96 860
38 84 4606
71 86 2599
57 93 957
23 74 1810
51 87 2891
29 52 2909
87 88 1291
15 66 2546
71 81 782
17 44 4915
30 61 1016
18 31 1837
39 51 4920
1 23 1255
80 82 2948
41 81 2205
11 98 4028
70 76 779
55 62 3299
52 67 3560
7 28 3603
7 17 3785
61 88 567
49 83 4625
5 31 2913
56 88 4382
9 49 3568
25 87 2582
61 66 2865
29 55 1810
44 69 2984
95 96 385
11 76 3930
29 94 2452
45 56 1762
45 97 2415
36 53 4445
11 26 191
29 47 1434
37 79 581
72 78 2967
44 74 4653
10 19 708
70 83 4150
21 31 689
13 39 864
34 95 2065
23 40 2534
1 69 3003
53 71 4445
53 77 3809
46 55 4355
9 88 668
8 97 3416
21 25 3851
41 92 1226
62 66 4313
41 89 1745
19 82 3134
87 100 1182
74 91 686
27 75 516
51 83 3190
38 68 3246
80 91 14
48 55 4266
2 18 2933
34 43 4557
23 60 1949
46 74 1106
86 93 4600
0 29 4407
16 45 1512
35 57 3296
43 67 2130
60 93 1493
20 76 4084
8 45 2913
30 59 2835
15 28 4537
5 86 1964
53 96 1565
32 66 4789
1 13 1817
32 82 1874
40 80 4197
62 64 4895
55 73 1671
63 88 2019
10 79 66
2 98 3474
81 96 3209
64 80 655
26 32 2994
7 9 2311
18 87 3747
69 92 1645
54 94 4371
52 58 1978
71 82 4066
80 83 1023
40 97 1611
40 95 419
6 94 4044
18 79 2306
29 75 826
22 31 3351
9 31 1307
7 26 3270
17 94 4862
92 93 2104
55 96 3690
27 63 311
60 71 1061
47 50 4206
50 60 554
20 69 3869
7 59 2751
45 75 2718
0 83 3904
7 96 2749
11 79 3782
25 56 1103
25 100 284
42 94 816
17 80 3071
21 80 1035
35 48 2901
21 38 2069
0 90 2144
9 54 3245
7 98 3691
30 86 3350
33 79 2224
58 60 865
19 51 2367
65 67 2187
52 74 3101
62 74 3971
81 98 1694
28 65 2960
26 83 1561
16 25 329
61 82 4852
17 49 1603
7 18 4722
67 87 3733
51 96 2515
59 64 4872
3 31 4723
37 62 3557
30 48 2137
24 29 1040
39 87 2426
16 33 3091
17 85 4876
23 72 2097
8 98 424
12 37 2008
14 94 4461
43 52 4147
55 75 3756
29 88 3512
0 49 3985
17 86 3833
59 79 2786
39 85 4413
36 42 4285
6 58 3988
39 47 3435
6 22 1724
48 79 279
3 56 323
52 59 1732
33 91 4249
11 64 4863
0 65 3173
53 95 1475
71 80 3433
5 46 1405
33 97 2109
31 36 4817
35 41 548
77 79 2445
92 94 2392
41 91 1909
35 53 2495
64 97 3262
8 100 4254
29 97 996
50 56 235
28 60 4676
21 30 1000
25 72 1187
45 100 866
15 45 1355
6 60 940
10 37 2084
52 76 3048
13 17 2835
40 51 3279
12 17 3133
25 77 54
17 20 3636
8 54 2183
34 80 3479
13 50 552
32 53 2501
44 54 2251
35 74 4176
41 85 4894
14 76 657
42 95 296
69 73 3834
1 85 3335
21 27 407
39 91 1528
52 66 7
85 89 1202
57 78 2172
22 54 505
33 55 1277
3 51 792
18 92 2443
69 87 736
20 28 3786
39 84 3376
99 100 3844
19 54 2232
8 25 3780
68 75 215
73 86 349
48 89 552
4 32 1894
1 91 805
37 98 3008
35 40 4016
45 49 3936
31 86 3365
30 93 1689
18 90 4807
55 72 97
20 42 3219
2 84 3037
62 85 3554
6 27 1888
70 73 227
37 43 758
3 77 3998
5 58 814
2 66 3830
6 29 3139
8 87 2530
27 54 2747
75 84 738
12 41 4814
47 79 1231
37 100 37
5 60 1245
13 21 2027
24 91 462
34 70 2157
42 79 106
1 17 2487
83 86 571
73 83 3445
12 84 3667
46 50 4865
38 72 4276
8 40 4370
50 72 465
50 70 2338
8 53 3262
41 74 2493
42 99 3412
25 67 4157
16 82 163
57 63 1030
46 96 1638
65 90 979
62 77 3210
22 65 4605
21 48 2945
23 41 2047
31 74 2932
1 76 2943
12 16 114
40 61 4638
62 75 1558
61 83 1477
31 52 941
53 82 822
8 86 4839
17 61 2309
14 92 1275
13 40 3935
16 94 137
29 90 7
12 67 1436
11 93 4606
12 61 2965
63 96 745
4 93 1252
40 81 1651
43 95 2761
14 96 507
18 50 2415
13 80 4998
26 30 1077
27 95 4067
4 55 355
0 71 1340
45 76 4799
78 83 4215
44 75 2697
24 98 532
14 46 2623
60 80 704
17 55 1108
52 54 884
63 78 725
60 83 363
2 33 3994
1 47 2306
6 49 2751
36 39 4495
9 36 4395
23 24 2904
8 29 3500
28 41 1092
21 52 553
2 25 3874
7 93 408
74 98 837
8 68 441
28 64 2776
45 77 3680
69 80 802
17 31 3383
58 84 2703
37 82 4257
72 83 2571
63 89 3060
17 76 3255
72 86 3527
4 53 2847
15 44 3524
47 87 2355
46 63 2698
58 65 3084
28 89 1182
54 84 3178
62 95 2410
74 94 3276
28 95 4840
5 95 3824
21 45 4799
42 47 594
32 97 442
0 22 1136
16 54 1054
67 73 4587
43 85 4049
77 85 454
16 58 3520
49 76 1058
1 98 336
36 68 2956
38 83 1549
15 32 3712
73 75 3769
15 34 3217
17 71 2512
6 99 2640
27 53 205
10 58 4741
6 65 988
70 96 1008
88 96 1492
76 99 2957
65 99 3994
45 57 3707
68 76 145
9 81 306
28 59 49
55 99 2012
17 27 2233
66 75 3295
8 11 4473
86 89 3053
59 95 4716
7 83 2178
56 58 2747
2 14 4143
63 79 4484
23 80 3361
48 59 4222
0 57 706
10 17 1112
9 74 4557
4 6 4717
6 87 3124
10 69 460
46 72 1177
6 66 4928
1 80 4112
28 93 1966
56 72 3068
26 36 230
31 83 809
44 91 2519
22 23 2120
38 79 3396
5 15 700
55 65 1291
40 75 4402
11 96 2933
41 48 4499
22 81 4455
52 94 439
13 31 4888
19 77 1958
85 95 1777
14 45 461
61 68 2047
3 42 1435
19 69 1605
20 65 1167
61 98 959
50 62 558
47 98 1217
23 85 3493
78 92 3126
86 100 505
2 90 3042
24 92 1677
14 74 4066
11 12 1637
54 60 3060
62 86 962
56 85 4900
35 68 1737
1 99 943
3 66 2113
51 94 4498
63 84 4181
9 51 2656
11 84 2451
2 42 4981
8 94 3108
1 92 2439
22 99 2709
31 96 1262
26 64 906
64 84 3415
18 59 1933
12 63 2275
60 75 3945
48 81 3043
49 80 1710
20 85 408
64 66 2358
21 98 129
37 38 891
54 98 1583
15 27 1818
45 81 1743
42 76 4341
21 86 583
35 64 4436
30 53 619
62 97 2948
29 96 831
27 47 9
49 68 3510
26 61 3317
34 53 368
33 85 2848
34 47 1886
35 83 3436
18 48 1637
86 88 3594
51 85 1927
1 35 1082
16 21 2905
67 76 4041
0 98 936
14 30 2857
94 95 1780
1 66 75
70 88 3355
37 42 4560
63 74 827
36 50 439
17 75 4797
30 58 4221
15 64 2358
46 98 2720
50 88 2142
78 84 3226
4 51 933
53 57 4806
34 79 401
33 53 4706
73 95 2779
39 83 4850
25 93 585
89 92 4720
91 97 3342
36 38 427
51 77 3797
16 78 550
32 81 2592
96 99 1811
35 65 1195
38 48 3965
19 63 1042
61 86 4037
75 94 4274
82 90 820
36 61 4685
58 62 4711
67 96 3756
3 34 1058
21 68 3145
14 49 2113
1 60 4793
24 87 3160
59 98 2383
4 37 1928
50 75 1574
69 72 4270
47 54 4857
29 30 693
40 64 1803
32 55 3409
27 74 49
47 56 4044
10 42 4338
27 59 4829
71 90 1539
24 100 4658
61 92 2789
16 23 1647
0 66 3255
39 89 216
4 30 458
4 16 477
20 63 105
27 80 3337
36 37 1833
38 78 754
34 78 4847
57 61 1152
43 94 322
74 97 2937
85 92 28
71 95 4074
16 95 3443
18 77 1208
59 81 3563
67 75 3324
47 61 1499
7 60 1247
11 40 2648
9 55 3156
62 73 3782
0 70 3839
5 84 2843
7 71 3345
42 48 4529
19 66 3136
34 98 137
47 86 1232
66 79 1907
13 25 3205
28 83 2692
21 40 3543
6 78 228
15 96 4140
62 87 1208
11 39 1876
15 40 2328
1 4 2901
23 29 2110
26 27 156
78 100 2762
36 86 28
38 65 3251
31 97 4051
26 63 2534
22 35 2102
7 43 2190
2 76 2854
25 61 4695
0 58 500
57 82 1107
57 59 4551
38 86 785
9 44 2366
69 99 962
0 54 3478
16 24 3020
11 30 457
7 94 1672
82 100 484
29 85 3721
4 52 3777
57 91 2919
57 85 4669
15 69 1318
51 67 441
13 37 4495
19 29 4613
8 80 2139
29 39 1839
23 65 3888
10 97 4645
16 67 1768
42 93 1112
69 94 3505
43 73 1563
7 77 2
45 61 4151
13 24 1658
10 47 2836
12 22 4022
59 77 1123
10 85 1161
3 28 201
60 70 1418
35 69 1438
38 57 3268
71 87 4224
76 94 3203
58 64 3091
33 93 1013
54 92 1410
14 33 4117
40 92 3537
57 90 3006
72 75 1995
41 87 2801
84 85 611
11 78 1107
64 82 2254
3 54 3601
62 72 4497
12 96 2128
1 74 755
16 97 309
41 98 2854
37 50 2536
47 59 215
41 73 4224
54 56 4065
12 75 3420
6 15 3538
12 66 4524
43 87 3126
25 43 3638
46 93 4250
8 49 2526
57 74 2770
40 100 1303
37 65 1357
79 80 191
15 77 3877
34 87 4710
19 70 1560
21 36 2863
19 21 4021
11 35 952
76 98 1462
9 43 2537
42 97 3875
6 79 1933
55 76 2233
54 90 1735
14 58 901
9 37 452
35 55 2100
52 95 2524
1 63 3052
2 70 382
6 13 1906
26 79 4661
49 51 4503
71 76 4189
13 62 4026
75 88 1445
61 63 3012
9 93 813
24 74 1661
4 17 1083
51 57 1756
11 37 3463
55 83 849
75 86 766
52 56 2068
36 41 3890
52 98 2745
20 55 3875
7 84 1445
58 82 1031
3 27 2990
45 78 995
10 28 2876
25 31 2069
3 12 722
35 54 2678
64 93 2646
48 51 1743
46 99 3533
28 69 1874
23 53 4162
30 62 1551
25 60 4179
81 90 357
22 40 4095
39 42 3587
34 71 3134
30 45 4450
16 29 4590
59 76 582
6 45 1245
15 91 602
17 100 1044
16 61 2737
82 86 2710
10 46 2625
5 42 2138
78 96 2338
17 67 3618
56 93 2561
15 49 2523
61 100 2506
28 54 1337
22 76 1370
0 39 3268
20 41 4222
3 13 2248
25 75 2335
12 71 954
16 88 2899
35 86 2026
7 11 2039
95 98 508
60 96 2933
31 61 1974
58 75 1721
66 95 399
17 41 1156
25 26 4327
23 88 4625
50 51 1255
3 17 4735
50 86 1170
36 66 1643
27 39 1673
12 26 4679
14 73 2237
29 53 1853
5 76 2163
22 33 3347
9 96 2832
45 80 3045
11 43 2803
11 70 275
6 47 1278
40 96 26
71 83 2529
50 74 344
21 56 3106
10 98 4772
2 24 2799
27 82 1109
19 32 544
6 40 739
38 95 2333
43 63 99
11 44 2515
8 95 4319
33 86 152
1 73 631
10 86 2665
37 80 160
18 93 4028
39 46 3831
6 100 2040
38 66 4367
54 80 3947
38 45 3299
60 79 2125
24 49 1610
16 98 2387
36 40 2098
43 75 4120
43 80 3803
44 48 4744
16 69 4695
22 72 2090
0 46 384
54 74 1241
9 35 1265
2 81 1538
7 40 2422
11 94 2386
1 32 4127
28 78 3823
27 42 159
90 92 1795
60 100 385
27 70 3956
76 80 118
10 82 3490
3 33 4326
45 74 490
51 71 4975
56 68 2715
47 55 2932
34 65 3360
1 9 1256
83 91 1998
15 57 4885
1 61 1118
36 67 3782
18 26 710
48 68 1712
32 79 3132
38 67 4731
37 84 2213
65 79 817
33 78 593
30 63 2355
42 57 947
76 78 3012
8 22 4360
39 82 200
19 24 1137
41 71 1009
30 68 411
73 93 494
75 82 2297
2 68 3672
53 74 3534
3 100 2286
51 55 3683
61 64 3432
75 99 1101
35 99 142
24 39 3055
50 77 2841
5 51 2593
48 50 3765
55 57 3976
4 48 4863
0 55 60
12 38 4163
5 57 4954
2 52 1247
37 86 247
30 46 2229
88 92 2148
19 47 2589
29 77 179
65 71 2899
32 49 1617
8 75 3083
49 90 3477
25 59 1817
2 50 88
61 76 1859
5 28 1701
23 84 4845
41 44 2682
77 94 1254
30 49 2198
32 50 1408
29 68 3870
25 34 1394
71 73 2364
69 84 2103
16 55 273
23 38 3244
49 66 310
1 15 4451
14 70 2672
33 75 262
40 44 3505
8 59 2892
76 77 611
2 20 1669
9 87 4006
19 53 1590
15 35 3688
11 56 1495
70 94 847
58 86 4502
21 24 3954
4 5 1676
0 32 1121
35 59 665
74 83 2302
15 41 325
26 77 4556
6 25 1657
50 58 1858
91 96 3434
6 85 1565
21 64 4780
52 91 847
6 18 131
57 100 2345
25 40 1097
29 32 1985
10 90 2224
7 56 4282
19 90 2174
0 12 603
34 96 2678
40 65 3282
54 62 2511
13 43 381
43 70 3648
79 81 3258
0 38 4883
4 100 3335
32 35 1978
24 44 4831
32 64 691
1 29 314
6 76 1526
15 65 2242
48 95 2939
69 90 1642
72 95 1519
35 77 1995
14 85 2240
4 74 1574
49 98 85
6 9 4186
58 100 2568
29 46 3685
4 19 1525
27 56 272
24 47 3391
49 92 613
47 91 1402
33 60 1685
39 94 2615
56 97 1975
40 45 3762
49 85 4260
5 39 2085
13 89 3664
47 63 3935
5 72 3790
79 83 238
6 75 3802
83 98 4545
30 96 700
10 77 2416
26 29 1129
42 53 2019
58 95 3340
64 92 2610
2 47 174
22 34 2385
35 82 3059
10 25 283
91 92 3101
10 65 2904
37 57 3297
80 96 3928
40 74 3572
40 73 704
2 53 1689
22 42 1119
61 95 4297
7 19 120
50 89 1388
71 77 1796
0 19 1884
11 62 1286
23 71 1964
63 75 2733
13 95 3268
72 77 1855
44 59 3341
71 78 3614
49 96 2180
3 57 543
30 87 28
55 92 1734
36 83 4246
26 82 4348
3 83 2827
16 93 4683
39 55 4033
59 73 812
74 89 2685
29 56 486
51 74 101
35 75 2433
68 96 3177
66 69 4574
70 97 2426
1 14 643
86 92 4756
10 49 1965
22 86 2196
43 96 1052
1 8 656
32 41 1839
2 55 253
77 82 2909
7 76 4699
46 71 1711
6 73 1010
34 35 454
24 36 4348
13 99 4983
31 62 1872
82 96 2923
4 63 3962
88 94 2007
30 81 2765
14 86 2028
19 98 3880
16 90 3198
40 67 1369
3 37 832
26 59 2100
8 27 855
63 83 1595
3 90 3457
50 53 993
8 14 1782
88 99 3230
4 91 3219
26 57 2233
25 82 3154
43 47 4022
92 97 4405
10 93 2176
34 52 4538
16 52 1541
6 86 2876
40 55 1838
40 63 4531
42 87 959
42 75 3724
22 44 783
68 88 564
11 77 844
63 69 2029
34 84 248
60 86 1629
18 80 1590
14 36 4494
80 98 2517
54 70 3948
76 82 3753
37 93 3780
0 92 3611
3 97 4737
6 97 3395
7 12 4512
49 97 717
74 85 4486
33 37 4313
52 83 2380
48 82 1988
28 33 676
42 67 2782
32 78 346
5 13 2188
31 35 337
37 64 200
4 20 3499
0 41 1240
12 48 4332
16 84 4601
4 7 1449
56 70 1591
80 90 4398
28 53 2125
9 42 1761
0 68 3275
10 99 1508
89 95 4870
56 74 1037
48 100 2454
44 78 4540
42 74 4670
3 63 1745
39 88 2915
23 50 2367
15 30 4913
40 57 3337
9 33 3644
4 15 1927
60 65 4572
0 80 1166
70 95 323
41 57 2436
82 93 3612
31 39 1518
14 21 2778
58 85 4645
22 61 4466
20 24 395
30 90 1748
12 33 4390
49 87 2424
31 44 1180
46 84 1331
43 58 4612
1 11 1122
79 88 3020
70 100 2505
67 86 4350
79 84 982
21 61 2104
8 56 960
18 68 690
28 45 3839
27 37 849
41 50 359
6 67 4953
7 44 2229
9 19 707
11 90 4415
42 62 2189
90 94 1123
14 28 1157
2 79 3901
33 39 520
9 52 2260
34 93 4027
3 59 2168
24 40 4792
26 54 4786
71 85 2895
29 81 570
15 16 1175
55 94 1706
37 76 4839
31 80 3717
57 64 2102
55 84 4955
28 75 359
28 58 1829
38 88 3831
24 63 4107
25 28 2992
31 65 542
2 23 3356
39 99 2707
25 55 3148
17 74 2410
30 64 1776
29 80 1352
3 65 4533
2 58 439
30 75 3435
69 88 4367
3 15 1743
9 11 4721
14 35 3847
29 93 1780
64 83 554
1 48 3949
39 61 2495
32 52 3188
6 61 4153
36 55 3573
53 86 3269
9 79 4461
19 71 4024
24 80 3118
0 31 1803
61 70 2130
72 89 2247
82 91 4670
34 74 578
43 65 1441
26 99 4171
19 67 1818
56 69 1871
44 72 2652
13 44 3037
43 100 864
77 86 1262
23 98 235
30 54 4987
5 29 431
18 52 1360
15 93 234
21 87 428
18 23 3503
27 35 2925
26 56 1608
28 48 1712
17 54 3370
78 88 2161
29 38 4069
22 39 4978
1 78 3951
14 69 657
35 85 2024
9 82 4429
6 70 1050
2 4 4879
11 75 2905
20 74 752
44 58 4602
45 63 4226
38 100 3244
11 72 886
39 76 2538
65 87 1379
33 66 3857
15 55 3692
75 96 1732
23 36 2184
51 91 3511
7 37 78
0 59 4558
55 69 4511
29 51 2062
48 67 138
5 33 3049
12 15 1279
61 84 1249
3 78 2515
70 72 3443
4 69 3087
6 83 3024
49 69 3616
56 67 2150
45 55 2195
87 94 2489
83 88 2868
44 50 2363
15 48 2246
68 89 4980
17 89 455
57 72 3767
24 33 456
27 68 855
5 61 1076
6 84 1340
2 62 1224
58 71 3338
15 17 1684
20 98 2080
74 75 1504
76 92 3663
19 44 2097
53 76 2836
11 25 1485
36 60 3751
66 84 1575
52 80 1139
16 48 3742
64 70 2034
93 97 3753
32 98 2887
41 67 4148
4 75 3030
18 100 613
34 50 3902
6 36 2498
69 79 299
67 77 1270
50 76 3588
24 71 1128
46 73 131
33 83 3562
27 50 1943
7 38 1085
59 68 4817
9 45 1247
34 63 2930
24 55 344
24 75 869
51 86 2283
10 54 1709
61 99 1112
40 69 4799
66 83 2601
38 59 1703
18 45 696
64 73 2276
32 37 38
27 93 955
50 92 2746
4 23 2543
68 100 2476
18 35 2017
36 48 1985
44 88 2925
4 62 3328
52 57 3181
70 99 3682
13 90 2706
31 55 2035
3 16 1136
52 63 1750
10 95 3665
12 59 833
42 86 842
12 89 3425
38 46 4089
33 81 4036
31 53 1301
69 100 2127
27 33 2328
22 75 84
22 96 2189
37 53 1868
82 83 2604
4 45 2294
63 80 2699
22 94 4018
20 37 1407
35 90 4403
26 60 3052
2 17 440
94 97 4254
23 95 1511
69 81 4404
3 87 2008
46 94 1351
52 88 4869
76 87 1731
6 42 2822
41 90 1602
23 54 4033
31 77 4763
8 10 4725
26 51 4370
0 10 1605
41 63 4661
59 89 2751
35 38 4221
79 100 3381
21 59 2362
14 79 4967
63 97 2705
22 48 4991
31 82 522
56 64 2428
79 85 1934
7 32 1865
8 38 94
15 83 3239
35 93 122
3 26 4676
12 55 3269
85 93 2334
71 89 1632
2 5 1339
8 62 1214
2 44 628
36 96 3763
19 28 188
61 90 4033
26 97 3435
24 38 3017
60 95 2645
58 92 3359
11 55 4223
12 21 4953
71 99 2690
49 77 2176
33 87 4998
12 23 3629
93 95 3862
77 98 3110
18 30 4383
31 100 3729
30 89 1549
24 50 1294
32 57 2699
7 31 2241
41 82 1945
12 93 1764
54 91 4450
62 80 661
9 97 4583
72 98 1415
5 36 4410
84 93 2200
77 96 4522
23 100 3097
70 89 389
62 70 3447
52 70 1044
30 80 784
39 81 2940
90 97 299
22 55 1901
19 52 3387
7 73 4017
12 72 1350
25 78 3364
0 85 2839
29 95 4059
48 52 3794
20 77 1160
44 95 2951
65 75 2279
63 100 3464
3 20 1382
51 76 556
59 78 4332
22 37 1519
14 83 3287
19 72 2216
32 45 4520
5 81 1568
46 75 129
31 41 3970
25 53 184
8 93 1523
37 83 2782
51 97 2247
46 51 3621
28 97 4363
12 49 1318
0 88 4469
46 89 3509
0 73 1239
34 91 1634
51 53 162
70 92 4607
14 59 1190
19 38 2216
37 90 3611
18 66 1175
17 53 2296
10 57 1728
81 94 3498
50 82 3579
6 19 3127
