1 99 4950
0 66 293
2 0 3254
3 1 2586
4 0 2227
5 3 4383
6 4 1503
7 2 3600
8 7 3320
9 4 748
10 0 426
11 5 4220
12 10 4184
13 4 4814
14 9 2918
15 2 1369
16 15 3810
17 6 351
18 8 3273
19 2 3406
20 1 2469
21 14 1871
22 17 1507
23 14 3392
24 7 2964
25 18 144
26 22 2670
27 5 614
28 3 4122
29 8 1070
30 4 2437
31 14 4032
32 15 3131
33 0 1520
34 6 4471
35 30 3554
36 29 1030
37 21 34
38 24 609
39 18 773
40 27 859
41 28 2487
42 20 3071
43 42 584
44 1 788
45 27 435
46 35 3756
47 19 3299
48 9 2201
49 16 51
50 7 2487
51 47 4079
52 18 4409
53 11 1921
54 11 2517
55 44 2773
56 55 2984
57 33 3492
58 23 1059
59 54 2220
60 56 3186
61 7 3240
62 35 2403
63 48 707
64 34 4815
65 58 1416
66 4 577
67 51 4428
68 60 1453
69 17 2956
70 32 310
71 41 2534
72 34 3213
73 39 2303
74 40 217
75 2 2335
76 9 1145
77 33 4476
78 18 328
79 75 4108
80 27 1686
81 56 3051
82 34 3236
83 48 1847
84 32 413
85 15 684
86 74 1108
87 28 2633
88 16 2911
89 29 1794
90 33 562
91 59 3694
92 72 584
93 10 1885
94 31 644
95 13 1463
96 21 3714
97 6 3378
98 79 1860
99 94 1162
100 74 315
49 72 4917
6 72 775
65 100 999
40 73 2687
75 76 240
34 85 4508
58 97 2589
55 80 3207
16 91 1507
1 4 1176
66 87 2546
24 98 2327
15 50 4096
80 88 3724
15 37 542
4 17 2698
58 100 4369
5 88 3741
16 98 2796
3 86 4028
4 46 2964
44 98 1710
12 48 1787
13 75 346
46 64 1487
11 77 897
66 85 3504
2 57 1918
33 52 1494
12 27 911
64 90 1523
43 64 4641
18 84 1712
81 95 3785
13 42 340
44 96 4333
8 68 1536
2 77 4137
45 71 399
3 43 726
57 88 4977
69 91 3596
65 96 1627
0 25 3296
34 61 942
8 73 2368
21 93 725
33 74 4235
26 39 3741
18 31 3070
0 61 247
14 38 4399
29 48 2032
72 90 591
67 77 1121
49 99 3810
78 95 4126
44 91 2935
63 99 3277
38 69 1708
11 64 2292
96 100 3231
16 21 4577
81 97 3657
55 75 3341
34 90 4345
7 63 3054
18 85 5
26 43 1774
27 43 4865
2 37 249
0 7 1921
34 47 1176
10 50 3681
13 47 3340
22 46 4627
32 91 2979
5 43 4016
33 99 1681
78 99 1258
11 81 3061
49 77 1541
57 66 658
45 60 1250
29 78 2456
5 91 140
1 30 3187
15 27 149
56 63 3314
39 86 3575
21 73 2013
55 73 394
18 99 1904
56 93 2967
60 65 4957
20 39 4815
1 32 637
10 96 1693
36 76 4308
74 80 1077
17 43 2923
11 96 2557
44 79 4642
41 98 4190
19 26 3419
29 34 3248
31 64 4545
52 84 4864
68 98 2315
2 54 1908
30 53 4039
45 97 1584
50 75 2987
30 67 4918
55 89 1332
29 85 2247
31 83 4935
14 36 4750
6 39 4201
74 90 1369
51 79 4008
76 100 2449
73 89 2010
18 42 1972
35 61 2892
2 96 2848
1 13 2762
29 77 785
35 51 2908
68 83 2537
25 39 590
15 38 3326
17 85 1838
30 50 733
79 91 329
26 61 3890
25 45 2361
41 97 4341
77 99 1910
35 73 608
21 62 2505
47 59 1058
56 74 3045
43 71 229
12 57 2974
19 100 1618
0 85 2013
30 91 3940
28 60 2292
68 84 2371
57 86 295
24 63 1628
39 80 4432
15 63 850
33 55 3961
53 63 102
43 59 4073
52 57 1041
10 90 2218
41 42 1491
34 77 3443
71 79 4043
36 53 2880
13 82 2543
19 67 1224
3 64 1080
32 58 178
93 98 2547
70 84 3384
8 33 4996
1 34 2948
43 66 2911
14 30 727
15 92 3191
70 92 1178
79 92 1644
50 99 625
76 89 2340
2 83 3005
59 70 4243
26 33 2084
40 65 2492
61 74 3751
1 75 1643
11 21 36
71 89 3472
34 68 2283
47 80 379
6 38 4885
61 87 4796
43 78 332
25 85 3416
4 59 356
49 80 289
13 76 595
0 44 2546
27 68 669
15 28 2269
3 53 2074
16 25 3914
25 82 3886
59 99 2409
22 24 113
34 65 1091
29 69 759
58 73 1214
33 94 558
49 57 4485
13 58 2634
58 82 3649
12 31 3059
82 90 1709
51 93 4770
36 59 1830
23 94 536
77 90 4412
31 75 4757
45 56 3856
0 78 2972
15 98 363
15 99 1350
6 45 2480
64 83 403
11 24 4074
28 44 2919
12 25 3094
31 67 916
2 17 1707
49 84 3056
9 63 4020
9 94 2666
17 32 695
42 84 2527
25 29 2596
25 76 4180
7 13 2710
9 32 1690
56 84 3990
54 81 3914
38 58 788
47 67 4585
2 26 2363
23 90 471
40 98 494
68 81 3640
10 52 4662
14 67 4541
69 86 4624
43 82 4190
41 61 1277
47 63 2489
19 41 2939
13 98 1135
92 98 3598
39 66 4969
57 76 3671
40 55 754
95 100 2846
25 80 1235
45 55 4926
16 83 3987
2 48 4984
1 65 4522
9 50 4004
37 82 4301
35 77 1382
14 66 4092
24 71 772
19 94 3438
36 67 3073
97 100 4712
41 99 4345
41 45 3807
9 98 3511
45 85 2764
37 67 3942
45 48 4860
36 93 917
48 81 1321
27 76 576
18 93 894
4 7 2010
48 70 1985
11 50 723
21 94 4009
8 91 1902
6 41 633
31 80 483
32 51 3564
36 50 1306
15 81 4769
23 98 1200
47 70 4675
22 32 1595
36 79 613
25 66 4634
77 83 939
41 94 3253
21 79 3221
33 59 2726
11 97 2723
29 35 4445
0 65 1688
86 95 3804
45 51 461
25 36 4035
4 48 3252
17 59 3143
60 73 2379
60 96 562
31 37 1025
88 99 4834
24 65 1885
45 68 2126
42 78 1483
57 92 1668
0 29 3536
0 83 1538
14 37 1248
1 7 4904
3 67 2764
17 54 3724
20 45 1201
1 27 1412
34 76 1945
16 90 1782
14 72 4331
2 50 2298
31 42 4883
2 12 4737
17 20 390
33 63 3746
27 88 94
28 78 2404
16 40 3483
30 79 4452
19 30 1810
16 95 3423
18 79 4119
6 31 825
65 98 4462
5 79 1776
5 17 4053
64 82 146
25 38 2756
36 98 4379
19 46 1331
40 79 600
6 37 235
59 94 3824
58 68 3029
3 21 3781
21 97 484
8 11 1791
41 82 1403
49 98 1733
42 64 2342
13 94 4393
53 67 4244
2 62 772
78 93 1748
71 90 2010
6 56 4698
6 88 3856
54 77 3297
46 83 2056
5 32 1656
3 76 731
6 87 2647
32 82 4811
28 36 3794
24 92 4606
63 65 1377
13 60 115
3 59 249
40 83 2841
66 79 1081
20 48 1123
77 82 1863
81 88 2503
46 47 2986
25 94 4012
16 82 3997
51 76 1686
5 71 2669
17 19 2671
77 88 4549
8 67 1917
41 78 805
39 94 3452
61 80 3288
25 78 824
22 78 4402
36 39 1216
20 94 164
47 61 3650
46 93 1966
82 94 4275
25 27 2385
46 88 1550
75 78 491
5 7 3202
48 88 3162
59 92 1521
61 63 1254
22 91 4947
80 87 470
12 99 1633
26 92 969
40 90 230
4 72 2656
72 79 239
83 91 419
19 27 3814
18 72 619
6 69 535
82 97 1570
32 78 2404
42 70 1205
7 36 3345
12 39 1599
56 61 35
27 62 4391
59 83 2383
80 85 4992
73 79 4964
18 97 178
7 67 3888
53 54 31
30 32 4856
40 51 1600
27 42 430
60 99 687
17 74 4084
38 67 2985
3 20 2492
39 44 794
15 48 4332
83 96 323
7 94 1245
62 90 1242
9 33 4211
5 12 1807
27 91 4589
22 51 1668
50 87 4462
56 83 2393
1 6 1891
8 53 877
13 36 1828
2 9 4654
47 79 3352
39 48 2305
36 80 823
10 36 3297
21 66 1764
68 80 1504
91 95 725
18 65 2172
9 72 1576
50 84 2585
6 33 4888
63 72 2257
63 67 1167
33 97 1622
3 7 4114
8 75 447
18 53 4200
89 91 1577
56 57 4988
3 40 4317
56 89 207
35 86 3550
7 93 2291
22 85 4048
12 94 4733
85 99 1151
47 100 164
15 88 935
8 85 4536
62 76 870
30 89 1378
52 90 2517
12 63 1337
53 74 4130
53 57 692
19 22 1800
10 61 1272
29 72 1387
21 63 161
9 93 1870
6 30 4434
76 87 2330
1 2 1504
24 56 716
41 65 1417
19 56 3431
31 98 2673
31 39 808
68 93 1884
20 92 903
9 74 4435
30 31 185
61 79 2793
41 79 1818
1 56 1871
83 85 3308
24 60 1704
81 93 3995
14 42 609
16 77 1533
9 26 471
18 95 4671
37 99 2074
31 99 3310
30 100 2337
8 50 720
10 83 2889
44 56 859
27 69 4663
33 86 938
11 39 1811
12 83 72
35 79 3050
8 30 989
43 86 4542
34 96 1974
18 47 1757
5 28 2880
36 88 1183
37 69 3232
88 97 2003
20 62 1860
51 58 474
42 76 421
59 93 379
21 86 4392
31 63 604
32 93 1088
10 74 556
16 89 3627
21 91 3364
5 49 1519
0 93 313
23 80 3584
1 29 4056
6 96 3096
58 72 2269
53 92 4521
2 86 1443
66 94 1782
22 82 2557
13 68 4561
40 45 2874
9 62 174
95 98 2669
18 77 3408
6 49 3751
59 77 72
26 83 779
38 93 2998
22 76 528
65 68 866
65 86 2897
8 76 3505
7 9 864
25 44 337
12 14 2355
61 73 545
61 71 3344
68 72 2279
25 55 2292
2 22 2790
71 95 294
36 37 4275
48 100 1007
35 74 3144
46 58 362
5 10 2222
12 92 4650
25 57 317
64 74 2042
54 57 1460
26 40 4216
48 72 2570
76 88 3928
22 77 1419
30 90 3832
15 34 3170
17 64 1965
14 98 1003
5 13 4960
45 49 3318
35 94 3149
50 59 3345
92 97 3313
32 56 4757
43 77 2155
39 71 918
29 61 544
2 40 375
10 98 2761
67 95 3471
49 51 4188
53 95 672
27 63 4725
4 71 582
12 61 1523
90 95 3956
55 57 4212
35 97 552
62 97 1337
37 86 3832
60 76 501
69 76 3069
9 89 4225
72 87 507
76 83 1122
5 95 2679
80 95 28
3 75 3618
63 81 3269
34 89 2691
37 95 2591
79 83 3072
95 97 3297
10 94 549
5 45 3091
14 97 3669
88 90 1992
13 46 1522
81 84 2369
20 81 4391
84 93 787
89 95 1084
54 75 4908
28 39 3559
59 76 4614
20 56 3085
55 82 1820
45 69 1237
64 67 4102
25 31 4910
52 81 3805
58 93 129
16 73 3360
5 6 805
42 91 3510
72 89 4341
8 49 70
14 26 4020
74 99 2286
35 99 3855
7 23 3577
89 90 2473
65 76 954
26 95 1816
15 75 3799
56 69 4027
1 88 2712
4 34 3750
80 92 2997
5 57 929
48 59 4442
78 90 371
28 96 3446
1 46 3777
15 96 3612
45 98 1855
79 93 2840
45 90 1957
5 25 4634
59 96 2903
73 100 1615
59 71 845
34 83 3241
20 76 1222
28 45 3299
3 66 629
31 59 2106
17 72 217
47 68 1969
71 87 2454
10 18 323
49 82 2859
46 90 4222
29 65 3657
17 88 1522
21 40 90
48 80 538
42 56 4866
33 89 4818
41 90 1024
87 89 1424
3 85 4849
45 92 3074
32 83 69
73 96 3496
56 58 2162
62 72 946
3 90 3400
59 75 4394
15 72 4223
21 70 14
55 93 4678
66 75 1368
26 79 3116
5 72 1935
75 94 175
15 64 3022
24 100 31
49 94 3352
76 84 4523
12 81 2285
60 91 1162
55 87 3908
11 69 815
22 92 4122
45 50 3116
89 94 4862
22 50 581
50 56 4536
19 75 345
63 73 4529
17 39 2583
29 99 4723
82 84 938
44 47 4616
31 46 4679
71 88 4856
55 90 2180
10 73 2351
18 29 2430
48 86 4326
67 78 2655
40 87 4189
72 81 65
16 87 1284
29 91 4101
72 99 4595
5 42 4193
39 59 4551
13 21 762
28 83 4132
3 70 106
0 19 4383
85 93 701
8 70 4388
30 46 2067
39 79 1430
4 82 1059
8 26 3029
7 29 2427
3 73 1947
6 13 2005
13 29 2091
27 74 1456
53 81 2583
2 44 4710
83 100 4029
49 95 3516
3 37 2028
31 56 765
22 75 4614
0 54 3588
17 41 2451
49 54 4773
76 77 2031
45 64 1071
13 86 356
6 84 2059
50 82 2476
51 62 1137
5 84 1759
66 98 1255
75 77 3584
30 54 4182
59 73 710
66 82 4321
9 81 3198
51 83 2709
24 79 4067
1 89 1653
56 95 4228
37 48 1987
45 95 2096
46 63 2563
72 94 3762
2 67 2834
32 53 803
77 91 3217
40 94 3050
58 92 2378
35 87 1324
26 64 3588
66 90 3558
6 63 2539
1 63 2524
69 79 2844
42 82 238
72 73 4320
1 33 802
77 100 3266
79 86 3503
8 17 145
5 33 2920
72 74 4692
10 31 4844
60 63 3804
3 81 2095
13 69 3063
87 94 1413
81 90 2475
69 87 1433
70 80 4444
32 100 1078
12 17 432
68 74 1248
10 48 1714
36 75 477
31 34 3488
59 61 3623
3 6 1635
43 72 3056
48 98 1936
29 38 1947
43 79 3263
52 73 3700
52 76 2668
67 87 1017
51 71 4690
5 55 2455
8 12 588
12 77 1382
76 98 3444
78 82 1764
20 91 3954
62 86 1576
48 60 856
1 28 1785
36 82 1803
4 81 3110
1 54 391
6 28 166
18 68 4498
21 64 3511
2 35 2640
4 5 3111
10 88 4337
20 52 1029
23 78 340
37 42 1907
52 66 982
3 57 4021
22 27 3752
30 59 3792
4 55 4371
40 44 4905
43 61 3894
2 97 1907
23 86 582
1 58 3627
33 62 3734
2 61 222
20 25 2827
5 29 4331
21 24 3311
9 82 687
27 52 72
4 74 3812
36 68 494
41 48 2795
9 87 3896
51 53 2415
11 78 3853
33 66 424
29 49 4877
49 93 4552
40 54 2431
9 18 4844
58 77 798
29 83 17
72 84 2015
14 16 661
89 99 3639
32 89 1937
24 45 4755
9 85 123
8 56 4061
35 81 4678
19 80 3232
43 63 796
34 51 4867
28 55 2602
44 61 1898
52 61 4668
49 87 4758
20 74 546
13 96 3888
3 52 3795
34 71 2562
28 56 3183
41 66 1403
43 73 763
73 87 4661
30 87 1127
12 74 1303
69 80 1173
57 84 2413
9 19 130
15 36 1873
3 13 3434
20 54 4087
21 48 1649
18 87 557
16 31 1840
50 100 905
16 30 242
86 96 4161
48 52 1092
33 42 2687
13 51 2073
62 95 3289
41 44 4613
7 32 820
5 61 3834
45 100 303
10 80 4541
15 86 1837
30 58 3419
47 90 2746
11 35 4406
4 31 3292
16 38 3600
42 97 3889
44 73 3914
36 57 652
11 66 1016
52 69 199
31 92 1016
53 76 640
16 35 267
85 91 2869
12 47 1251
71 77 1519
66 100 1768
1 22 1636
16 46 556
3 97 500
93 94 4244
20 23 778
47 52 1191
41 52 2764
46 94 1060
23 38 4028
10 68 3012
0 59 2343
31 49 951
27 41 1890
17 31 2749
58 81 113
37 70 3303
4 19 2703
23 91 3996
19 96 4668
9 95 3901
63 94 3158
88 92 3942
75 88 1929
50 51 4648
50 92 2330
36 90 2396
22 37 284
26 44 490
37 81 4511
9 52 3025
65 93 4695
3 34 4406
51 74 1110
50 61 2844
41 87 359
5 54 1730
54 91 3803
59 60 3821
86 90 325
3 9 1857
22 58 657
10 66 1269
37 55 966
6 67 2847
10 56 2045
15 76 4486
40 42 4287
15 43 273
9 51 1037
26 93 3593
32 33 4966
20 59 2954
11 42 3162
73 82 1151
40 62 3233
2 4 1023
1 18 1717
92 96 4512
46 92 3198
70 75 3387
40 72 192
7 12 610
50 73 735
62 94 2460
24 75 1491
7 57 862
20 34 784
11 88 4601
70 98 4025
39 92 2470
10 79 1860
9 78 2794
26 47 1298
2 14 4665
31 51 3252
44 93 198
75 81 1127
65 82 693
7 95 4069
87 95 1029
85 100 2154
32 98 1616
7 42 2685
37 90 4285
14 69 3311
34 100 4146
58 88 1242
0 48 3894
16 97 851
58 94 2340
79 85 1634
39 82 3472
18 81 506
53 83 4944
49 65 1297
89 96 3997
46 62 1628
25 90 2770
47 84 260
19 52 1190
88 89 1380
5 21 1716
0 50 395
7 71 2870
4 57 3848
58 69 2133
20 65 4308
38 96 3298
22 80 2097
11 16 1424
11 46 3588
16 74 4455
71 73 4416
8 31 482
78 84 3745
7 30 3692
72 75 4982
14 89 416
43 93 998
92 95 4774
24 46 796
23 70 1613
8 95 3374
39 46 2318
2 56 809
37 47 3107
53 73 2734
41 47 4462
19 97 4195
71 80 4071
64 81 1230
16 92 1718
27 38 1346
28 81 994
57 68 2995
84 97 298
3 12 2375
14 40 4324
53 82 1807
37 65 4450
23 46 1053
24 97 2786
13 48 4850
61 93 1194
37 97 785
70 72 3256
67 68 160
64 92 2051
15 65 138
0 3 1560
9 61 3904
11 94 804
6 51 2741
1 92 1567
40 84 723
10 46 4878
35 40 277
9 17 658
75 95 4218
3 58 3702
12 58 4248
14 52 4227
46 50 136
96 98 1485
33 49 1618
28 74 3662
44 45 2767
82 100 3445
27 71 2682
24 67 1507
1 16 4575
20 21 4607
17 99 3826
13 88 263
86 98 1191
44 87 4599
51 85 536
14 50 504
57 74 3089
5 16 2637
11 83 2769
70 71 4583
10 44 4358
5 65 1177
43 85 3168
27 32 1094
3 26 902
15 30 3169
25 35 74
91 93 3029
6 92 3955
13 99 761
18 83 1381
41 50 3125
11 60 3864
61 94 1321
87 90 3930
63 74 783
7 84 4309
73 97 885
56 86 2657
69 73 3055
48 78 3944
59 82 2268
32 96 693
34 99 3054
2 36 3986
47 99 4700
34 42 3035
22 57 4027
3 62 2819
54 62 3233
44 89 4634
77 86 54
11 15 4599
12 69 3699
45 78 2187
9 43 2920
37 68 3097
9 84 174
37 71 2207
46 86 1494
1 8 989
54 55 1392
9 88 3418
5 38 2359
9 27 2414
26 32 1654
5 24 357
24 82 2010
78 85 168
1 83 848
19 73 527
17 78 1787
32 77 3322
56 85 4522
69 98 422
44 82 3940
23 35 3656
6 7 3874
23 83 4889
52 89 2589
41 70 1722
25 70 4475
66 73 3850
27 66 4911
47 94 4901
20 78 2106
72 98 1281
11 18 104
89 97 2748
10 47 4689
16 55 4214
2 79 4753
52 70 3777
2 100 1022
27 83 3681
58 83 1756
55 100 1319
31 69 2731
3 93 2568
13 15 1116
8 57 350
43 83 1802
44 76 4962
0 12 1000
10 86 2669
53 55 3935
36 56 1010
9 99 1453
33 44 487
38 89 1840
37 87 2740
5 80 1513
51 97 1934
28 68 235
51 99 2579
41 46 3008
34 66 998
40 76 3388
47 74 2376
33 76 4248
56 77 4881
13 44 1491
53 66 928
62 82 4425
90 97 2050
80 90 1441
64 96 3417
59 81 2248
67 93 354
8 9 349
18 91 4486
14 49 3515
45 57 2668
2 29 4203
24 61 1292
39 43 46
29 95 1306
6 52 1188
34 44 892
60 92 4644
19 81 1102
65 75 2302
2 46 807
32 69 4616
28 92 4876
28 73 601
84 92 2661
31 53 2464
28 54 2166
50 95 642
65 70 2108
23 67 132
14 29 2094
3 99 3691
23 92 1846
46 56 1428
21 51 1645
30 78 2076
38 97 2181
6 95 4163
10 75 1258
64 65 200
11 56 3450
51 91 4119
43 65 1699
28 97 1039
73 94 2371
10 19 996
53 98 4123
71 78 1954
8 88 1453
10 97 535
44 77 3637
33 34 2862
14 83 3851
69 92 574
14 54 1634
56 96 2890
11 30 3479
13 59 3547
18 44 2777
40 97 4977
12 55 3220
23 26 59
43 57 3064
45 87 3452
6 55 2602
15 91 4696
2 78 1163
23 71 3181
84 95 4366
2 34 4737
27 86 1085
3 49 439
32 80 2307
78 81 3919
5 47 4215
36 94 3075
27 36 1023
66 72 4946
6 43 2247
35 98 4371
24 73 3900
52 53 348
31 38 3753
36 48 3066
5 15 3583
60 97 276
67 69 3355
49 68 4655
34 49 4615
15 66 2486
30 66 1106
33 40 4641
33 54 176
24 62 3477
50 69 11
14 43 4148
37 39 4578
14 22 3787
49 69 3315
25 97 2848
9 56 66
30 57 1906
25 89 1383
50 64 1741
18 90 4138
62 77 4845
52 85 776
44 90 4495
8 60 2495
56 79 4950
28 70 2893
47 73 4661
41 88 2876
12 90 1030
26 67 3927
39 49 4064
15 84 1687
14 93 354
14 76 1271
5 36 2903
12 29 3055
7 25 3406
19 21 92
45 94 2902
47 98 3769
87 97 4812
60 81 4367
7 83 3766
32 54 273
6 80 776
56 68 2718
61 69 1289
3 32 4817
7 96 1877
57 70 4586
85 94 3967
33 75 1017
36 42 3057
76 80 4721
5 9 2864
73 81 4655
4 85 3807
42 92 1480
42 44 799
61 98 911
29 71 4568
87 100 239
20 44 1450
74 95 4001
42 69 3811
70 95 950
24 99 2189
2 33 1933
40 46 2592
8 92 4932
80 84 556
50 74 3645
14 58 2104
35 47 1689
7 37 512
18 32 4192
69 77 3881
1 60 4041
76 78 3033
35 43 1299
13 73 211
16 47 5000
39 67 2833
13 67 3375
83 89 3200
63 69 4304
62 98 1060
28 31 2647
38 39 2088
1 57 2877
3 11 2989
35 48 2485
59 72 2992
55 81 1468
36 73 783
8 35 1892
59 79 3496
92 93 1000
6 59 320
27 44 3570
32 68 2018
50 67 685
17 51 3140
8 90 2544
57 81 3742
10 39 1303
19 89 2089
5 76 2594
50 90 1370
52 82 4580
40 69 360
30 49 4526
24 72 3366
85 90 3058
13 53 1379
20 24 2381
23 34 3163
58 60 3939
3 16 2273
37 44 2968
41 93 2914
20 86 511
0 55 665
6 99 3613
68 82 3754
33 100 1427
46 67 416
47 71 761
0 46 3425
55 58 725
4 95 1297
21 46 2598
42 52 4282
66 86 1300
28 42 3560
92 100 1603
18 63 3829
32 81 1622
84 88 2425
17 44 3781
39 69 3869
5 63 2886
5 18 3191
38 44 3086
14 51 3534
55 83 1962
35 84 2059
88 94 4435
0 31 3746
16 62 1687
57 73 4581
24 35 4425
21 74 3865
45 80 1438
37 89 4462
8 86 4517
29 60 1354
43 47 1966
0 81 4509
42 88 4839
38 88 1865
12 34 3246
62 66 1018
58 96 3672
9 46 4373
7 76 4373
57 71 409
0 16 986
13 97 3570
36 63 2471
72 83 4164
82 85 1952
18 40 3304
3 61 3373
50 91 4674
24 86 2856
18 70 1514
41 55 3044
23 44 4152
4 61 2848
2 49 1402
31 60 2449
11 14 55
46 76 2101
18 49 3833
52 60 1093
1 24 2611
52 55 4980
30 88 130
91 98 155
35 83 3652
39 55 160
27 33 4482
60 100 367
24 39 1853
74 84 2152
12 13 4737
29 98 604
85 95 1496
70 88 4352
26 34 4708
7 46 677
55 95 816
37 77 4713
24 42 3507
6 42 2048
13 49 393
30 70 2201
14 77 4251
7 39 4577
70 94 2746
19 63 157
4 68 315
31 89 4708
36 77 2193
56 67 1278
19 61 274
35 59 4850
27 51 672
4 64 2070
51 92 673
2 11 2372
14 91 2472
10 87 3828
71 97 3240
9 16 777
19 36 4405
2 32 3062
64 95 173
8 58 1711
29 86 989
10 57 3022
24 25 3199
1 100 3055
6 76 3884
42 72 3361
3 63 1885
7 51 527
35 93 1486
6 68 3045
26 80 1085
71 76 631
0 42 4914
48 94 2921
8 44 1290
49 78 3995
55 92 3335
0 90 3917
21 27 4891
15 53 322
22 89 3459
5 31 489
73 78 2705
15 24 2464
54 70 831
22 38 4951
19 24 4410
21 35 35
20 72 1471
24 48 2832
65 74 1210
27 70 77
17 62 3989
28 50 3109
30 48 4261
20 75 1543
35 76 2767
55 85 2200
8 78 235
17 47 196
4 12 623
3 94 2984
8 15 2809
59 63 3046
50 55 1532
74 94 269
16 81 3823
26 56 1351
24 80 388
47 64 1309
80 96 3417
30 93 4513
76 92 577
76 86 4545
9 30 1294
40 78 4586
67 80 4780
7 47 4018
22 59 939
52 63 281
52 91 2197
24 34 2994
40 41 1366
16 26 1396
46 82 593
33 39 1421
3 83 3907
34 48 4548
3 41 3501
19 23 1366
27 65 4361
91 94 1241
52 94 1337
22 29 4726
19 53 1558
42 59 4375
36 45 1958
18 55 4479
17 71 4550
0 80 4410
17 28 1727
1 5 3867
35 75 3486
47 72 1493
35 49 1319
18 21 2831
6 14 4670
36 61 4776
1 19 3866
11 37 4307
12 73 3933
20 57 3832
54 64 1844
8 82 2567
32 45 4682
46 78 3768
45 84 2120
42 63 1830
42 74 3694
53 94 1051
9 60 1292
3 95 2788
77 94 2183
16 71 2058
58 63 115
2 64 53
17 79 527
18 62 2921
50 85 4188
59 66 3149
15 100 3281
63 77 438
40 61 889
25 71 4818
0 71 3742
7 65 1126
11 68 3195
17 94 759
36 92 3724
76 85 3861
25 40 3362
18 26 1503
12 78 3839
12 18 3045
36 49 1546
65 95 448
9 45 3503
69 100 4674
32 35 688
0 38 877
38 43 3988
29 62 4083
46 74 1788
15 51 2672
35 68 1588
33 81 2103
44 69 2757
49 67 1192
38 98 2189
83 86 488
14 95 3759
82 92 4001
33 53 4592
2 10 1399
25 96 381
3 77 1988
54 82 4078
52 97 3206
81 83 1251
79 88 1155
19 85 1195
96 97 2033
16 53 4224
26 70 3190
13 63 4106
12 89 2625
55 96 3483
41 68 168
49 74 91
6 53 405
55 84 1268
6 89 4609
7 78 3739
39 76 4797
0 57 2985
47 62 716
47 78 4817
25 67 2296
23 55 4750
11 76 4081
19 20 1496
53 78 350
68 100 3881
21 98 1437
29 42 2813
12 79 506
77 84 3548
60 69 1450
43 98 1794
62 99 336
15 93 4911
88 100 1860
66 89 2627
23 25 3977
54 67 4431
86 97 3910
91 99 3886
68 90 3546
84 90 4325
2 87 3857
38 55 2085
17 48 93
12 97 4506
47 53 3508
11 23 1414
32 47 277
39 88 813
29 100 3859
75 93 3564
66 76 2487
15 68 2421
80 89 4706
77 78 8
47 55 2646
44 75 3180
15 69 143
17 29 900
52 96 4710
39 64 694
67 97 1683
65 90 4131
70 79 1709
1 55 2735
52 56 1224
0 5 4302
29 70 4716
57 93 599
43 56 3103
42 53 206
11 44 3364
34 79 1896
0 8 2969
33 58 2136
17 63 692
52 78 4448
24 41 3143
3 80 4129
34 78 789
0 100 40
64 99 601
87 91 1494
5 30 2999
78 97 1355
20 46 511
22 34 1997
52 77 4464
14 70 3771
10 60 464
61 75 98
27 75 3936
20 41 4988
29 32 2177
54 73 1039
5 69 3164
1 51 1749
25 65 3590
43 91 1820
67 86 3529
14 84 1333
50 89 1445
55 72 2787
4 51 3966
50 83 4303
1 10 3031
40 56 4625
70 86 4865
21 36 2387
34 62 4511
34 67 2859
51 72 4355
3 91 3648
80 97 4035
6 8 3318
19 58 1431
4 91 3776
1 41 265
52 93 945
27 98 1564
9 28 2513
8 89 442
63 100 4708
21 80 765
41 86 4587
52 83 1135
41 53 269
15 97 4216
88 96 111
5 23 1625
29 58 310
30 98 3089
30 51 1735
4 67 4320
30 75 266
11 72 3097
21 41 4218
25 50 358
39 41 2196
25 43 365
10 16 4255
44 57 417
0 39 2474
55 61 3400
4 96 1482
6 71 4517
7 86 4520
5 52 4358
28 82 903
22 86 2795
14 39 3043
13 28 2794
11 58 2135
18 33 4572
24 76 2357
68 91 11
58 71 2870
14 65 304
9 77 1002
26 38 2319
6 9 597
45 54 4167
14 57 742
65 97 2510
25 88 228
9 92 570
25 98 1100
74 83 3654
28 66 2507
70 81 2601
0 52 4148
17 91 2754
17 40 2363
24 74 795
58 66 4372
15 25 3761
17 23 3652
40 89 1174
16 19 2484
1 47 820
10 81 12
59 95 1271
18 27 2159
51 90 170
4 45 3609
12 84 2501
67 73 1919
52 80 3430
81 99 533
91 96 681
62 85 1291
3 15 3908
2 21 2514
59 65 3511
34 37 2777
44 70 1733
19 90 346
51 84 4806
2 23 4208
46 96 3128
43 89 4470
44 78 515
9 11 1354
20 33 2201
86 100 4967
52 95 1344
48 73 872
41 84 3855
75 80 172
27 47 3836
11 98 4975
71 81 3926
21 42 333
2 85 1855
6 64 1119
1 81 3079
22 69 208
32 71 2333
55 70 3393
11 86 1217
70 76 4735
3 55 2603
42 93 636
35 90 4810
33 70 627
2 16 3410
3 35 4145
5 26 365
4 90 3603
18 76 1639
33 69 2984
42 48 148
7 75 2826
22 67 4714
0 94 2409
67 98 485
53 65 365
1 25 204
48 85 1219
29 55 1295
5 59 3323
67 92 1208
10 58 800
29 47 3187
36 58 1268
1 53 4239
53 99 2957
5 62 850
9 91 4504
10 42 134
68 78 3560
75 99 4124
14 71 4170
41 67 460
16 84 2435
47 56 978
60 90 2184
37 94 1584
20 97 4987
54 99 2822
14 90 953
40 95 3860
40 93 3134
54 100 842
5 56 2597
36 96 592
34 95 408
40 75 1478
78 89 1101
76 79 1526
73 74 2502
74 75 1088
1 43 2996
44 95 3868
12 41 3270
38 90 3300
38 57 3900
28 93 1996
67 71 3540
19 25 1534
15 23 1039
26 90 4404
43 95 3010
39 60 24
58 59 1589
41 56 4962
0 41 3870
68 75 3401
20 88 4924
69 83 4218
37 52 4095
19 69 1659
61 68 971
45 62 3701
12 28 4510
45 83 2942
7 43 1689
4 40 176
59 89 1198
12 35 221
33 56 4284
13 40 2664
63 80 2242
65 77 2033
57 85 2862
3 65 818
49 83 3728
58 99 3321
21 60 1217
22 68 4338
84 99 2803
42 94 2611
9 39 2242
31 85 2445
26 66 394
27 31 784
80 99 2092
16 28 4101
28 88 2454
42 75 2871
83 97 550
9 79 2895
29 31 4621
5 89 541
61 95 3703
54 63 4152
61 86 1697
10 84 3114
4 16 4440
86 92 4955
89 98 1109
36 62 1821
14 44 2249
35 60 514
72 95 1883
65 79 3912
4 99 3008
44 53 340
2 45 666
45 99 276
13 32 3376
18 58 2199
25 41 4655
31 86 786
11 95 1037
32 34 230
36 47 1443
66 77 4137
25 56 4570
3 87 48
29 79 678
20 60 221
14 62 3589
29 74 461
40 88 2712
50 96 3935
17 34 2765
24 32 128
55 69 308
30 63 907
6 86 3348
12 42 2152
67 90 1498
61 62 2170
67 82 2512
23 99 3691
35 71 1439
5 50 3435
5 34 3581
55 64 2752
48 77 1693
36 91 4891
37 93 4106
90 91 4533
46 77 646
62 67 566
64 70 2618
50 58 2680
48 58 2080
62 80 2916
0 91 3092
50 88 3222
1 94 4152
56 91 1984
43 52 3168
68 73 4611
3 31 2834
47 87 498
4 32 950
25 64 3700
21 71 3942
0 26 186
48 90 1099
31 54 4760
32 36 61
35 69 1177
48 51 150
13 78 2634
41 60 146
4 93 2462
75 100 1573
35 78 3140
18 100 4047
36 38 1062
0 23 1403
3 71 4545
23 85 1512
2 43 4550
21 67 3988
4 73 1325
0 53 1972
5 66 2860
35 37 4258
16 20 3117
24 90 3870
8 23 576
69 70 2293
23 60 1749
22 73 2869
60 72 2802
7 59 2901
34 36 3682
74 96 1888
42 55 2351
24 88 4080
54 60 4999
17 82 4092
54 87 1840
90 99 2621
0 60 3447
6 83 270
33 91 3809
45 52 4262
71 82 2017
6 62 668
53 61 320
10 25 4529
26 57 4190
46 59 138
59 85 2064
36 100 4355
53 62 3925
15 22 2897
42 89 4890
34 35 3862
75 90 553
24 40 3773
50 72 99
63 68 2416
0 24 3756
25 28 3399
67 76 2882
37 80 293
60 70 3005
31 52 518
46 80 944
2 76 4513
74 76 1240
9 70 13
14 53 505
27 48 4243
32 94 3848
4 39 324
26 88 1680
33 84 1706
26 50 3592
36 70 2574
50 80 1590
5 73 4737
21 76 1879
64 71 1687
50 81 4242
46 87 711
7 15 4193
90 100 1964
51 100 2284
78 83 2993
37 58 3861
71 75 1590
3 96 1932
5 44 426
69 88 2682
5 40 170
80 94 2669
26 49 22
44 67 1580
15 80 3860
22 88 2204
26 35 2198
11 89 3966
24 58 659
62 65 1364
59 80 4260
29 59 3948
60 64 4367
7 77 4289
12 93 4540
5 87 145
16 99 3766
59 88 3952
4 10 2737
53 60 4747
26 74 3340
0 32 3483
46 69 3757
26 97 2329
13 50 2418
52 87 2860
14 60 3251
10 92 485
31 70 4044
4 53 4437
8 39 2189
70 87 1002
20 95 2018
57 63 3594
42 54 4229
64 76 3724
69 81 3880
0 70 3527
78 98 130
47 58 3302
4 65 4863
56 98 1301
32 59 644
48 62 4011
37 100 3982
16 23 1319
62 84 2606
4 50 2019
18 60 2573
18 35 3579
15 60 2129
39 99 3698
22 71 3010
13 70 3671
17 46 2851
9 53 101
8 72 1655
21 38 4382
86 93 2571
41 100 4840
33 78 936
44 52 1498
30 43 2094
16 51 2491
12 44 4184
22 99 120
39 54 1392
14 63 995
17 86 1649
22 66 3382
1 31 1139
54 98 3494
38 91 66
14 55 2705
46 100 1680
62 69 3983
12 33 2934
28 76 4483
15 62 365
90 94 2616
3 22 4734
16 43 3729
36 66 979
6 29 3341
13 24 1150
47 82 2349
57 94 476
12 65 224
40 63 2258
11 100 4572
58 90 3331
12 49 1750
4 41 2080
85 92 4253
61 90 240
6 82 286
43 68 543
40 85 3484
38 77 879
71 100 1549
74 77 3023
31 74 2793
19 48 4919
34 75 3419
11 73 2921
12 88 1618
33 85 1586
4 79 1769
48 64 4089
34 60 1763
1 79 1094
24 31 3093
22 81 3865
7 19 950
61 78 310
40 50 2005
10 76 4835
56 78 2820
6 26 1872
24 91 838
43 49 1604
26 71 115
48 96 2685
30 76 67
32 85 1863
1 61 560
41 72 4722
45 93 2439
28 99 4131
71 72 2602
11 17 1462
47 48 3604
9 59 239
31 48 425
71 86 2299
35 66 523
10 64 4641
46 79 1972
55 94 685
80 86 1028
42 86 4564
21 45 3386
42 71 1045
47 88 1234
63 89 1395
8 94 3569
21 81 404
20 27 1369
49 62 2093
74 98 3736
72 76 879
2 73 1846
53 79 1480
23 24 3309
28 65 2505
15 82 1258
33 51 1094
53 80 3511
20 43 1601
9 54 4455
42 85 520
64 73 3715
34 73 2224
83 95 3650
16 36 518
60 75 823
3 68 181
13 34 2329
44 92 173
25 60 1675
45 96 4586
29 51 4810
1 72 532
23 36 4156
17 98 2361
16 32 4205
84 86 4832
1 91 4421
31 71 4986
65 92 3644
13 64 3463
75 89 1381
0 92 2661
13 80 933
33 35 4010
43 92 1374
21 50 1792
10 32 2463
20 99 2033
41 85 1595
52 59 4233
18 96 3239
7 41 4757
19 29 298
26 30 3694
7 91 2412
74 97 309
93 96 4493
22 93 1651
20 71 3182
54 86 3843
75 84 3913
45 74 1661
29 40 4379
34 58 2194
56 73 560
28 58 3207
39 61 1648
44 58 350
38 84 4301
19 71 3757
17 53 1304
33 79 3156
14 35 202
6 50 1501
35 39 1326
30 52 1340
16 39 520
44 94 3279
68 69 1167
71 85 3941
25 59 3376
61 66 4008
4 33 4554
12 20 1166
40 99 3886
11 87 781
25 72 3970
58 64 4081
37 56 2825
39 97 3380
18 30 4513
69 97 3248
21 44 531
42 81 1332
58 85 687
50 94 2506
2 90 99
15 19 4220
41 62 3989
20 37 3135
30 84 4862
75 97 2221
6 46 46
23 33 2060
50 54 2110
25 87 3800
8 43 4779
21 31 4008
5 68 2831
6 98 4087
45 82 126
15 78 4736
50 62 2791
9 65 4167
3 72 4075
31 45 2346
26 37 3299
7 70 2219
29 96 1215
52 75 2811
80 93 324
10 45 1344
11 41 2653
43 48 2043
1 40 4765
7 55 512
4 84 178
11 59 3663
6 78 3098
28 79 1938
74 91 4580
13 91 3224
32 86 1139
32 46 4157
42 80 2131
13 100 2819
16 93 1354
4 42 3274
48 92 4045
0 14 3540
81 85 3681
16 68 2312
16 85 100
17 57 4613
8 83 4559
46 57 2592
99 100 3810
13 38 2143
18 74 2248
68 70 4813
30 61 1854
38 49 4898
4 70 1976
47 96 4037
0 9 2341
75 85 3749
40 59 4782
4 49 217
36 72 82
40 48 342
44 49 2377
13 71 1020
29 73 2284
54 66 3040
35 95 2905
33 92 2071
21 26 2934
69 95 3966
49 60 2118
5 8 3427
9 75 2086
2 68 3758
15 71 3939
1 37 552
4 98 3719
1 39 1418
40 71 2339
23 48 3164
22 39 2333
32 72 1277
39 85 4303
2 47 971
55 91 777
23 100 1893
56 88 2074
22 45 283
8 64 3061
73 77 4022
60 94 3619
46 72 28
13 19 2861
7 38 3051
50 77 1188
17 38 4036
8 100 565
54 68 4110
14 45 3621
34 69 77
61 85 1668
38 61 1512
73 92 2076
26 51 2156
34 46 1234
69 74 1986
21 83 3638
27 94 3709
33 46 1313
20 89 898
72 96 2431
26 76 2903
8 45 3063
45 81 3184
10 35 2513
8 62 886
2 74 2996
17 70 2610
19 83 3311
20 73 1194
7 11 233
6 70 3921
31 91 4776
56 59 4294
56 92 399
29 66 1220
74 92 3598
68 97 1376
9 24 3043
18 46 4323
54 83 3669
28 29 106
24 59 818
19 32 3904
15 70 677
6 18 1601
47 83 3892
22 30 3781
28 59 3006
12 23 22
69 82 4610
0 18 1959
7 44 3061
17 27 1622
19 93 3742
56 76 3972
59 100 3154
53 70 4852
11 19 3561
3 42 3585
67 96 1008
36 44 2241
17 58 4454
82 88 2105
27 95 3666
5 67 4251
14 17 395
26 63 1717
8 97 2191
47 66 3269
72 77 2222
5 60 2399
40 49 4624
26 100 3889
54 78 3685
12 75 2591
0 22 4275
51 57 4132
36 41 2944
32 62 2198
23 43 3770
18 80 4426
11 74 3172
2 84 1681
43 54 2498
22 31 1486
24 50 3716
42 98 426
18 19 4402
8 22 2888
88 93 4535
18 73 1825
6 90 234
45 70 1834
16 72 684
3 60 713
35 54 3449
10 22 4502
20 63 362
85 96 2992
36 89 5000
5 19 3859
40 77 814
3 39 2251
12 95 2680
23 64 94
51 68 271
62 74 2970
3 51 3506
10 17 4761
44 71 4452
26 48 4529
21 99 1571
52 86 3710
5 99 99
45 46 3270
55 98 1215
26 72 898
15 61 1454
40 82 1986
41 83 3535
6 19 2675
8 46 4747
0 30 3399
24 84 1522
56 99 3791
60 85 1994
5 75 3723
43 94 565
13 81 176
33 50 2939
17 18 797
17 49 419
43 46 4207
43 97 4600
17 73 4694
90 92 534
30 44 1385
51 63 4084
14 78 2790
67 81 2496
53 86 2772
34 70 2254
68 76 1824
11 34 2498
83 93 788
16 37 2004
27 84 2509
26 98 1497
81 98 343
48 56 331
68 94 3021
76 97 3158
31 84 487
56 97 4887
10 91 4790
7 99 4726
55 71 1329
29 93 3582
22 63 2647
59 86 1760
43 81 640
21 22 1097
18 89 3682
2 99 3541
32 99 3229
51 66 1312
66 70 4644
37 53 2322
13 22 1326
34 94 4265
44 99 3579
63 66 2490
20 28 4821
28 91 3713
40 60 4559
10 30 2601
37 64 2798
26 94 3802
11 91 2879
1 38 410
95 99 336
1 84 4696
2 28 4752
55 76 1560
7 82 383
35 89 3973
57 75 2153
45 88 4682
41 73 2928
22 100 4547
14 87 200
19 59 73
25 99 1362
21 95 2415
31 57 3723
9 25 1560
0 20 2330
15 18 2503
0 98 3548
6 75 163
29 90 3504
77 79 1869
81 82 4211
20 64 3824
67 85 3399
13 54 350
28 32 3919
24 33 1284
55 59 2571
41 58 4386
48 95 1530
68 89 4728
74 88 3991
37 40 3064
27 59 4519
46 97 1534
79 94 2203
2 20 1274
12 85 3098
17 33 3128
35 85 1952
31 88 4288
27 60 1889
20 31 442
19 60 246
42 58 43
19 33 4866
47 92 3899
25 32 2362
2 53 1536
46 99 2530
14 80 329
53 85 4050
38 63 4793
30 82 4014
22 36 2029
28 95 1643
34 41 701
2 30 1085
29 67 840
41 75 1459
51 86 3027
31 41 23
38 80 3610
28 90 3132
82 96 1147
48 75 3366
4 77 4671
17 75 1142
44 100 1035
36 43 1028
12 36 3959
2 72 4254
9 36 4511
23 45 2483
53 75 202
24 89 2035
29 97 4820
57 80 4419
61 91 1994
84 98 3819
33 45 874
41 59 3673
18 20 1812
58 87 2951
22 52 3847
79 89 1484
15 40 396
36 97 4119
0 74 3260
43 100 1483
68 71 2083
32 61 1946
32 37 2330
13 85 246
24 51 2977
7 73 4553
7 45 4954
12 68 1004
49 59 3181
39 77 2871
14 33 3139
51 59 1616
12 96 3013
30 45 1907
32 50 2028
37 91 4392
80 81 4997
4 89 2120
4 80 413
59 78 4976
5 90 2473
16 52 2902
20 55 4719
91 100 779
31 93 81
35 56 525
41 76 4736
21 30 1177
48 57 4924
37 76 4315
23 68 321
57 61 1989
22 96 544
12 52 3174
28 30 2310
9 71 2848
90 96 1547
27 77 3052
33 98 1373
76 99 2289
33 48 1226
7 20 29
65 73 1627
23 51 3229
29 39 1578
10 54 4289
4 100 2232
74 85 1970
47 81 4122
16 50 2724
77 80 2645
37 63 4729
51 95 3861
40 64 2228
31 73 615
2 82 2414
63 85 3157
12 87 2470
25 84 4336
4 44 2750
0 95 4152
28 46 4823
11 80 3765
10 37 3862
34 59 1893
64 85 1575
12 26 3466
2 69 1140
28 94 2552
16 96 4635
4 18 3143
10 82 2171
21 100 3207
15 54 152
7 81 2952
81 96 2142
28 100 3497
65 72 2919
7 72 2392
39 56 2984
34 39 110
57 79 4754
14 28 2452
57 58 1127
21 32 2400
43 67 1009
22 44 4306
32 67 991
3 92 3717
36 84 2949
63 91 337
57 60 456
30 96 3621
17 56 4476
44 51 3480
1 26 914
40 92 4016
10 27 4217
48 71 4840
70 99 293
14 27 3872
10 40 4377
9 12 3335
50 53 4386
23 41 546
45 79 4109
34 84 2988
16 44 1782
22 72 3220
6 23 3402
3 69 763
95 96 238
4 76 307
65 78 2677
38 59 1111
11 45 945
32 57 1590
53 59 2485
11 55 242
9 55 1237
24 87 532
3 25 3920
38 81 2478
64 86 4463
72 91 4290
27 37 1039
13 57 3360
0 88 1553
69 90 4653
49 66 1479
16 17 2867
33 41 1711
57 89 1561
47 95 1265
69 72 301
15 35 3331
24 36 2156
10 38 3187
54 89 1243
40 58 1533
17 30 3195
23 88 4729
11 51 4090
31 36 4088
6 60 4332
17 80 4429
4 25 2192
82 83 4407
35 52 271
6 11 2017
49 76 3742
14 64 12
23 28 4129
46 49 4221
25 33 2940
15 45 4162
20 90 2363
2 38 2910
14 85 1378
56 94 3220
32 44 392
85 97 3136
16 67 605
61 81 775
65 83 2990
20 83 284
28 69 4650
22 54 2868
13 89 4224
0 15 1501
30 65 327
2 66 2511
51 82 1027
47 85 15
90 93 4131
51 69 3882
28 53 521
9 100 2413
25 68 308
11 22 3837
16 59 2396
4 47 1061
45 65 3771
7 62 1357
17 67 3091
9 69 564
25 91 4777
32 66 3047
21 29 1723
37 74 3551
1 52 2022
38 64 270
26 84 932
12 86 1585
29 41 4847
25 42 1815
70 91 4949
10 77 1896
58 89 835
35 82 3850
8 13 753
55 74 3175
48 89 2252
34 80 2754
8 98 1662
0 35 167
54 97 363
51 64 3334
17 92 1188
61 67 1434
16 29 4530
43 55 2735
17 42 2856
72 93 987
55 86 4420
26 54 1882
1 36 1513
39 42 3922
16 56 652
15 42 38
36 40 290
77 96 2958
79 99 3906
6 48 2400
46 55 3928
81 94 291
4 38 2671
1 23 3740
6 81 4040
43 88 4058
93 100 763
2 91 3944
22 23 3038
36 51 1914
7 34 4041
49 100 4473
46 95 2391
39 84 681
62 78 3170
65 87 372
34 53 4965
8 61 4435
27 64 4750
42 99 1536
37 75 3598
25 53 3540
65 81 419
42 50 2858
78 96 2070
25 54 4499
37 49 1384
32 38 4345
78 100 301
15 21 2522
57 77 4455
86 94 2589
14 34 926
71 96 1303
27 49 692
23 32 1737
25 83 3897
36 95 2235
53 84 4057
15 89 3437
34 93 3423
22 83 107
78 87 2110
34 81 663
69 78 4592
23 49 431
53 71 4108
18 67 466
19 37 2563
60 79 2403
8 24 4924
48 97 2880
49 90 673
56 87 706
1 73 1834
59 62 4377
23 97 510
10 71 2005
26 68 1210
19 65 4364
8 93 1202
70 74 256
48 84 4920
61 72 2259
48 74 1134
2 27 4254
70 100 1148
32 79 2302
64 89 3337
17 37 1447
7 69 3251
43 50 4797
39 58 2687
11 57 1889
45 77 693
2 80 2586
8 65 2614
15 26 3109
53 87 4076
41 51 3788
48 68 406
67 74 2073
18 82 324
1 11 279
1 82 2946
27 30 186
5 46 2838
7 16 661
11 27 2673
59 90 2272
53 97 312
21 25 4523
34 55 1013
15 20 35
6 77 3534
10 95 4256
52 72 1339
34 88 1937
57 64 1995
31 55 3944
4 14 1905
2 39 902
27 90 2708
47 50 518
80 83 632
28 62 4789
73 75 4376
50 98 4001
3 33 64
1 85 4318
38 68 2558
58 67 285
71 83 1987
41 81 4596
65 69 3182
21 57 886
27 99 715
52 88 1347
26 69 4252
69 96 3620
55 77 2630
31 58 4252
28 71 4398
6 15 78
26 41 2773
10 65 4606
54 65 1630
38 87 4949
1 76 2915
56 65 4479
51 54 2832
0 11 2052
3 14 4526
70 89 4552
41 80 3806
19 77 2540
37 78 1737
12 53 3281
35 64 2613
26 77 4356
4 60 268
13 35 4866
18 57 4615
32 49 3307
9 57 1411
38 72 795
0 69 1680
29 92 3184
22 98 3769
73 98 2901
35 92 1125
55 78 1410
1 86 1749
41 49 4728
16 22 2755
48 79 319
4 23 4991
84 89 463
70 82 3865
87 96 636
24 78 2177
70 73 4526
75 82 211
70 93 2209
38 60 2379
61 83 2169
43 96 2460
12 100 95
16 27 3889
2 71 3178
10 28 4577
2 88 2902
57 67 1450
54 96 2617
53 68 3793
16 63 4703
40 100 891
57 59 3842
72 82 45
19 92 3373
31 68 1967
17 52 4357
44 72 4842
3 100 2743
73 86 2964
12 56 218
64 93 632
66 74 2206
30 64 998
18 45 3099
63 97 1760
43 62 4805
30 68 839
32 52 4688
29 44 4224
70 77 2601
13 77 1642
4 78 1260
62 87 352
42 46 1755
29 75 3467
10 21 1344
22 70 148
30 92 2513
13 27 2632
39 74 498
29 84 3498
11 93 3389
77 87 3434
23 69 3279
34 92 3389
5 92 3866
1 66 4388
15 44 3050
67 84 276
28 84 4763
48 76 1966
66 96 3119
67 88 1511
14 92 2736
98 100 1607
6 94 797
58 62 4626
10 69 3767
28 72 4372
32 55 2721
41 64 3546
27 82 2117
78 92 1112
14 20 4223
73 95 3657
26 46 4580
38 50 3247
8 27 3628
48 65 4149
21 65 60
29 57 319
28 33 4279
19 39 1584
11 75 111
9 40 477
32 76 1560
28 67 2997
12 19 4525
38 95 3276
64 91 885
38 82 1958
31 87 3957
29 94 3330
69 93 3441
47 65 3028
28 57 123
52 92 2026
36 74 3542
22 62 699
23 95 270
31 32 3567
28 35 702
33 36 572
12 62 1539
89 92 1394
19 28 2030
43 44 1141
83 99 2654
11 20 3534
25 46 1809
68 77 1358
9 15 737
8 28 1848
18 38 1515
21 89 3691
1 69 4881
78 88 1265
31 100 784
22 64 4824
41 91 4023
19 98 4802
8 42 3140
40 86 925
52 67 560
0 76 803
36 55 764
39 70 3318
22 61 3602
18 48 4574
47 86 695
0 75 1449
9 49 2604
1 15 4872
84 100 870
62 93 4596
67 75 1120
25 77 2984
0 63 2213
58 78 1328
66 88 2086
29 68 2323
6 40 973
44 59 1587
83 90 2137
73 91 2976
37 41 2419
15 47 2179
27 61 1790
24 37 1251
31 81 2021
60 83 626
38 75 1455
93 97 1317
46 85 3941
42 83 3199
0 21 4533
12 64 4489
76 90 3837
55 65 4649
12 91 1998
24 26 3160
39 63 544
63 86 1615
8 55 3175
34 43 1840
20 100 3457
4 52 4552
23 37 1760
31 40 4387
10 62 1576
9 97 2150
35 80 176
51 60 2523
65 99 1831
18 28 3503
6 16 4553
12 98 242
56 62 659
51 81 3440
38 45 2291
0 82 3636
19 55 474
30 86 2014
42 68 733
27 28 488
12 71 3820
31 33 2401
25 81 1083
75 83 555
58 98 2779
0 73 332
61 97 4252
32 41 503
6 91 3720
8 47 3157
37 38 2304
32 64 615
21 61 917
59 84 996
14 32 4827
39 81 919
10 33 4027
18 59 2746
17 81 350
24 28 3906
3 44 3797
23 81 1606
3 82 627
11 84 1697
19 84 1379
46 61 2708
27 87 1708
14 48 3761
39 78 1968
25 49 4977
46 75 3836
27 97 3079
19 34 4695
51 70 2649
59 67 2780
1 48 219
0 96 230
5 74 2286
5 98 3663
12 22 2887
6 36 4260
28 89 4790
1 96 2312
15 73 884
1 9 2470
19 76 3406
7 31 4979
52 62 2061
25 58 1478
7 97 3580
34 91 1089
73 83 387
51 61 2605
41 43 206
38 52 4453
6 65 4164
45 63 3161
38 47 4108
13 72 4812
15 31 3893
5 37 3472
18 56 1268
65 85 1966
10 11 2563
9 42 3337
67 94 356
18 22 4395
60 89 4554
63 90 3633
26 86 3140
24 69 2435
19 74 1794
57 100 935
25 48 1405
28 43 68
13 65 2507
30 85 916
15 33 948
38 54 1049
16 41 3800
54 69 2667
8 36 2626
66 68 1709
32 87 3592
82 87 4900
25 63 4208
19 95 4433
13 66 3608
61 89 4086
59 98 639
77 92 3246
0 17 4378
25 61 1569
24 57 2752
7 90 2018
94 100 767
21 92 2170
8 71 4852
36 87 3307
65 71 2439
25 69 3713
7 89 24
67 100 801
45 73 457
7 88 29
61 99 3030
60 67 2948
9 35 648
53 64 693
6 61 1746
34 97 1235
68 99 670
7 35 363
23 56 3680
7 33 1926
60 62 243
8 54 4748
22 42 4997
81 89 2808
21 68 1847
64 87 3952
0 79 1094
3 54 766
60 87 4912
69 89 15
78 80 3194
70 78 1250
40 80 2455
1 87 2292
30 81 1267
0 36 2311
27 89 2715
34 45 1366
21 33 1633
2 24 3890
26 96 2494
39 57 154
2 58 4652
30 80 4175
96 99 2300
48 99 149
13 90 4407
56 90 4493
19 62 2511
26 31 987
4 94 3708
53 91 640
13 39 1762
70 90 1693
19 86 2512
71 99 1124
1 67 1535
40 47 1097
7 14 3740
18 94 3930
62 79 4546
3 74 3884
37 43 1140
47 76 4608
62 73 4570
56 70 1826
4 11 3931
4 35 3740
49 64 4061
21 78 2685
22 49 511
20 29 4739
58 61 999
30 38 1849
49 79 4908
49 63 3113
26 60 4692
4 69 4841
53 90 2006
64 79 2740
89 100 4185
51 77 13
0 56 2643
23 89 4926
11 99 2438
47 57 2085
5 81 1983
77 97 2161
16 61 3296
30 33 1366
38 85 559
18 64 1249
22 47 3877
39 40 1304
8 63 1418
83 88 3847
4 92 3695
46 48 301
53 88 3831
75 98 3318
48 91 3481
79 81 1965
49 96 2055
7 53 3516
18 41 2434
19 45 4933
43 70 231
9 23 2831
44 65 2714
36 86 3952
49 53 1956
39 51 4537
78 79 2426
43 69 422
58 91 2804
45 61 893
31 96 5000
30 73 2473
48 54 4289
75 96 2079
73 80 4303
54 95 3345
4 43 4089
4 83 204
32 95 81
35 53 1819
35 72 873
50 76 1714
19 38 3946
21 52 772
2 95 2533
63 76 3304
33 64 4610
1 68 4166
17 90 198
9 90 12
57 99 3872
16 58 3027
3 47 3047
26 89 4071
31 65 2715
58 75 4582
30 42 4305
5 83 116
41 69 3150
25 52 3389
58 84 3614
35 58 3688
36 99 1393
33 47 547
24 30 1529
61 70 668
50 78 2516
3 27 1721
66 81 549
13 61 3606
36 71 1799
39 72 4178
14 56 1547
63 82 2437
1 71 1742
35 50 868
45 86 2762
24 68 1748
30 56 4837
26 78 4094
35 55 4961
17 97 3608
18 43 1713
12 80 1938
33 95 2107
33 96 4590
35 41 4376
26 45 2063
39 95 86
3 45 4527
81 86 259
21 23 3415
52 79 2182
4 37 410
23 73 3829
17 24 3179
49 71 3935
0 43 1940
55 99 320
74 82 2340
39 62 3590
54 88 4542
58 76 3260
49 70 19
22 48 141
22 84 2205
3 98 2366
47 91 765
31 79 971
37 51 853
32 97 378
19 87 1321
31 66 553
11 90 4249
62 89 4707
76 94 844
33 93 4263
97 99 2436
48 87 4588
48 67 2076
17 60 3951
21 87 4153
66 91 2562
24 53 285
51 75 983
83 87 3474
13 31 4840
47 97 4018
61 82 3507
54 56 4861
26 62 2859
21 84 4368
65 91 3532
2 98 4358
24 49 3908
64 100 2495
11 82 1833
36 54 3038
24 95 3821
29 80 1080
50 60 2282
33 68 3985
6 79 1202
88 91 214
78 91 1135
20 49 1058
77 95 2074
40 91 3148
30 69 330
71 94 1039
11 38 1188
21 43 3581
20 96 498
14 94 4809
61 64 4782
61 65 1690
23 79 1959
14 41 2879
7 48 3999
4 58 1981
24 94 2090
45 66 2827
94 98 4593
72 85 4745
26 53 2373
28 49 919
0 64 1408
51 52 2544
38 53 2006
44 60 2355
37 72 708
46 52 3216
47 54 4746
32 75 285
8 14 3092
8 16 3634
22 95 724
61 84 4527
80 91 3509
16 42 4888
19 40 4349
15 83 3243
28 86 3804
73 76 3880
10 67 2010
39 68 582
13 18 142
14 59 1003
31 72 3594
90 98 3980
42 67 2664
33 87 1311
21 47 2733
11 31 2086
74 93 2615
15 95 278
72 78 2292
12 70 4683
37 92 3344
20 36 1907
37 83 430
39 47 3435
8 52 2543
62 91 4789
31 82 2335
81 92 3608
18 54 2406
25 47 2051
22 41 405
42 62 880
12 15 1351
40 67 536
38 99 115
70 85 1019
11 92 3597
88 98 2139
8 32 4125
17 87 2401
48 50 333
19 68 1763
6 66 3843
60 88 1141
40 66 3398
85 89 792
40 81 1372
85 98 4969
91 97 4046
44 54 4799
20 38 1624
23 27 2935
44 62 3063
27 53 3752
14 25 2992
11 36 2834
10 53 2319
17 89 1440
41 89 688
15 39 1972
2 81 3345
53 89 2251
35 57 1705
17 84 3366
86 87 2322
24 64 950
43 58 877
30 40 161
79 80 1371
29 87 3554
21 39 3469
16 66 865
56 75 1023
59 64 2503
12 24 899
16 45 3528
10 99 1439
51 96 3857
23 96 1020
56 100 4272
4 88 937
69 99 4348
26 87 3853
1 62 3909
9 44 3453
63 70 701
83 92 4382
25 93 3001
23 53 4257
46 73 3145
48 82 4192
16 60 1493
23 57 3329
6 73 2591
13 26 1111
4 63 600
6 74 4629
50 68 934
84 94 1437
48 55 515
71 92 712
9 68 10
37 66 3340
54 84 2068
5 97 1045
54 80 1908
17 25 3591
71 84 4538
83 98 3476
7 52 1078
41 54 4721
87 98 4172
13 52 3937
28 63 558
59 74 1550
58 79 2053
66 80 4968
12 16 369
28 64 1709
18 23 2815
82 91 623
8 40 2781
40 52 289
45 47 1653
84 91 2779
19 91 148
97 98 3774
53 93 2438
20 35 2619
63 78 4210
64 66 183
57 82 3495
34 86 752
5 20 2500
47 75 2798
21 88 2979
58 80 1290
7 92 805
59 97 4338
22 55 1329
44 80 489
1 21 3636
9 37 3487
13 93 1731
20 26 2165
45 59 2236
9 73 979
52 65 1370
14 86 2588
36 60 4195
11 63 679
24 93 2994
5 100 1727
34 63 4906
77 93 1531
76 96 1769
21 72 2318
47 93 135
64 98 4400
7 64 3114
26 27 4085
38 71 979
65 66 1697
27 55 4866
8 21 2913
16 79 3569
26 29 1217
38 46 2056
44 83 4040
8 20 4371
39 100 2299
66 71 3179
11 67 2874
87 92 153
5 22 873
1 12 2570
55 68 3817
39 83 4909
18 71 3764
12 72 2678
6 57 3350
46 81 3408
20 50 3045
28 80 3557
4 54 158
0 97 113
16 48 2469
16 57 2865
76 81 2806
52 64 2009
4 75 2223
31 62 3350
12 45 1338
24 83 2067
65 89 4818
24 27 2952
65 88 4831
4 21 1236
68 87 2
7 66 3289
10 15 2177
23 63 4382
24 77 93
42 51 486
40 68 4665
3 4 3159
23 75 4723
38 86 2083
10 34 4551
43 53 1913
19 70 4551
69 71 2045
1 74 2930
10 78 1781
0 58 2378
51 80 736
66 67 4049
46 51 3393
24 44 3043
15 52 2259
1 70 2812
54 90 290
41 95 3685
63 79 2052
76 95 2372
29 43 1739
17 50 3930
20 80 2248
46 84 3524
22 90 866
86 91 1943
5 39 2577
67 89 4130
24 66 1709
71 74 3111
68 96 4230
38 40 4088
2 6 1314
33 73 2016
36 81 2403
67 70 4718
20 67 4313
48 49 1209
52 98 3853
7 74 2464
38 66 947
6 24 473
55 60 2050
21 34 4839
30 74 289
54 76 3693
78 86 4862
39 90 4356
29 45 3656
20 58 827
55 66 1861
10 55 933
64 80 1401
30 36 4739
18 34 1756
19 51 1301
60 61 2041
19 42 2873
31 47 4320
33 67 3644
10 85 1173
26 42 3628
7 98 4131
24 96 2206
14 99 3852
15 90 1073
39 53 3128
81 100 471
40 43 4625
37 57 4016
20 87 328
26 75 4697
18 51 2833
42 49 3031
25 95 1116
51 55 2160
42 79 2673
5 94 2081
43 75 2403
54 79 2826
60 66 1311
9 34 882
23 42 1202
37 85 3822
59 87 4190
87 88 38
14 24 1728
11 40 4584
25 100 4723
23 30 1707
67 91 3911
86 99 1945
7 49 2476
7 26 2016
18 69 2945
30 60 4104
13 23 4130
81 87 2923
1 14 862
48 93 915
23 84 1638
41 92 4197
32 40 2235
9 80 1611
11 62 4176
12 82 4437
42 87 403
30 95 1457
8 79 757
21 75 2519
38 83 2050
39 91 603
54 72 2114
51 78 928
13 74 1681
16 78 2921
34 38 4045
27 100 1390
27 67 685
11 28 1090
79 100 2743
3 78 2712
43 99 3838
28 40 3624
55 97 3158
37 54 1234
25 74 3952
14 75 3123
54 61 4738
9 38 1181
63 83 18
23 61 4227
0 89 3360
51 65 3541
49 88 377
61 76 1806
94 95 277
72 88 250
35 91 1682
36 78 2100
7 56 4289
0 27 1514
85 87 3191
27 58 3570
4 97 16
5 78 1566
94 96 2423
74 81 82
27 85 4813
29 63 608
2 70 1688
49 73 1364
15 55 4974
36 83 3121
46 71 2611
44 68 4237
34 52 2593
10 23 2701
13 92 727
15 29 335
26 65 546
3 18 83
17 100 3007
28 77 2243
53 58 3007
53 100 4336
55 63 3616
36 52 335
8 19 2560
31 61 2880
30 77 3451
3 10 3563
64 97 2966
22 79 589
38 70 4937
2 93 3943
65 84 2108
54 71 4002
13 79 2697
42 95 461
36 69 123
12 66 3162
78 94 1379
33 65 859
19 79 4197
21 77 4466
52 54 4632
10 43 2793
92 94 967
3 79 4293
8 87 4656
23 65 398
6 100 4745
44 85 3478
9 96 2632
7 10 780
10 24 886
1 93 3622
33 60 1822
62 92 3116
22 43 2058
9 20 2465
42 57 640
60 80 3811
64 69 1015
23 47 3710
16 86 377
84 85 1236
25 86 704
0 13 2739
23 39 781
10 70 277
60 78 4320
1 90 3845
29 88 2806
7 58 3255
63 88 1496
36 64 4956
33 88 2062
82 86 2762
6 20 884
28 47 558
19 57 2741
14 61 1020
31 35 2049
2 8 2606
9 67 3835
4 29 4961
18 92 1031
11 33 3857
32 65 3608
2 31 4074
73 90 783
22 25 1076
33 80 61
39 52 659
64 77 3794
41 77 2004
67 79 3791
4 20 2666
17 95 2626
31 78 4423
19 72 2608
5 77 2007
19 43 3748
49 52 4695
18 75 4864
28 52 1423
17 21 4011
63 96 2750
63 71 1095
14 18 1369
25 62 3094
24 29 4123
92 99 4598
11 43 2316
69 75 940
17 36 4517
57 96 2339
34 56 3994
38 92 490
33 82 3760
20 82 2203
10 20 3321
13 84 1635
29 64 2383
28 51 449
54 85 4642
5 64 1740
1 45 3196
19 50 1218
2 51 2344
40 57 4537
86 88 3002
7 79 4392
38 79 1788
47 69 4439
30 94 1764
5 96 1997
54 93 2620
9 31 4693
15 94 2241
81 91 269
27 57 1122
49 61 4624
12 21 556
49 91 2255
19 64 3448
23 31 1757
10 29 4488
29 50 48
2 92 2532
27 54 4560
37 45 1135
47 77 2674
91 92 3627
52 74 2926
13 45 2842
60 74 1503
13 87 40
36 85 409
63 84 3616
82 98 3194
43 45 48
21 85 4516
30 83 3934
24 81 978
5 82 4703
21 82 828
11 26 4451
27 96 1761
6 27 4118
79 84 450
74 79 4703
7 87 2337
61 88 4014
75 87 803
2 63 906
11 29 2272
22 53 4156
34 98 846
60 86 879
32 63 1837
50 63 3966
19 54 2224
60 95 4471
42 60 4337
22 35 3128
37 60 3278
62 81 984
66 93 1578
71 98 2601
6 93 2705
29 76 4711
37 84 4664
69 84 3321
6 32 3774
30 39 2140
12 46 2234
13 55 1382
6 12 3732
50 52 3104
49 97 3290
10 59 2474
35 42 1304
30 47 1655
82 93 1824
25 34 3191
37 61 2280
17 45 64
52 100 1184
71 93 488
16 54 4666
40 96 959
19 88 4446
6 54 1573
31 77 3135
29 82 3036
38 74 1423
21 69 3433
33 71 3994
44 88 4867
1 78 1278
22 40 3225
63 87 4547
46 70 2103
57 62 795
12 43 237
12 32 2457
23 59 2002
64 75 1339
93 99 2079
77 85 3108
11 79 2063
1 42 3360
8 77 2541
13 56 3631
38 100 3294
17 65 285
68 92 957
85 86 3812
7 100 2675
13 16 2591
9 64 1878
18 88 3380
49 58 1533
29 37 2203
53 96 3455
82 95 4838
82 99 4728
25 30 4259
61 77 3069
15 46 2446
23 40 1015
35 38 2392
43 76 384
56 66 2665
58 74 3904
49 92 1583
15 41 4580
4 86 3282
38 62 2713
29 46 4273
27 56 3499
9 10 1043
2 60 1051
26 36 375
4 36 4573
38 73 2469
73 93 4579
38 48 4919
26 58 770
29 53 3975
20 51 4732
62 100 4792
45 72 1631
20 22 3979
63 95 4048
54 58 2563
50 70 3333
39 65 971
1 98 1828
77 81 4217
25 79 4763
53 69 2837
49 56 3357
41 96 171
31 76 3272
9 22 2084
15 57 3075
33 83 3736
12 37 1678
23 72 1183
34 50 2645
80 82 3244
14 81 4373
43 80 2764
1 99 56
17 77 934
11 61 554
5 70 308
12 50 2922
39 87 2966
6 25 4949
15 49 3155
11 49 798
42 45 4541
27 92 21
4 27 2789
17 35 2006
39 45 1021
57 97 4654
22 65 1716
39 96 1998
29 54 4108
44 46 1722
32 92 4575
66 99 4362
24 55 4680
46 98 2920
5 14 2143
31 44 1031
5 51 2651
44 66 4187
72 100 2191
23 82 1294
47 49 2630
3 19 830
37 46 938
65 94 2302
11 85 3462
51 87 210
5 35 2446
23 52 560
40 53 1657
4 62 1529
64 78 4842
32 48 3863
57 95 4397
51 89 3979
77 89 3071
51 98 2310
53 77 2214
14 96 3651
2 52 696
16 64 779
62 68 4033
21 53 2985
57 90 2118
7 28 1758
79 97 109
57 69 625
21 55 2149
9 47 4089
34 74 2417
16 70 3818
20 32 3223
8 38 1297
27 78 586
0 86 2988
20 69 2939
17 76 2277
69 94 4548
12 38 2458
60 84 655
3 17 4181
0 84 4284
26 73 4114
51 94 1439
82 89 1370
15 58 3421
24 43 2865
50 66 3205
50 97 4583
32 74 3571
27 39 4578
44 81 4069
28 98 3947
10 41 2702
83 84 3936
64 68 2292
22 94 3192
41 63 63
37 50 4363
0 62 4580
8 37 3851
8 59 1522
84 96 2057
43 60 186
25 37 2215
62 96 55
16 65 977
42 73 114
35 67 4250
5 41 1063
31 43 4599
28 34 1425
20 98 54
28 61 1328
70 96 2002
14 47 2520
1 77 3056
46 91 4996
17 68 3691
13 17 195
74 87 1309
56 80 3890
55 62 1102
23 93 4974
24 85 690
45 75 2419
19 49 4165
46 65 4203
13 41 4699
79 82 4929
22 60 220
42 66 1884
58 95 1047
26 91 3260
63 75 3310
60 77 2256
33 37 1331
12 60 1771
73 85 2062
19 82 3325
73 99 3479
20 79 3246
3 8 3015
29 33 3275
63 64 2405
62 64 3868
15 87 4621
24 70 2467
12 76 2458
67 72 3043
6 58 381
0 51 360
35 65 1000
65 80 78
16 94 375
60 71 30
9 86 1394
8 96 1867
70 83 1690
3 23 555
10 13 554
66 84 723
1 59 2233
9 21 998
12 67 4530
59 69 3495
33 72 2938
19 35 4058
66 78 2109
63 93 2463
53 72 427
20 40 675
1 64 2045
0 49 2822
23 77 2516
8 69 2112
3 56 2737
6 44 2998
25 51 2642
6 35 2531
57 83 5000
28 75 4180
20 70 2514
35 100 3388
80 100 2124
5 85 3189
44 64 3671
9 29 1570
1 17 1294
72 80 3148
75 86 4524
66 92 2648
41 57 4402
30 99 4217
8 10 2546
70 97 993
43 51 3621
57 72 1046
39 89 3357
7 40 2866
62 71 739
54 94 956
84 87 4462
79 87 4138
60 93 1371
18 66 40
39 75 3790
72 97 1502
1 97 289
26 59 4702
38 76 2746
7 22 453
16 69 4400
18 36 2043
15 74 3729
44 48 1526
68 86 700
21 54 724
0 40 1215
71 91 4572
35 63 988
69 85 1741
56 72 1227
52 58 4799
7 68 2914
27 72 3204
4 56 1008
49 86 874
49 85 2753
24 52 1796
2 13 4144
26 52 2819
34 40 3260
44 74 4799
48 61 3797
3 24 3028
45 89 3779
63 92 1170
52 71 4901
13 20 4584
18 61 1359
38 56 517
20 93 1145
44 63 3147
18 50 537
27 46 3188
33 61 835
37 73 2764
4 8 1073
10 89 2556
32 73 4576
85 88 4137
17 26 144
28 48 473
23 76 2487
17 66 2118
56 71 4955
39 50 1476
23 87 4846
32 90 4056
28 38 3860
0 99 3745
18 86 3639
31 50 3392
25 92 4282
37 96 4285
61 92 3125
11 47 4081
32 39 3338
21 59 4842
20 77 565
28 85 402
0 68 674
60 82 2594
27 93 1019
77 98 4760
15 59 4147
79 95 187
46 66 2495
27 34 2657
1 95 4035
3 29 2453
28 37 4432
20 53 4772
30 97 2097
49 75 2609
52 68 2422
68 85 1999
5 58 1620
49 81 2598
79 96 4538
19 78 985
13 25 3188
47 89 3245
23 50 2150
7 17 3559
8 51 934
66 69 2550
0 28 3310
31 90 1913
64 84 1617
0 45 4999
32 60 2876
75 91 2263
36 65 930
14 74 181
86 89 4845
42 61 1074
67 99 4992
1 49 1212
50 79 4715
87 93 1903
4 22 1652
27 50 2149
8 34 1463
14 100 996
8 48 4835
30 37 1962
37 62 2313
13 33 2265
57 78 883
33 38 879
13 30 176
75 92 1632
25 75 3263
57 98 4438
46 54 1690
22 28 2902
14 15 3100
10 100 4760
94 97 3156
42 96 4330
48 53 1275
55 67 998
66 95 2381
11 65 1853
80 98 29
26 81 1335
32 43 805
11 70 2253
0 47 3131
46 60 120
27 79 565
14 46 372
14 73 2773
32 42 775
43 87 631
72 86 3300
7 60 4863
22 97 2393
33 43 4199
35 36 3990
48 69 3863
0 37 3359
30 55 1957
3 50 4927
24 54 4445
16 18 1455
0 72 3955
93 95 3600
10 49 3229
5 86 1872
87 99 1868
19 31 434
25 26 3812
18 98 4099
0 6 3692
27 35 4822
3 88 1538
31 95 3906
18 37 3296
10 26 3461
4 26 4148
3 30 4626
62 83 995
22 33 4160
6 22 1658
22 87 2953
15 79 2068
50 65 2785
45 53 3752
11 12 697
49 55 361
7 85 4378
21 49 3330
7 27 4774
17 55 4172
12 51 266
10 63 2325
37 79 3230
23 74 1242
64 72 3549
21 56 4858
4 24 4952
8 80 4280
44 97 917
49 50 171
44 50 1941
39 98 3595
3 89 200
5 53 3824
16 33 4676
4 28 1587
13 62 1134
12 40 280
68 95 3000
7 80 4233
3 84 968
22 56 4809
6 47 3678
37 98 1251
2 55 199
40 70 1105
26 55 4181
38 41 1774
39 93 243
9 41 4527
8 41 1857
34 87 3762
26 99 3699
52 99 3720
66 97 1373
57 87 861
34 54 194
17 93 938
11 52 569
14 19 64
35 70 541
20 68 3106
21 28 4210
34 57 2387
8 25 3506
64 94 125
9 83 3108
27 73 3982
16 75 3992
62 75 370
43 84 2133
51 56 141
3 38 3215
8 81 456
23 62 4565
88 95 4394
27 29 4539
15 67 810
2 42 2679
0 87 2993
35 96 305
2 41 3282
16 76 4037
0 77 4491
16 100 2614
20 30 3642
38 65 310
7 18 1152
15 17 4128
31 97 3999
42 90 2733
57 91 2704
15 77 1328
1 80 3983
61 96 3565
37 59 3682
46 53 851
12 54 1623
29 52 2346
89 93 1766
7 21 1777
20 84 1176
10 14 1532
1 35 1268
29 56 1319
19 66 1067
62 88 3656
47 60 2128
16 34 3125
60 98 213
54 74 482
53 56 3652
2 94 485
3 46 4479
8 66 2837
21 90 3201
73 84 266
43 90 3227
62 70 2208
58 86 4966
74 78 861
38 94 1397
45 91 2564
10 72 144
55 88 1631
0 34 1149
42 65 2588
73 88 139
17 96 660
38 78 2616
42 47 4835
11 25 371
79 90 625
46 89 4840
0 67 342
35 88 2427
14 79 1827
3 36 3334
44 84 2256
23 66 3505
58 70 4446
4 15 4309
2 5 1913
66 83 4292
56 64 4327
8 74 799
51 73 1149
98 99 4583
29 81 4434
20 85 3389
27 81 2628
76 91 953
59 68 3764
