1 99 4950
0 57 633
2 1 1729
3 2 4056
4 1 2264
5 2 4858
6 1 4512
7 5 3449
8 2 1828
9 3 4728
10 0 4450
11 1 646
12 5 2273
13 11 1996
14 3 1558
15 8 4751
16 10 1066
17 0 4061
18 3 929
19 0 2478
20 14 726
21 9 848
22 0 1119
23 4 4095
24 0 3366
25 10 2937
26 20 4215
27 13 4635
28 19 2565
29 11 2403
30 15 4029
31 0 2140
32 2 464
33 4 3543
34 3 1961
35 7 2276
36 27 1697
37 21 2664
38 33 2211
39 36 764
40 22 672
41 8 4285
42 26 2264
43 10 4948
44 33 740
45 38 493
46 10 3511
47 21 3942
48 38 2468
49 30 1957
50 11 2414
51 15 1937
52 30 4964
53 44 2125
54 36 1003
55 1 3470
56 54 3150
57 1 26
58 43 4740
59 57 4071
60 8 622
61 15 79
62 46 1794
63 11 880
64 23 4452
65 42 3070
66 21 1895
67 12 3335
68 22 825
69 57 3004
70 35 3494
71 49 568
72 25 194
73 61 1605
74 57 4073
75 19 1892
76 53 349
77 6 321
78 13 3463
79 50 3485
80 17 4621
81 45 2422
82 10 1990
83 26 3565
84 75 4589
85 54 1776
86 44 1023
87 5 4072
88 81 1384
89 84 520
90 40 4415
91 80 2208
92 48 3876
93 15 3526
94 2 841
95 40 801
96 53 2191
97 47 2516
98 47 2331
99 37 1388
100 67 995
71 72 4353
13 38 1328
22 44 4915
7 16 932
17 27 3006
60 99 3699
43 90 3590
31 66 160
42 95 4652
58 85 1281
19 70 1534
16 25 737
48 99 511
28 65 1929
24 73 888
13 36 2641
14 80 4765
37 66 3334
8 20 15
17 93 959
22 80 60
2 74 4198
46 72 4358
18 56 1444
0 98 4550
30 34 3896
82 87 3277
75 76 1203
12 18 2578
19 68 4913
27 39 4654
12 43 353
35 86 3886
6 80 1153
27 60 1651
30 75 895
19 96 610
66 81 3280
18 30 3320
80 99 2204
11 21 150
76 91 4307
46 48 2325
0 78 4091
39 79 904
46 58 710
55 99 1965
70 73 3686
6 87 1829
38 43 1667
74 77 2306
72 80 668
41 90 4115
14 37 2268
18 99 1187
4 42 1826
1 61 4179
20 87 1494
86 97 1742
49 74 628
55 85 4179
21 55 4263
58 74 4551
71 80 1628
9 91 4268
22 34 4420
15 69 4152
4 83 762
13 24 779
24 89 1555
23 46 2126
42 60 1041
71 81 552
24 69 4788
1 95 3206
0 64 2849
11 69 1224
6 21 2484
57 79 2095
59 70 2004
16 97 3618
10 72 4667
52 59 1220
20 39 3291
70 93 886
86 93 4393
65 85 4002
32 58 3803
7 95 592
62 84 4891
41 42 266
12 79 2412
55 94 449
17 75 1084
27 93 1146
22 35 1886
6 13 1413
13 81 705
16 89 1809
3 87 2684
1 22 4994
8 59 4122
39 40 2715
4 48 2932
2 60 3508
99 100 1570
12 84 4473
74 99 1123
3 4 240
41 97 617
18 35 3182
43 83 2746
15 43 1946
41 58 4757
33 47 2399
20 80 4032
94 98 325
28 39 4182
38 64 1334
80 89 342
50 71 1548
51 77 4291
10 73 2689
26 61 1609
51 96 4590
62 63 2089
5 95 4578
82 83 2947
65 72 3007
90 97 1511
33 43 292
23 47 3141
16 21 3377
9 92 3511
18 96 3188
17 96 1428
72 97 181
43 62 3132
22 33 357
52 83 906
55 100 1747
47 66 938
37 52 1099
44 100 3812
42 86 4737
47 71 2532
37 55 1232
11 17 1525
13 50 1700
16 68 1700
27 76 3662
36 86 3235
18 86 4911
3 5 4766
23 85 2549
83 85 2564
97 98 4152
11 65 113
5 78 4811
48 57 1740
16 92 1592
32 81 1025
31 78 4349
25 45 3596
9 22 1692
78 82 2993
31 68 505
20 100 2852
73 77 3766
57 60 2193
22 58 3410
84 93 2587
23 97 724
10 44 4109
8 74 4493
43 49 4387
29 88 1102
8 50 4648
31 35 1631
27 75 1655
8 65 3373
13 77 4704
13 100 1958
39 88 4411
50 75 1556
6 9 2965
8 87 3746
72 74 4206
9 27 830
29 43 4252
71 79 3596
20 23 4248
28 61 2051
12 16 1476
28 55 3928
3 21 4448
52 75 585
64 87 1675
88 94 2831
55 62 657
45 55 3908
23 82 3277
29 99 2578
31 33 2532
31 84 3416
16 46 3509
28 45 2057
5 74 2106
60 87 840
40 75 3869
52 99 3453
13 29 4785
80 90 1451
59 87 4214
21 85 2280
11 27 1494
39 65 2738
27 98 4202
2 61 3149
23 51 1296
46 97 564
84 85 2044
43 48 1183
40 72 4917
35 95 4907
28 31 974
71 96 4862
20 38 3244
5 39 3783
74 98 2250
19 59 96
19 82 1505
18 48 53
45 69 1001
26 60 2248
78 95 1502
47 72 3327
46 55 1359
16 98 4889
11 46 2421
0 46 1362
37 82 3452
27 61 2268
46 57 986
5 100 650
40 92 4143
37 83 4551
16 82 3319
37 54 106
9 88 3788
37 100 3245
60 98 412
52 66 527
27 68 3095
79 90 7
81 91 1754
17 26 1637
72 83 2114
55 86 4174
51 60 4647
39 69 3462
75 79 4016
17 56 4865
61 89 1004
6 26 4328
49 78 550
3 77 2343
65 88 4936
36 85 3840
38 69 4052
31 47 1632
12 17 3410
38 78 3876
12 70 3262
22 67 3341
41 87 2472
45 65 2261
19 66 1758
8 13 12
5 84 1035
64 71 3960
38 74 4315
18 33 2224
78 83 1301
77 82 3539
1 62 2258
0 2 1530
32 73 2439
4 32 4552
8 69 1689
32 53 2411
85 87 1253
7 52 1665
46 49 4774
20 34 2005
81 98 137
47 75 4419
17 57 2031
58 59 2159
48 93 3877
35 50 1000
83 89 3390
32 36 2362
15 57 2459
7 54 2806
11 49 870
35 100 1141
53 98 1313
17 64 943
52 64 3815
57 81 1739
41 94 829
51 68 435
69 78 1263
47 90 3181
6 14 3051
53 73 2467
27 58 3547
96 97 4207
22 90 1787
27 63 3756
20 35 4582
0 39 1901
17 49 2204
22 89 3286
12 47 745
22 100 2331
24 55 2186
72 99 308
69 95 1346
30 74 1451
23 95 3261
79 82 2579
44 71 3116
6 89 4795
39 48 1036
9 49 941
40 46 4901
30 47 1465
43 45 4698
9 26 3282
26 37 2457
77 83 699
38 53 4042
3 79 4054
88 95 3260
66 73 1662
18 98 3303
24 32 2981
58 86 748
28 86 3748
80 95 4020
47 61 4961
40 89 1959
43 59 4168
61 81 4241
46 93 4530
19 69 4813
54 89 1010
69 70 1633
3 43 2316
9 34 3259
48 73 4569
26 29 3947
29 96 3959
30 67 4352
76 98 4323
26 100 2829
1 90 2872
33 45 1344
31 40 442
1 81 4667
67 78 3437
22 60 3356
5 64 2472
50 72 286
27 97 4404
6 63 1425
41 78 273
14 63 751
5 43 902
10 80 849
61 91 4690
0 95 1941
51 74 1345
29 37 148
65 95 1763
49 52 1756
18 19 1955
27 84 4125
15 27 4900
13 31 3179
45 87 2371
69 94 1807
15 26 4334
26 79 1172
22 93 326
23 30 1918
9 78 1602
38 62 4684
59 98 1419
47 94 3107
8 64 2890
45 47 4234
47 67 3888
9 28 4358
15 88 2836
30 56 43
37 39 877
41 70 4090
51 88 3807
4 94 3590
82 95 2744
8 34 3930
53 88 1246
24 87 1575
15 90 3476
49 99 2817
57 97 4817
0 66 4342
33 36 882
39 64 4201
70 78 1276
46 90 4177
65 78 901
12 97 3891
7 46 4890
22 55 2251
49 63 1869
29 41 4537
36 43 3757
3 82 1508
34 48 4356
8 32 3924
17 76 1351
37 78 3912
44 54 317
7 85 1598
2 18 3310
73 74 4429
7 47 4295
29 82 1533
67 82 835
40 91 1712
5 65 4150
17 73 1825
9 86 369
80 85 1231
70 80 3770
89 99 1571
12 87 483
14 41 1692
9 93 572
70 85 642
25 89 81
64 84 1883
57 99 1288
26 47 442
18 50 3428
37 79 636
79 100 1292
35 51 4391
15 18 3208
40 42 2758
22 91 3650
10 17 3823
6 58 2988
75 90 32
76 89 1501
50 70 3941
23 53 482
47 85 1407
34 64 2288
40 98 998
69 92 273
33 68 2371
8 38 3365
2 14 4419
28 67 521
75 77 357
70 79 504
45 61 3842
0 41 3776
14 89 3261
18 23 3502
69 74 1391
38 63 3144
4 75 4150
29 40 4475
7 74 2451
24 97 16
0 75 1200
33 37 782
88 90 1682
53 100 2656
0 52 3057
19 43 4727
28 90 2057
4 45 3256
46 88 3464
33 34 2503
19 56 3504
35 80 493
26 66 4544
26 98 2642
66 85 2324
2 99 3616
16 94 2254
74 75 482
85 91 2791
22 46 1589
4 36 2784
53 97 665
23 50 69
17 66 4452
27 86 3430
37 98 2482
41 73 1735
12 20 3886
35 64 1277
28 94 757
21 32 3958
39 60 1211
16 27 2424
24 52 2800
1 98 394
90 96 2707
88 98 4730
32 97 2156
0 51 3488
12 69 2577
13 95 2214
54 83 3218
6 72 1076
30 94 4604
9 98 4972
85 95 2012
36 89 3320
59 85 3692
37 93 41
21 67 4979
15 95 117
73 75 4874
16 51 851
38 61 3506
2 6 2212
14 19 3057
9 29 4397
25 81 385
29 100 1517
63 100 517
35 36 4597
66 78 3035
8 36 4609
37 64 4958
25 29 661
5 29 1765
24 91 406
18 38 3119
47 89 4897
4 99 2147
1 45 4320
85 98 2089
61 92 558
1 44 238
21 89 1931
37 63 1410
44 84 2083
11 16 3887
55 97 4970
14 56 917
11 96 223
46 99 198
43 47 2877
7 90 1749
18 80 1296
56 72 1117
28 50 2492
6 71 396
8 12 1384
4 89 358
15 84 275
3 28 4630
32 50 899
89 93 2625
27 95 4326
82 89 2205
12 82 4747
18 40 2705
17 91 4006
7 89 1288
12 64 4748
34 74 1550
47 91 752
14 58 3003
69 81 1775
59 78 4604
29 68 705
42 99 2421
88 89 182
1 84 1597
13 18 4929
21 58 3576
75 96 3786
23 39 1416
77 88 4982
12 83 2353
4 59 215
16 41 806
14 27 2945
18 47 3182
53 54 3134
85 97 3815
40 55 482
12 55 4755
19 65 2406
69 84 446
8 47 254
44 72 4263
59 82 1296
26 70 2726
2 34 2749
10 85 3551
16 79 1783
42 91 224
34 83 2501
57 100 2376
12 59 4993
3 7 4241
32 43 1148
26 41 4888
8 30 1345
11 53 644
8 28 2285
28 79 3285
89 91 3645
59 65 3530
43 100 2470
8 72 4138
43 94 1037
4 5 879
25 43 4707
12 60 4921
53 56 3794
0 55 4336
16 63 4131
20 52 721
60 65 2347
21 27 2990
36 45 4430
29 34 3039
13 15 3665
66 99 981
0 48 3686
44 95 2368
17 78 3657
24 79 1908
37 57 620
16 39 3382
65 82 3025
15 52 1113
73 90 2775
16 83 4803
1 91 30
0 20 3609
14 68 1633
46 76 4314
67 96 2198
64 78 1485
48 51 2183
66 76 4492
12 71 505
36 95 3514
2 83 3295
6 24 4992
28 60 1770
4 41 4242
11 95 4469
11 58 3008
43 75 2833
13 86 2130
34 87 3951
54 79 543
72 82 3149
66 80 183
27 55 2855
31 88 3944
5 85 1451
17 52 2443
0 26 4894
48 71 1047
2 81 3778
93 95 1189
25 76 4458
24 35 3157
31 32 645
7 64 2424
24 60 2320
4 50 946
11 22 190
41 81 2402
30 46 3959
3 76 4048
6 54 2277
8 45 3015
52 100 1900
54 69 37
41 84 4485
8 26 463
7 72 1493
4 85 100
2 90 1673
38 96 784
11 35 293
33 85 4730
73 99 4895
5 54 860
59 75 4763
47 51 1194
72 78 4930
7 13 1988
2 53 4223
25 84 4828
4 37 4283
21 57 1128
60 66 2883
49 98 41
36 72 2405
15 53 1600
83 84 3081
89 96 3359
42 88 997
5 47 3920
47 83 1096
76 85 2185
13 56 4664
0 74 3685
51 53 973
74 76 1714
64 97 4667
44 60 2318
19 34 65
32 35 4855
9 69 3322
82 99 735
43 80 1828
0 59 4107
66 95 1541
10 36 315
36 82 291
3 58 2228
32 52 4667
51 66 4228
2 77 3315
90 95 1113
35 89 4773
79 84 2337
9 71 2872
85 86 2056
21 68 1578
13 61 4320
78 92 534
56 80 4776
34 37 4443
44 50 745
79 95 4813
59 71 4849
7 58 1002
13 14 3480
10 38 1086
4 29 3216
11 83 2205
2 22 845
29 32 2966
50 57 4802
9 41 3861
34 59 1868
33 50 1879
10 92 4285
30 62 2738
41 48 721
3 69 3546
38 83 4608
49 64 4473
27 66 3086
0 12 4505
6 67 4069
14 71 3468
31 63 1621
11 32 2161
79 93 816
52 56 325
4 16 2120
2 41 2411
9 53 3785
52 96 3942
12 38 128
20 96 3265
12 99 1772
3 36 2215
14 93 3880
20 81 2848
81 90 3749
86 92 459
15 71 4067
93 94 2776
6 69 4052
4 19 2836
7 50 2165
55 74 321
29 38 1545
59 94 4287
48 61 1048
10 94 3105
35 41 3604
61 90 17
17 40 3459
3 75 1716
64 69 4860
4 72 2093
8 11 187
2 50 357
60 88 460
47 87 3329
13 35 1345
37 49 1945
62 71 3076
38 40 1780
12 31 4797
60 79 3755
23 74 1431
19 67 3561
50 95 2198
39 83 4307
22 66 3567
51 99 3359
36 48 4836
23 55 1800
18 45 3127
22 50 508
9 48 1931
21 29 3019
11 93 1294
1 3 758
28 97 3975
3 35 989
41 62 4274
13 82 4371
40 78 3111
22 81 4375
20 88 2407
18 77 1951
27 57 1873
6 98 2826
23 24 1376
14 18 4522
28 48 3455
6 86 2566
34 36 356
38 87 4047
23 44 4469
65 91 3690
14 29 3865
0 32 2340
76 83 1797
25 63 4927
14 76 2088
43 92 1542
25 64 4819
42 55 1719
25 41 1039
67 71 1767
8 51 2544
46 53 4904
67 89 3011
47 62 3929
50 99 245
11 82 2209
39 73 1911
24 70 619
26 48 2323
61 69 2122
46 87 1024
16 43 2902
91 94 2602
29 75 1500
6 33 3241
39 56 4385
51 57 3783
53 92 4093
36 88 1559
20 56 2103
11 88 3469
52 95 1300
60 67 2309
12 86 4586
18 51 1071
1 50 2695
17 48 436
17 19 2235
12 29 4376
59 80 1640
29 94 2751
20 69 3777
38 57 3090
12 95 1052
68 71 1554
62 69 4989
40 93 1734
32 60 4751
4 13 4790
47 80 4727
20 32 4663
10 76 3105
16 35 1581
82 93 494
46 77 3443
52 77 4859
18 65 604
31 85 4744
6 95 3109
2 80 4343
56 70 3050
33 60 270
24 25 1375
42 56 2642
25 79 3425
57 61 3972
1 52 4102
4 8 2901
29 56 1457
64 75 4788
8 49 963
79 91 3944
62 82 3701
74 92 981
35 73 4610
23 86 3673
26 35 4466
95 97 4171
8 24 3050
16 100 2252
95 98 4158
60 64 1613
49 60 67
40 43 4636
6 73 2846
28 40 2197
81 84 4477
12 37 3101
47 86 2404
30 80 3412
3 30 1296
44 62 1273
82 98 2565
26 62 299
61 68 922
51 62 1261
20 43 4446
20 44 3337
29 64 853
23 84 4983
67 72 2248
87 98 2070
21 100 3421
19 93 1840
20 37 4252
28 91 2808
24 78 2994
73 87 3234
33 72 838
46 50 1782
0 3 228
14 60 4126
76 80 2752
53 91 322
12 42 988
43 53 47
17 24 4850
30 61 868
28 42 2995
21 26 3050
2 57 504
1 17 2665
22 92 4825
56 58 1933
40 76 1890
12 51 4510
68 78 1313
75 91 4305
14 44 1863
14 35 959
42 72 388
76 96 2511
4 58 1148
48 82 611
8 40 2679
0 84 3056
7 44 1657
11 99 4179
24 99 994
68 100 3785
43 54 1863
73 96 1835
74 86 1505
85 96 4129
35 79 4368
66 87 881
91 98 4413
52 85 604
76 81 3004
2 36 565
41 100 1198
34 75 4377
26 33 2823
3 33 3246
12 66 2693
16 78 4156
44 96 3546
36 74 1664
8 67 1583
24 44 3896
0 67 72
22 97 133
44 98 4548
51 79 869
4 76 864
19 76 4185
19 78 4911
23 59 3347
8 89 3631
0 94 1576
26 59 4729
50 55 4537
60 69 1461
42 77 1926
12 36 1517
87 95 1252
13 44 2267
10 32 4753
62 70 418
15 17 4618
11 18 4180
1 69 4701
35 91 3231
23 32 2651
11 42 627
1 24 3640
45 51 1248
44 51 2915
66 82 3274
24 46 1210
2 71 3863
75 100 3071
25 52 3936
13 60 129
92 94 558
2 66 2934
42 63 2627
17 43 4332
47 81 1614
14 30 3544
63 71 1394
87 96 1334
66 77 198
57 98 4566
27 43 1901
17 51 1427
55 56 1913
32 47 2761
2 58 2359
5 58 3570
11 60 4363
21 69 37
28 64 834
6 91 2978
18 94 3699
14 33 2095
74 78 1593
67 84 4593
14 51 4261
3 40 2841
4 63 369
20 61 312
4 11 2451
40 57 2661
51 97 1670
37 84 36
36 46 1724
0 85 4711
80 97 2729
1 80 3134
36 53 2154
53 60 3606
28 66 1141
81 96 4407
50 61 1895
49 86 4206
23 77 359
30 85 308
70 100 1963
12 46 1344
17 45 3055
34 63 1196
30 78 601
73 81 1613
58 97 2765
0 61 1337
14 82 2997
27 48 3913
5 68 2056
62 96 2883
31 55 729
16 45 2290
2 87 674
11 45 4932
1 13 3813
23 98 714
7 59 690
23 69 2532
30 95 4953
34 79 2403
3 83 1842
81 83 2583
33 92 2485
63 98 3957
24 59 3969
22 65 2518
59 93 725
9 79 2202
58 66 169
30 40 405
30 69 1920
10 50 2290
0 35 1345
41 44 614
20 73 2800
7 93 3206
14 98 3789
54 91 2375
20 77 800
49 55 2081
51 76 253
16 67 3790
29 74 4588
52 79 4895
2 92 3278
18 87 1320
11 62 180
87 90 4599
22 61 2835
50 82 4036
52 92 640
63 93 4156
63 81 856
19 58 746
30 42 1955
26 65 1199
8 92 2936
0 49 2973
52 63 1720
29 91 1592
35 94 3822
12 93 3658
97 99 3246
12 50 350
22 86 2303
68 84 3782
93 98 4981
52 68 4952
55 75 234
26 84 4994
12 72 2216
16 28 4604
50 56 4462
9 51 855
32 57 1720
24 67 367
34 80 4631
29 70 3907
19 92 493
12 27 2193
11 89 4684
23 80 110
7 34 1115
38 94 725
24 43 4431
41 65 4888
15 60 39
16 60 2106
34 60 2658
4 62 143
3 78 3567
20 33 716
3 38 4880
9 32 4436
11 44 3949
43 60 2443
64 95 4688
0 38 4171
78 98 3321
21 80 4098
44 55 3004
33 53 2042
60 77 2420
41 46 1303
48 80 2482
68 83 4265
3 72 836
60 73 3304
18 72 1934
28 96 3217
1 47 4324
37 62 2423
71 77 1191
5 86 1487
21 59 1891
3 26 2366
47 92 3706
18 66 2670
30 41 2455
43 68 3583
46 80 889
21 38 1797
19 41 4590
6 97 1867
52 88 3734
12 85 785
33 77 3635
52 94 872
34 98 2153
45 75 2646
39 93 14
66 91 3944
8 88 563
4 68 3943
31 56 1852
8 68 3734
56 66 3830
10 22 3889
6 25 2958
7 80 3458
80 100 936
40 68 2625
19 38 4501
6 20 1725
43 74 2045
3 52 1279
8 84 2292
10 78 3318
30 45 578
16 96 3057
20 50 1668
50 94 4459
50 80 3089
6 31 3071
62 92 2246
24 96 2686
28 32 1986
55 73 3620
27 37 3096
38 98 4901
5 51 4758
0 89 3958
4 74 2688
2 19 1870
60 97 2693
87 100 1666
35 60 4371
6 15 1285
9 75 4415
50 68 561
26 94 3491
63 82 28
57 85 3474
42 96 1483
25 82 4283
58 80 2037
62 64 2640
78 86 2648
46 52 3862
45 85 1501
25 48 997
62 76 272
9 58 1002
25 67 3787
47 82 619
64 81 1302
1 82 4418
44 74 4360
11 86 2519
51 67 749
53 93 3111
40 73 3995
15 40 1015
14 32 4069
71 97 3111
48 50 451
40 94 3533
70 71 4047
48 91 3103
29 79 2618
17 39 1814
6 36 4135
6 34 3752
43 99 3195
7 67 3232
26 30 1532
22 23 1869
60 62 4541
19 35 4299
13 99 3396
41 83 4077
22 71 4361
34 95 2636
1 10 1405
5 97 348
81 85 2584
40 70 1165
3 51 3177
19 62 1921
12 76 2715
8 66 3013
19 64 3420
39 86 4240
32 33 1991
5 57 4405
56 76 530
40 81 1984
69 85 3109
58 73 4749
9 77 1035
24 75 1727
59 72 252
0 37 2153
21 63 3157
35 98 3298
34 77 2278
16 90 3154
38 91 1700
73 94 4177
69 71 2713
33 62 900
64 85 852
29 54 2609
73 78 2307
32 39 3133
7 41 4270
25 88 1476
5 40 4327
1 37 4602
76 79 801
5 13 4923
51 52 1287
8 19 2772
37 94 2804
60 95 206
47 53 2164
16 87 282
17 65 163
15 37 77
83 93 3200
5 79 3371
36 49 3365
63 79 2355
72 98 1873
13 40 4519
78 91 4505
1 73 2156
16 59 4072
39 72 1241
30 55 4355
27 64 2002
0 73 2302
19 32 4284
27 92 3307
50 60 2766
70 82 4267
35 44 426
7 42 72
64 93 4369
7 98 960
40 53 2737
24 26 2935
31 86 4938
38 80 155
53 72 1397
15 28 120
32 51 2223
70 77 3473
77 79 761
34 97 1740
0 77 3928
70 76 4492
44 82 1440
13 69 4434
32 48 1574
9 46 2241
1 18 4301
7 62 49
8 71 2340
18 97 4764
38 66 4767
14 24 3826
15 75 630
4 17 3537
9 12 966
4 69 982
78 87 3596
46 67 3768
75 86 3405
3 53 2519
47 84 2357
65 100 1451
9 59 3282
59 89 3172
35 85 2733
4 92 3364
24 84 2801
83 86 3567
18 85 2299
45 53 1524
42 74 4335
20 36 3439
8 94 580
31 90 3328
67 93 2994
75 94 1362
65 73 4686
39 80 3941
65 87 2521
24 41 150
62 93 232
15 82 3937
43 79 1074
31 38 2836
9 64 3506
58 67 3995
63 69 3025
9 81 3799
27 88 170
58 69 1499
32 87 1281
24 71 3161
0 69 2137
30 90 2952
66 71 4010
28 77 1862
33 40 4608
60 86 2093
2 49 3594
23 94 489
48 75 2289
73 95 4002
20 54 397
24 66 4979
5 48 175
2 38 3335
35 83 3943
19 84 1412
59 88 2171
14 22 783
68 80 4129
15 55 4019
21 75 4265
14 43 1720
51 94 517
28 73 4375
33 52 3693
8 96 734
42 83 3133
18 67 4449
37 51 4607
69 82 1293
27 34 659
6 53 2310
18 82 3943
45 57 2904
46 73 3693
89 98 4779
11 97 1993
34 44 1711
4 53 2565
26 32 792
23 62 2822
45 95 4437
30 36 2393
31 69 4903
45 60 3766
56 94 2834
36 71 1392
12 100 2788
68 90 2584
86 94 1619
29 66 2602
59 81 3419
12 26 659
38 54 3552
39 51 3264
9 83 606
49 92 3126
8 29 407
22 98 4999
31 64 2285
34 43 943
18 69 946
5 18 539
57 88 1947
48 85 234
11 81 214
10 26 1809
12 32 138
8 81 2942
55 59 3701
34 58 3029
37 58 275
39 68 4570
10 42 4293
5 19 3807
69 90 958
59 97 1297
16 50 1565
54 74 2488
25 42 1523
32 55 3077
44 64 3300
24 83 2760
61 96 1378
43 76 2832
7 97 2039
35 63 4489
92 96 3565
32 42 4111
34 56 916
56 69 3619
19 42 2796
2 17 458
67 69 3683
16 53 1452
83 90 43
6 22 2010
33 84 3539
30 60 1186
2 37 4552
17 47 307
15 35 1995
22 59 4023
21 54 2325
14 39 1134
14 72 2941
5 69 3226
27 49 3321
20 42 3322
76 97 886
60 76 3448
14 59 312
47 57 2395
12 58 2241
8 48 4168
2 21 4994
39 49 4190
7 79 770
42 100 4476
84 99 2381
49 97 1268
36 38 3263
31 100 3290
28 88 1183
60 85 1737
20 64 4329
13 21 4712
3 81 1445
73 86 1844
2 79 576
10 24 3184
24 98 4891
61 99 19
34 78 1510
45 79 4978
53 64 2813
39 90 2940
10 77 2426
52 97 875
15 42 239
33 76 319
14 66 2087
56 91 2682
19 87 3021
9 90 2420
49 73 4554
70 97 2216
53 79 4142
64 72 3245
56 74 3874
50 74 176
40 85 4433
17 82 1001
1 14 89
50 89 921
36 37 2605
44 78 4988
33 80 2144
89 90 668
21 53 1648
0 60 2523
4 18 293
51 55 2016
50 96 2089
20 78 3564
71 74 1448
29 95 3654
52 74 4522
32 68 4704
72 93 519
63 80 1741
20 99 27
55 87 2549
48 53 325
61 70 3510
72 95 1707
0 34 1030
81 93 1680
94 96 1555
3 63 2974
49 95 2399
4 77 3049
28 95 2629
5 81 4217
63 83 2993
11 48 3893
70 81 56
7 83 2275
64 83 3816
9 87 4276
81 89 3892
32 41 729
17 86 2043
37 41 1923
27 50 3727
28 38 790
15 73 791
28 44 429
27 91 2108
59 66 1667
9 31 2357
25 55 3250
17 53 363
38 50 1047
45 71 1697
0 70 783
58 81 871
14 40 276
76 95 4047
45 94 3415
10 37 411
10 89 587
53 87 65
14 77 1741
7 53 2678
20 76 3253
62 85 2606
7 78 1233
33 86 4784
47 70 4258
34 68 2933
62 98 596
13 91 1615
23 40 3837
27 89 3183
67 90 1867
4 39 3875
2 20 3143
58 61 3562
45 82 600
48 89 257
62 90 3529
2 16 3873
64 68 4003
45 64 2957
7 56 4503
51 70 3208
20 47 510
11 91 3151
45 54 606
7 21 819
8 63 3439
20 55 4895
28 51 1983
41 60 3967
41 77 1739
32 90 3776
2 98 1182
75 81 4506
12 88 2500
32 45 3212
0 27 3221
43 55 992
39 59 237
34 93 4066
49 54 2490
28 34 4026
0 16 1835
58 87 3666
17 25 4150
5 32 4718
53 83 3557
4 60 2648
28 70 504
17 70 2575
13 76 830
31 97 326
2 63 1620
57 82 3315
60 72 4608
70 94 4147
45 92 2065
75 78 1354
7 39 465
6 82 1968
15 92 2945
16 80 1074
45 83 1924
48 69 689
12 98 3296
43 96 438
2 76 2210
13 53 565
64 73 4534
14 78 1888
77 96 650
46 63 4787
78 90 2100
20 95 3792
33 59 1869
48 59 4867
70 98 1532
61 77 3907
21 73 4758
93 100 1154
39 53 3701
6 78 2773
49 50 1158
51 75 440
77 84 3923
9 89 4781
48 90 2537
12 35 4864
45 62 243
31 44 2236
3 11 2011
20 58 580
7 63 2130
39 42 1234
7 43 2545
5 14 3303
7 38 1519
16 65 1717
40 96 559
69 91 4497
54 64 4827
48 86 795
0 23 2535
36 94 4936
56 99 155
30 84 633
46 95 184
67 77 118
16 52 38
33 41 58
10 95 547
16 22 1619
24 74 962
13 62 4887
9 54 3485
0 71 4753
25 83 694
14 15 2868
89 97 4970
28 47 2782
1 53 4728
42 76 40
2 70 4143
43 64 2201
74 85 2946
22 51 2197
19 86 611
33 90 4119
30 96 1479
19 46 1234
1 77 1508
38 39 3557
35 99 3213
0 58 337
13 92 4808
42 51 3071
39 91 4442
12 81 502
85 92 2276
6 93 3899
11 75 3091
4 87 2720
83 94 4110
55 95 1598
32 71 934
19 90 325
17 50 1225
16 66 574
46 92 4789
12 52 3742
5 77 1964
23 35 4561
17 79 2826
8 22 3576
79 94 1342
23 92 1141
52 65 574
27 32 4341
84 100 3698
61 85 63
30 50 3516
5 73 4320
40 71 4674
77 95 3571
33 82 2860
13 98 2310
36 84 4794
23 65 1219
1 75 3383
23 33 4232
22 47 3405
47 49 3849
3 25 4122
6 38 1445
13 88 3476
22 27 4633
22 32 27
15 56 409
51 63 3241
58 62 3926
4 14 102
18 34 4879
10 63 65
11 12 4776
1 41 1584
0 25 2530
31 48 672
12 41 4416
75 85 2385
42 64 648
81 94 2423
40 86 3263
7 37 2182
57 95 320
18 84 2202
65 90 2868
48 56 3352
8 93 872
13 54 880
19 20 2654
30 81 1688
84 90 3218
16 19 656
26 39 3422
63 97 2756
32 95 1933
12 78 1744
1 15 1014
44 79 4255
8 35 3687
12 54 3018
38 77 4083
24 30 896
7 60 1226
5 35 273
21 30 2498
4 61 1846
60 92 4455
34 61 4970
15 41 4079
24 81 2904
44 87 4133
18 20 768
50 86 70
14 88 2847
1 29 4823
6 43 841
47 48 1020
2 44 3942
13 63 160
1 5 2351
66 74 4502
59 61 224
6 18 3361
56 67 1578
15 78 1625
13 72 4347
7 86 430
3 46 2365
28 78 1196
61 94 1405
3 93 2685
25 93 654
17 98 2381
28 100 4844
39 95 348
51 78 816
64 98 3364
27 54 2225
4 49 4383
33 49 2952
54 84 3385
49 69 1691
38 81 1068
12 39 4959
4 70 2474
13 84 139
12 45 1543
3 91 3870
70 96 3733
9 99 2590
1 19 3001
8 37 1787
25 95 3918
33 55 3564
15 49 434
18 46 2828
5 88 4722
54 82 1755
31 99 4973
55 65 4128
40 47 2730
49 68 3979
41 99 3987
19 21 284
56 81 1944
8 31 1431
1 32 4834
0 36 4817
53 95 76
7 32 1279
36 42 4309
25 98 3537
37 72 4144
58 89 4385
15 23 1943
69 79 2188
46 71 1925
9 20 3238
16 61 2476
46 60 3033
8 17 4736
6 55 3700
59 92 4580
74 96 3871
49 66 3923
27 67 1827
68 95 4451
9 37 4872
44 68 1570
46 98 3313
34 53 1918
38 76 3710
85 94 498
23 66 4280
21 96 1678
66 88 2960
78 97 542
18 21 3732
47 74 2467
3 15 2823
23 70 2663
63 91 872
35 93 3832
27 90 3933
44 99 1899
5 26 727
71 78 2604
40 82 4611
25 32 4456
93 99 4531
7 29 1923
6 81 1100
84 88 4926
14 96 740
41 57 179
28 58 774
48 63 2750
80 98 473
52 78 3940
46 51 698
54 62 3908
50 58 1303
17 84 4457
31 70 3511
48 87 381
20 29 4258
45 48 77
22 28 1129
29 33 3138
36 40 4505
63 90 4732
27 72 4027
10 98 1523
56 68 589
8 43 522
57 86 169
17 95 4064
49 61 3405
31 46 2436
40 56 3803
33 96 3011
23 56 3709
10 99 2500
30 48 3586
55 84 1853
63 99 1663
14 61 3686
4 95 49
66 72 3370
9 36 4701
31 82 3296
10 21 2105
52 67 3177
69 76 604
9 50 2071
24 28 1278
42 52 1275
56 93 2833
37 38 2522
23 58 3342
77 81 2867
10 13 104
66 70 3006
36 51 4193
20 83 3743
71 87 4992
18 89 4536
18 31 782
13 83 306
80 86 2993
90 100 1904
53 59 4705
5 50 463
8 58 4571
69 87 1671
18 68 2038
54 57 1786
25 36 4862
62 83 1443
66 84 1613
30 83 974
71 100 3404
44 69 1731
56 92 1513
2 82 4046
18 73 820
86 99 3399
16 95 4234
43 85 1269
62 65 3927
21 74 2641
66 94 109
3 95 3244
12 89 2463
22 39 2108
51 85 548
53 65 3420
49 62 1472
31 50 2485
27 77 1815
12 19 4337
9 14 2132
3 85 318
53 61 2780
48 54 1181
9 74 4128
80 88 3853
3 22 2552
19 29 2475
1 94 4000
33 98 2907
36 90 3884
35 52 467
7 82 659
67 85 555
21 82 529
0 68 950
88 96 109
63 84 883
42 82 2744
41 98 4845
18 78 357
36 81 267
45 93 2310
9 82 1052
10 65 3247
1 93 2013
62 68 444
41 66 1452
6 11 2756
22 96 39
60 68 4743
57 76 1695
75 88 2112
67 79 3624
4 73 532
54 72 3130
27 80 2796
54 87 484
18 57 1524
82 85 3440
37 44 2870
18 26 1899
14 86 2003
56 75 545
4 97 2508
36 76 3151
28 82 4281
36 92 1997
3 54 4197
2 59 2601
1 25 2124
73 84 3287
74 95 1872
23 91 3961
6 59 1408
67 98 4420
33 93 450
18 55 3669
41 51 1464
41 52 2763
27 71 3316
40 67 4625
10 69 2158
2 11 3015
26 63 4605
9 100 1565
43 70 343
20 65 2191
71 76 429
62 79 2146
22 76 1127
12 33 3316
54 66 3069
77 97 1634
70 87 4680
8 18 2726
27 29 3354
10 49 3468
56 97 2560
14 26 46
43 97 1574
26 99 2590
38 71 1394
35 82 4061
9 73 3282
53 75 4760
14 62 1925
59 99 3337
70 88 586
57 83 243
83 92 4206
30 39 4111
90 92 157
12 34 65
67 80 342
74 87 629
91 95 3501
33 89 307
11 67 1968
66 97 1416
25 56 2902
20 40 1878
12 13 4113
1 49 4468
48 60 2462
5 42 554
21 87 1501
32 77 419
15 58 834
39 89 2392
40 88 1483
2 12 3640
43 50 2802
37 67 5000
9 62 4613
34 100 1411
2 97 4040
37 95 2866
16 69 3487
10 81 739
36 62 2953
65 94 1210
29 93 1320
16 74 4608
67 70 3158
8 53 1076
6 65 1259
22 70 1902
4 20 2648
17 88 1907
8 82 4629
58 91 4674
32 67 607
47 96 2353
33 35 4741
2 45 2482
70 91 3688
16 29 378
32 74 285
8 83 1062
7 23 2147
53 71 223
26 71 258
55 72 4878
34 76 1252
57 90 2061
23 36 2852
25 39 532
20 41 86
68 82 3611
27 100 812
29 77 4959
46 89 4036
15 64 489
12 44 4076
52 61 2430
23 37 1376
42 85 4198
53 80 1696
37 46 4498
5 76 495
69 96 468
32 84 2504
25 92 4913
31 54 3488
50 52 3255
7 8 4011
18 41 1410
22 26 55
5 96 178
79 98 1142
11 33 3635
7 100 4526
19 37 4505
33 95 2396
79 89 2191
7 49 1762
76 92 1145
29 71 4144
63 77 3331
0 62 1892
77 91 4401
54 100 4979
26 88 3172
80 87 3285
42 84 2949
5 17 1113
43 63 437
81 86 1409
45 90 2682
34 96 101
53 62 3308
15 79 2644
27 30 1981
48 98 4153
13 30 3176
14 42 4126
39 61 1330
72 87 4566
82 92 3736
29 89 3213
11 79 4575
28 62 1373
0 82 3263
3 88 682
28 37 1938
22 24 626
44 63 3128
18 64 441
18 63 4511
11 61 796
16 64 4086
10 74 3825
13 79 88
60 96 25
20 53 3773
20 90 3558
15 20 1832
57 73 1750
41 69 4795
45 70 3283
71 92 3444
88 97 1055
46 75 309
23 72 4895
50 85 4630
30 51 3543
82 88 231
38 68 1453
24 40 2291
0 45 2833
10 12 319
32 96 2216
27 94 2071
35 62 426
41 71 4150
35 77 3119
63 65 1817
85 93 796
40 99 4168
33 79 2799
14 70 1439
28 98 3657
10 68 2521
60 84 2885
61 86 3647
18 37 2083
51 82 1136
22 84 495
68 76 3126
8 86 1549
34 92 2241
57 84 3716
5 70 3795
65 93 4882
1 27 4266
70 99 179
17 94 1477
26 55 3437
58 94 2403
76 78 4937
7 73 1992
24 62 4489
43 66 2766
10 97 780
7 28 4307
37 85 4803
62 91 1589
73 98 3347
12 24 3077
55 90 4618
6 42 2656
78 80 4885
40 61 4924
1 34 1026
41 72 838
13 22 2461
5 59 3365
19 31 3576
4 21 2224
32 83 4249
21 99 1874
54 61 2995
18 54 810
61 95 181
11 23 3682
59 77 3838
0 42 1316
18 32 2995
0 43 3176
84 95 2417
10 100 1400
24 72 464
27 44 458
17 37 2456
29 81 904
19 44 1747
55 71 3910
23 93 3855
18 100 1265
38 92 3493
31 37 469
83 98 1776
9 84 1542
18 59 4608
3 44 2885
36 100 1369
66 93 2767
0 21 3917
65 79 2329
32 86 1201
7 77 1034
0 8 2495
0 5 2245
44 93 3084
13 17 4690
11 30 4591
12 56 4607
47 76 927
48 66 699
39 100 4637
43 65 4488
24 61 1381
91 97 2652
6 35 970
26 64 1870
17 87 755
45 59 1821
49 59 36
55 77 4054
10 23 1744
74 100 1599
11 59 4214
26 86 744
35 88 1008
31 80 4724
36 64 293
68 92 4845
12 15 3347
35 66 1586
28 74 170
33 73 823
24 36 4314
12 65 3086
72 96 144
22 78 3286
78 94 3421
20 91 3594
3 6 2915
36 91 1502
12 57 682
37 60 203
41 89 863
52 62 1440
40 49 1611
5 75 3234
74 82 3950
3 70 3921
15 100 4853
77 86 2280
37 75 3541
66 86 2144
22 31 2951
7 57 2823
45 98 2135
17 99 4258
61 75 289
19 97 4511
49 53 177
71 93 4722
16 56 3460
51 65 1524
18 79 3856
5 99 1762
3 50 118
88 93 3058
37 71 165
7 94 509
10 84 3709
62 88 1604
26 67 2636
52 73 2
27 28 2726
39 55 3804
6 41 3736
58 83 1902
1 87 2620
8 9 1541
4 91 3629
61 72 1464
31 95 1703
0 33 69
10 41 1424
48 88 106
36 60 3009
40 66 2101
21 50 4824
54 97 4674
46 91 3239
44 92 1981
57 89 751
19 74 3280
10 30 4117
84 98 743
51 72 4667
60 82 422
24 48 2649
73 80 902
56 98 2728
73 88 4369
30 32 288
53 86 3111
34 51 3589
20 71 1169
15 34 3742
46 54 3229
11 19 2597
17 72 1077
30 64 2765
41 79 1383
7 27 3310
47 55 3002
20 84 2899
5 8 3201
13 45 1396
35 53 2026
17 63 1844
3 17 4426
26 45 1304
49 56 1583
21 91 2679
15 83 3228
91 100 4993
14 69 1235
19 53 1334
39 50 683
65 92 3893
5 41 2884
15 50 3572
34 45 4624
29 46 765
65 71 507
53 58 756
25 57 4009
31 62 4766
38 90 1647
60 81 4084
61 87 616
50 59 1084
74 88 3707
65 70 4123
76 94 3793
17 35 4529
39 75 1663
33 58 1687
15 36 4885
36 63 2637
7 68 2612
9 40 3934
49 94 102
78 85 3553
33 57 1997
2 24 1084
50 93 4568
12 25 3332
15 99 946
36 50 2796
41 47 3068
35 67 2396
11 54 214
36 66 2343
11 70 4194
57 93 4129
39 84 3620
40 87 2230
18 75 3937
60 83 1734
54 99 4149
22 99 2446
7 48 470
4 96 1064
7 11 4310
19 51 2712
25 62 4624
22 25 3784
75 80 3992
26 73 177
45 66 234
15 74 3550
33 54 685
56 89 2180
15 86 3675
0 13 2775
50 81 3675
2 67 1247
14 73 419
7 12 4059
16 91 3687
33 75 2142
52 69 362
32 94 3160
45 50 251
25 65 3805
57 80 4713
49 80 998
35 81 962
62 72 1068
25 46 3411
40 59 4327
17 59 227
0 28 2024
8 52 500
73 76 4823
10 91 2486
46 84 3535
33 81 454
31 67 2592
53 55 2560
89 94 904
3 49 1697
10 59 4329
45 58 3494
45 96 949
30 82 252
77 78 4029
71 94 2878
1 60 970
22 62 1686
9 96 3146
65 67 2654
7 76 1192
67 88 4572
50 73 3258
28 36 2323
8 39 173
2 72 4687
14 92 2084
14 45 3993
18 27 4488
29 31 4324
43 87 4419
59 91 2873
2 89 4171
1 72 2649
38 82 1572
22 85 467
39 44 2679
75 99 2505
8 97 2754
37 91 628
28 76 2194
50 90 1421
31 92 1214
31 43 4077
30 99 1215
57 94 1263
33 74 3434
24 53 1066
52 89 4441
19 57 1858
41 92 4097
11 78 4224
41 49 550
20 79 1027
37 69 1844
6 79 2665
80 81 4935
56 85 3605
13 97 4856
48 95 2063
48 81 3126
6 17 3954
90 93 1335
38 67 2524
13 51 3991
12 68 100
28 84 1424
33 66 983
20 85 3788
0 91 2610
46 83 1404
32 64 1014
28 57 215
47 64 503
20 46 3916
2 56 1669
37 42 2794
63 70 3927
31 87 1209
10 79 4915
79 97 1801
60 63 4786
69 99 3000
7 19 217
61 78 2681
0 81 944
49 70 1369
6 23 1433
29 63 1657
25 58 179
1 48 743
2 4 4826
13 34 3640
0 87 4579
15 31 1090
80 96 1981
51 86 2874
19 24 1136
15 45 2574
16 76 1032
14 74 4317
2 78 1401
50 78 501
37 68 3484
20 72 2712
30 100 1738
18 74 2212
10 88 4926
18 92 390
25 91 3544
79 92 386
33 87 175
42 43 1076
6 29 4059
29 98 401
15 63 2230
24 68 4477
0 18 3739
81 100 4422
23 68 3165
5 28 462
26 34 1676
85 88 4609
44 73 1667
69 75 2548
39 62 35
14 31 3120
23 81 1120
27 65 2041
9 55 633
15 33 4188
50 64 2551
67 74 568
47 95 3511
25 78 2987
29 62 3241
53 85 824
37 47 3184
34 91 1988
28 75 2526
5 20 3230
40 64 4426
26 58 1783
10 57 1326
33 64 2657
45 86 838
75 87 2480
26 82 4768
16 42 1845
7 30 4387
98 99 2801
23 54 2926
64 76 3048
10 14 3596
82 97 4393
80 82 2372
67 76 4587
12 80 4837
35 43 3876
10 86 2872
65 84 3030
69 73 2199
71 91 1884
56 100 4800
23 38 3984
83 95 4899
25 90 4984
31 45 3986
26 27 4245
86 90 3849
10 96 3188
60 74 2296
42 67 3806
25 59 76
21 84 1224
28 69 1306
69 72 1105
10 55 2720
30 98 2261
20 21 4655
86 100 4522
23 25 4845
76 77 1488
24 29 3970
18 93 1685
41 45 3109
30 31 1132
59 86 3932
0 93 2636
25 86 237
14 54 3430
41 95 1493
37 97 339
63 78 1680
69 88 3941
13 43 4845
0 96 3070
49 67 992
67 68 1821
40 84 3671
21 62 2506
92 95 268
21 43 3274
49 91 1942
41 76 2506
49 77 2004
51 54 1477
11 40 9
16 71 885
41 53 3133
13 65 1357
55 57 4340
86 96 3736
95 100 968
5 49 4
37 40 3200
19 33 951
4 84 648
9 85 1448
62 75 2604
68 74 28
61 74 4035
28 89 895
6 85 1009
34 66 3479
14 52 1039
29 86 876
7 10 1167
14 21 4520
31 53 1727
12 62 370
20 51 4953
29 84 870
25 54 4893
55 79 4950
32 54 883
39 54 1565
17 92 4260
35 58 1623
52 70 3658
67 75 735
0 14 2978
7 99 1112
28 54 259
3 97 744
6 83 1663
54 73 4782
2 88 1245
22 56 4492
45 73 2061
19 89 2143
44 58 4984
45 72 3670
30 66 338
2 23 2608
38 60 3498
12 74 2237
75 82 3717
35 54 3498
4 35 4327
5 22 1975
22 49 956
19 100 2156
0 50 2799
31 83 1988
39 94 4818
10 52 3967
8 55 3282
82 86 1421
51 84 1181
24 95 2851
75 83 2731
48 79 4129
14 75 2438
2 93 4443
15 16 3700
4 44 4629
11 55 787
11 31 3384
8 75 4023
55 76 2001
15 54 1793
42 62 1246
39 70 2233
58 100 4241
36 52 4017
24 33 3397
29 85 4886
53 78 1405
38 46 3501
78 81 3903
75 98 4301
21 70 2964
7 51 2560
21 95 1169
23 83 963
29 52 606
1 16 1226
41 86 1690
26 77 3440
18 43 4393
7 20 921
36 80 2881
57 67 4614
41 85 4386
13 75 2455
26 92 4073
52 53 250
92 100 916
14 57 4552
3 100 519
31 60 3369
35 49 215
22 45 3655
29 45 2699
50 100 732
29 80 790
15 72 2026
10 75 4908
11 85 2322
29 39 1867
82 84 2190
23 26 1234
33 42 199
42 94 1193
71 88 3526
71 84 1490
57 68 478
33 88 2306
73 89 788
41 55 1467
91 99 737
23 75 1558
25 68 1725
43 82 2487
43 69 4810
6 37 4194
48 52 1326
46 82 3840
19 81 1683
44 90 1630
29 59 596
30 93 2573
1 21 2009
87 88 2457
9 19 3992
19 40 2433
47 99 4680
62 89 2759
1 96 987
15 70 99
90 98 249
39 78 2141
11 52 1866
26 90 4600
44 77 4588
38 56 3101
6 44 1454
20 57 979
58 98 719
16 73 1583
32 89 4863
14 84 765
15 21 2477
45 84 4199
9 39 1042
37 89 2033
85 90 4359
32 79 51
13 41 395
26 93 4430
0 76 2524
51 73 4762
51 71 2441
28 93 3994
19 23 3041
11 94 4999
57 75 2605
10 19 2810
30 86 4971
3 71 2424
14 16 2752
33 97 1022
22 41 3970
30 88 2701
27 82 46
4 81 3063
58 72 1845
64 100 1487
20 24 1052
10 71 2358
68 85 3546
80 83 1649
79 81 2076
26 52 442
1 100 2454
59 62 4479
70 86 881
20 89 2507
71 90 4278
3 57 2419
17 58 4244
50 62 1307
16 23 3912
11 64 1916
94 100 3749
23 87 679
36 78 3528
19 48 2861
64 90 632
0 80 4206
48 70 3725
16 93 3758
8 33 3860
39 45 1485
54 88 4466
0 4 2646
55 80 2868
13 28 1139
48 77 1357
86 98 4554
75 93 794
14 55 1498
19 39 3947
16 57 4708
22 53 4464
2 13 3323
60 61 2530
39 87 4878
40 62 3387
11 57 4003
27 81 411
32 80 3839
59 90 502
19 85 2459
45 78 4468
0 40 3768
3 94 3740
43 86 3982
14 48 4816
6 84 1586
3 96 1513
21 46 2343
39 58 4697
15 76 4705
61 64 3332
67 83 3796
42 97 3835
10 58 1971
1 89 1045
40 54 2280
18 61 3317
27 73 4361
13 23 4354
58 65 2309
70 95 4080
2 84 4149
25 30 2143
7 31 3263
6 19 310
29 47 4383
44 56 974
5 33 2795
77 87 78
9 57 3181
54 80 3650
33 65 3549
23 43 1086
83 97 3319
62 66 1950
26 75 321
34 49 4303
4 67 2627
54 60 3354
13 80 4243
3 20 1396
34 67 2357
30 65 2077
28 46 4750
32 49 1861
81 92 4006
21 98 1845
22 37 3593
37 87 2346
35 68 2905
20 67 1504
44 83 3860
72 84 4949
39 41 3013
52 72 2048
2 85 22
1 66 3126
4 6 3163
21 76 2692
22 87 3987
65 96 4884
12 61 3046
40 80 3543
55 60 4155
27 33 2900
15 38 3165
85 99 1275
26 96 2309
17 22 143
42 81 2183
37 70 818
64 79 4268
79 85 3693
21 65 687
1 9 104
31 98 3790
13 74 4752
17 60 3919
49 83 2141
38 75 1642
9 25 4439
26 38 3889
7 84 2336
25 94 3853
52 81 1173
4 52 3251
38 95 243
3 10 4893
5 25 590
70 89 3851
15 68 4741
6 61 1712
54 75 1385
19 98 4194
22 94 2425
0 15 3704
3 62 2581
6 30 2016
53 68 1251
49 76 1098
19 52 3989
20 62 283
21 35 3101
1 8 456
66 100 2290
38 89 1079
27 78 2405
10 66 2813
44 45 947
34 41 2373
41 59 875
60 71 3673
8 90 4079
74 84 1605
36 65 1340
3 48 2506
7 91 1926
21 60 1146
4 55 1374
30 57 1694
16 62 1149
4 54 1112
5 71 344
33 100 1124
53 94 1431
31 58 2263
31 77 1371
19 54 1340
11 34 3931
21 77 920
38 44 1102
51 100 2206
0 100 2440
29 67 1113
4 71 302
19 95 4137
68 75 205
41 56 3148
9 72 1564
51 91 1566
42 71 3704
88 91 4352
57 65 2473
42 79 2189
28 87 1511
38 73 1321
41 82 500
21 78 191
72 89 609
56 90 2768
63 85 579
13 68 3514
13 93 1327
35 48 2734
50 87 4646
53 99 4372
25 31 1369
1 64 4879
56 64 2652
1 30 910
23 63 131
41 54 1363
66 67 4895
10 67 4592
5 89 2529
35 97 435
59 96 54
18 71 3913
2 30 3680
81 97 327
78 89 4442
63 89 3979
67 81 1501
28 29 811
45 77 2528
18 22 3373
19 50 1306
33 69 1679
9 13 4589
22 72 4257
25 66 202
26 74 1290
37 96 3477
34 57 3442
54 81 855
26 95 1784
25 44 1455
23 27 1652
21 90 4319
25 69 4235
59 76 3757
5 44 3398
22 29 3915
28 68 1812
62 97 1909
23 88 2571
77 92 3965
7 33 106
13 94 379
16 40 358
49 96 4032
19 36 1644
55 89 2426
13 46 61
4 47 3395
48 68 1250
1 20 863
72 94 148
3 32 2731
74 90 1332
5 66 2632
30 33 3649
51 69 4919
5 34 4636
11 28 4771
2 31 75
56 61 1551
14 97 2230
13 71 2784
31 76 3397
35 90 4988
6 75 4600
51 61 2732
21 64 2329
20 49 4859
6 7 2897
68 72 4548
50 67 1094
9 18 868
66 83 2923
71 98 722
62 67 2695
2 52 3464
52 86 845
49 75 3281
26 54 2462
2 73 3704
23 67 2851
40 60 3894
32 63 650
16 48 706
7 81 4379
41 88 211
15 87 2176
28 41 1182
92 99 2164
9 70 309
49 58 4876
59 79 160
38 85 3511
32 85 3342
27 70 1738
23 49 1744
53 70 2628
6 88 3062
40 100 4379
16 55 2569
32 92 4821
54 55 3134
53 77 4178
44 81 2462
1 86 4048
94 99 679
37 43 3301
32 75 1840
2 54 2962
31 65 3770
21 83 535
17 42 3713
3 61 860
54 95 2809
60 94 661
10 56 1889
86 89 3761
25 34 4707
77 98 1466
81 95 4493
56 73 3276
16 72 1193
27 40 279
72 81 1889
52 71 3314
51 56 1691
12 14 2709
12 21 2590
14 79 682
18 88 3599
2 25 2653
33 70 3951
42 87 253
13 73 4177
38 55 254
43 84 292
58 82 4902
33 78 4847
71 89 2824
30 38 1735
52 58 4693
50 69 4582
48 72 2934
88 92 4843
84 97 828
14 36 1413
32 46 1956
32 93 1461
10 34 4375
1 7 1468
16 38 4682
16 44 1008
5 91 4323
3 66 872
20 98 2473
65 99 4779
58 90 2461
13 25 535
3 8 4027
4 46 1882
20 75 880
90 94 637
52 76 2790
14 25 2283
2 46 1576
44 97 2678
23 89 2507
69 98 3237
43 67 4988
14 85 3846
24 90 2948
57 66 4217
56 95 4725
7 71 1883
26 80 796
83 100 1605
40 51 1539
13 57 3328
36 73 1693
31 72 3371
13 16 4580
31 74 3680
1 28 2254
19 99 864
51 80 4889
45 67 1528
12 91 4079
83 91 4272
69 89 170
16 77 223
44 65 3005
0 47 2452
27 53 3001
68 70 4498
10 83 2354
63 87 2091
7 88 124
3 59 491
43 77 3468
20 86 1318
87 89 2718
5 56 1228
77 100 3142
51 81 4328
15 25 2788
9 61 3377
55 68 2419
30 44 3584
23 96 1545
30 63 1321
27 56 4309
5 82 1915
9 10 470
55 83 4329
2 51 4560
87 94 4475
9 30 3935
45 63 2980
30 89 665
22 54 3238
9 45 3328
15 46 3650
21 25 727
17 100 2880
95 99 124
21 92 3498
8 100 4945
34 81 2444
17 68 819
33 63 3349
13 48 163
31 93 293
1 63 3273
96 98 4156
55 81 191
5 21 3011
74 83 4121
65 81 4253
8 73 2230
54 93 3899
18 24 292
58 79 2240
31 71 2129
37 48 4202
66 96 1648
17 41 1559
17 62 1959
42 57 3397
19 25 1567
4 30 2590
63 86 2841
7 75 921
4 38 125
62 94 475
37 80 2829
9 44 3699
42 61 4207
57 87 3254
5 90 3350
20 82 3619
11 25 1617
7 36 1724
5 27 1488
65 69 4319
20 59 4214
64 70 331
45 76 512
19 60 702
93 97 2446
61 100 3605
58 92 836
79 80 3638
26 56 4231
1 79 1236
35 72 2498
57 63 3611
42 80 504
47 73 4278
79 99 52
28 59 2722
21 86 1961
48 58 2074
2 100 2580
37 61 3593
7 87 244
5 52 2508
49 79 2669
13 26 1398
20 94 3929
4 80 4608
4 28 1369
31 41 2055
6 99 2108
54 90 638
24 76 2979
90 91 2717
1 78 3652
62 74 2968
40 97 168
44 61 695
7 25 4954
73 85 3276
52 91 2448
60 90 546
33 39 2601
67 97 1383
62 95 2558
9 15 3142
28 71 4672
50 51 4804
24 57 3741
60 80 2802
78 84 1222
20 22 1344
2 33 315
19 47 3838
26 85 4982
0 6 2625
85 100 4222
38 93 1297
24 39 4820
50 77 3662
8 91 4988
38 52 3652
82 100 1043
42 92 2884
76 99 1081
25 75 3439
6 100 1153
9 52 3452
40 45 1219
21 22 4981
51 87 3772
34 82 2509
63 75 4016
57 96 4473
35 37 661
37 76 1010
11 20 2932
9 94 2293
39 63 1212
79 87 1339
72 90 4261
34 86 4825
69 100 351
64 92 2593
21 33 1604
36 59 4655
14 87 2794
21 88 4931
55 69 4895
3 42 1489
14 28 2931
63 68 1638
44 75 1889
10 45 662
13 42 4397
36 69 2581
2 27 4868
26 89 727
22 69 3469
19 71 269
43 56 1524
63 74 3941
56 62 2852
56 63 4277
63 76 1929
46 86 519
27 42 1695
6 60 4024
21 94 4193
26 36 1972
13 59 555
47 79 4733
8 46 1628
80 94 4150
86 88 4891
29 83 440
65 86 1006
71 86 1031
5 80 3949
7 70 1937
83 88 87
40 52 958
50 98 119
11 68 4767
39 92 34
30 73 3640
20 66 3116
69 97 1826
33 61 4412
31 79 3206
23 41 67
4 100 1313
65 66 2621
55 66 1799
42 46 2223
50 53 4868
15 97 2793
59 69 3746
27 46 2826
27 51 2672
41 67 1985
49 85 2411
16 47 2677
14 90 868
95 96 99
37 92 2990
47 93 114
22 48 4819
4 25 4928
64 86 1961
34 71 3880
26 28 4584
52 84 497
6 57 4390
4 93 1009
57 91 4399
39 99 4339
29 35 1069
2 62 3673
16 24 819
39 71 4354
47 50 1037
65 98 1091
41 96 3059
14 49 4025
54 67 1026
14 46 3702
24 82 3757
1 42 3062
71 82 667
2 69 2998
64 80 2546
5 45 2920
38 58 2198
28 80 3565
48 55 2871
47 54 2367
14 53 2185
77 89 3694
18 83 974
0 53 4833
3 98 2543
29 55 3120
1 36 2458
11 90 1234
6 96 4535
11 87 3403
50 92 3860
48 97 678
64 74 4966
46 66 1611
17 32 1134
16 49 3474
25 27 1488
60 89 1789
0 11 520
26 43 287
5 94 1261
45 89 3345
48 64 2561
60 93 1071
24 34 2378
54 59 1560
73 100 3021
3 45 3051
38 86 4202
36 98 363
55 70 4949
0 72 4892
23 73 1823
11 80 2796
16 70 214
35 56 1110
43 44 4671
25 26 306
11 38 3101
27 79 295
37 86 3274
31 34 2947
65 83 3743
1 70 1362
73 83 54
21 93 1813
25 77 1523
24 58 1082
42 48 4887
1 23 2902
5 30 4764
10 47 4403
29 50 1910
83 96 3685
78 100 2740
13 67 1024
3 92 1419
1 38 578
1 31 2824
56 57 3474
20 45 4706
40 65 2557
19 80 3307
26 78 1380
21 45 934
32 56 29
6 52 1131
62 73 4081
40 77 686
3 84 2566
43 72 1525
22 36 262
62 80 1950
30 87 1168
49 100 1458
17 90 4009
31 81 3613
30 97 2854
36 47 3933
84 87 2586
0 97 444
31 89 3534
42 73 20
68 69 2154
30 77 4138
51 92 4224
24 92 4190
53 82 2694
31 42 4258
34 72 3808
36 93 2879
8 44 999
24 100 1305
24 56 4865
17 46 29
47 100 3425
12 30 4905
36 96 3709
69 80 4674
43 91 4236
5 23 2021
82 94 1418
73 93 2256
58 99 2610
47 58 1970
58 63 4207
39 97 3290
61 88 2157
34 85 2263
31 96 3578
10 35 902
68 73 3492
55 92 3244
36 77 4469
63 66 4117
49 51 1417
1 71 3716
27 74 4115
56 88 2545
19 63 1197
35 74 161
30 43 2342
42 93 3356
5 63 1222
22 30 15
3 89 524
11 47 606
34 39 888
4 78 1938
19 45 2100
31 39 803
33 51 2904
22 95 4189
7 24 4682
17 18 2560
18 42 2959
44 48 4808
46 65 799
34 35 1013
10 54 127
52 90 4450
49 87 1735
26 97 2347
17 38 4501
7 92 3377
1 40 4071
13 66 2960
8 78 3954
4 98 491
59 83 1479
25 60 1916
0 99 2368
25 61 2865
44 52 4439
18 28 3026
24 50 3871
55 58 4146
46 59 803
56 84 2425
15 19 2780
6 90 2835
42 58 3049
58 96 836
25 71 2203
6 76 553
16 84 1502
86 95 2143
3 19 3476
17 85 1799
35 47 4481
42 69 787
84 86 4472
39 52 1902
44 94 542
88 100 438
68 98 2546
41 68 1272
11 14 215
61 84 3746
76 82 4746
23 78 3301
10 40 4126
22 63 3939
23 99 4949
17 21 1072
32 100 2046
32 34 1066
6 49 955
48 96 1857
57 62 2369
43 98 4240
11 71 2793
9 65 2695
32 44 4909
7 40 672
87 92 2612
0 83 4268
60 100 1905
78 96 1340
46 47 2304
31 91 3293
39 47 811
25 53 157
30 37 2175
97 100 4287
55 93 876
19 88 324
71 73 2555
0 92 4814
56 96 4205
19 72 4879
38 47 2471
55 64 2298
10 61 1455
0 56 2631
6 68 24
18 60 2057
35 38 2736
5 16 1381
9 47 4516
3 12 576
61 80 894
15 48 1486
34 38 4635
6 32 3027
24 93 4956
30 70 1369
8 56 2159
75 97 308
36 70 2048
2 40 1525
11 51 3500
16 58 2050
29 42 2798
16 86 3862
32 91 610
67 87 1556
56 82 2033
19 22 4796
24 27 379
64 77 2019
38 100 1994
36 79 1797
61 97 4857
67 95 2365
23 60 3184
73 92 1621
72 85 4191
26 44 108
1 74 3418
39 82 2012
14 23 4938
10 28 4309
9 76 3831
33 67 3737
25 100 4934
11 39 1943
9 16 4381
45 52 4120
10 51 1276
44 57 2805
4 15 2576
28 92 1639
22 42 321
59 68 732
8 79 2637
27 41 4094
37 45 3202
45 80 4380
7 61 1660
52 87 398
41 75 2542
64 99 4197
36 87 892
72 92 2965
82 96 1683
62 86 967
45 97 3313
8 80 1666
7 14 597
11 37 2256
15 44 2451
30 68 3250
69 83 2012
63 88 1182
61 98 2045
87 91 4248
37 59 1764
4 27 735
17 30 792
10 18 512
55 67 2807
65 68 381
23 79 3161
86 91 158
44 67 2576
87 97 4039
65 80 1259
54 63 2337
4 57 3423
29 90 976
66 69 3727
54 68 3673
44 88 4049
43 51 323
67 73 2821
3 37 3287
10 64 3260
17 36 3027
60 70 1497
3 47 1700
81 82 2599
38 59 4794
19 55 3654
17 74 1277
89 95 1613
75 89 4868
64 89 4292
31 51 2367
24 47 484
10 53 1932
16 75 3762
17 77 2994
79 88 4505
4 56 3071
22 77 287
14 95 3229
35 75 4863
4 43 1119
40 74 783
43 89 4149
20 27 15
72 88 4664
13 19 3134
41 50 4831
1 39 1762
34 50 4142
68 86 444
11 98 3701
64 67 859
8 62 2124
50 65 3339
45 74 77
6 62 648
41 64 440
68 79 3663
49 93 2903
6 70 4116
19 91 1839
16 36 3419
68 88 3906
64 66 4412
3 55 1514
28 35 3531
55 82 2314
21 24 216
1 59 404
21 71 1386
84 94 574
25 97 2720
9 43 4738
0 86 2129
21 49 612
9 56 2503
52 98 610
18 53 1480
17 29 4459
62 78 2053
55 88 1288
23 57 4125
42 47 331
21 61 874
15 24 3118
25 37 541
16 26 2599
26 51 434
16 37 2572
50 63 3411
24 77 1449
45 99 2086
13 52 1835
40 83 3687
61 65 4278
25 47 97
1 76 711
0 63 1420
57 92 3707
5 60 3127
41 74 910
9 38 4460
1 68 3799
61 82 4345
45 56 2526
29 87 2693
24 31 4858
22 83 3310
2 29 4809
66 68 822
5 98 4242
7 55 1140
27 99 4799
6 16 4301
17 81 3404
25 73 1471
48 67 2236
25 99 4613
53 81 2815
21 34 514
73 79 4585
84 92 1655
13 32 1292
49 57 4227
4 9 3794
10 29 911
8 42 4477
70 90 3207
29 58 1612
35 61 80
32 72 4636
35 57 3036
56 71 3370
56 60 1043
34 54 3724
35 39 3659
30 54 586
16 30 3404
48 74 2583
44 85 1810
39 77 2718
49 88 3188
54 86 3050
1 56 230
44 91 3279
8 10 1666
5 31 1767
64 94 1708
32 88 431
3 16 2059
76 93 4913
49 84 4074
39 43 3684
66 92 3391
4 65 552
0 88 476
24 54 4925
20 92 914
2 65 2970
4 51 2492
57 58 2020
76 86 3440
24 86 3091
64 91 1096
5 11 1413
50 54 4577
74 94 62
46 70 1604
78 93 3582
16 81 1115
12 22 1057
17 34 2056
92 93 590
24 51 4517
15 81 1611
38 88 2696
8 57 1764
33 71 754
31 75 1049
34 62 4340
4 64 2093
67 94 452
58 71 3929
12 49 1334
26 53 4902
68 93 2731
45 91 4464
8 16 4370
31 59 4914
30 76 705
7 15 1355
59 100 69
46 96 1981
4 7 2989
6 50 1662
13 70 361
18 44 2534
15 59 3003
18 90 457
16 17 974
61 66 2657
65 74 3161
85 89 4171
1 54 3122
31 36 4030
58 68 1060
25 35 2348
21 97 4427
3 56 3865
17 83 2274
32 76 4760
44 80 395
10 11 531
44 66 3518
10 48 1894
42 50 3039
12 94 397
52 55 70
61 71 3123
11 76 2302
26 49 2764
8 14 4553
76 88 203
27 38 1129
32 62 4746
76 90 1276
73 97 1709
20 70 3615
7 18 2459
65 97 4175
31 73 1624
91 92 1605
8 77 5000
78 99 444
5 83 576
38 41 3595
43 73 3488
48 76 3133
19 94 3716
94 95 855
15 62 1749
52 82 2017
20 74 4534
42 54 1478
26 81 3490
36 56 3106
7 26 3546
36 97 901
40 48 888
47 52 2208
37 50 4486
9 68 548
68 97 697
10 39 1903
46 81 2667
53 74 1460
26 68 3726
34 99 4019
42 68 4944
0 44 530
93 96 4876
13 64 2028
18 39 4072
41 93 1137
1 83 2829
35 76 3021
4 24 3790
70 92 2353
11 36 3687
83 87 602
25 74 313
58 78 3016
1 85 3231
23 45 4737
96 100 2859
9 97 2758
4 22 4937
14 47 3369
32 69 1828
12 28 1849
59 73 794
50 66 3192
9 95 4645
12 63 4930
9 80 1155
14 38 3535
72 91 996
10 87 345
37 65 2486
76 87 328
19 30 1698
71 83 347
47 59 3936
86 87 2480
10 15 305
78 88 1087
3 39 3444
21 31 4329
15 22 2992
34 88 2239
59 63 566
2 28 782
29 72 1605
56 86 3506
22 64 4533
30 79 569
32 78 1750
18 70 2788
29 36 3213
38 49 2199
3 41 1190
2 39 4573
5 62 3851
25 51 4688
21 39 3132
14 94 1095
77 99 1225
54 78 1878
11 56 2519
18 36 4735
60 78 1536
32 59 2419
51 95 4831
7 69 1030
16 20 3851
38 72 2619
37 56 1806
28 63 4675
17 97 959
39 67 4329
8 98 4076
75 95 1502
44 49 1424
32 38 66
52 80 4134
64 82 1116
61 93 4456
72 79 137
70 72 1668
44 70 468
23 76 791
21 28 1869
0 79 2878
1 99 468
6 45 2382
77 93 3482
80 92 2431
7 9 2204
21 56 443
27 52 918
27 85 3299
63 67 1696
8 61 404
43 78 3209
47 68 1589
13 33 1753
48 62 4469
2 96 1734
28 52 92
5 24 1959
3 24 3748
42 59 2976
43 81 61
42 98 3375
36 99 1672
21 81 4313
7 66 2833
35 45 1567
34 42 1678
20 31 4759
69 93 2405
24 45 3238
3 68 4564
51 89 1577
52 93 2510
74 80 4883
4 79 253
40 50 3770
14 91 732
19 77 4645
21 44 2555
15 98 3644
37 81 2687
18 52 1467
55 98 1822
16 33 2276
66 79 3651
42 45 172
13 87 3474
57 70 4827
5 46 4855
12 23 1302
2 68 1531
10 70 1849
33 83 3433
22 57 356
56 87 4096
49 90 4076
35 69 292
38 65 4455
40 44 4004
6 64 4609
25 33 4581
66 98 2748
36 83 1339
20 25 659
46 85 2065
3 73 717
45 49 4694
20 97 3948
6 47 934
57 78 3194
6 39 3974
54 76 1629
55 78 1739
16 85 1205
91 96 2150
53 84 1523
71 75 2172
18 29 2568
12 96 4900
4 26 4956
76 100 3655
3 29 3300
32 40 1888
39 81 4513
74 89 454
27 69 215
25 49 48
31 49 2615
4 31 3064
1 67 1316
63 94 899
22 82 4431
4 88 3670
10 62 3457
28 99 1013
45 100 1704
36 58 3151
17 67 1496
53 90 1259
11 77 4197
42 44 1654
23 29 1333
5 53 2963
42 75 2154
54 92 3420
37 74 3578
18 25 4726
54 65 4855
5 9 980
16 54 1405
2 26 917
20 63 4276
6 74 425
78 79 1400
68 91 958
18 95 4555
36 67 3220
26 72 1505
29 78 4924
23 100 4943
3 27 4099
10 33 1184
11 72 1735
45 88 4398
61 62 3364
50 88 2297
51 98 2018
53 69 4987
27 62 362
23 31 2332
27 87 4179
32 37 504
42 89 2625
79 96 416
69 77 1396
72 86 410
22 79 1496
35 40 2509
8 21 3532
1 58 375
28 49 1892
48 49 4336
43 71 1957
2 43 1618
74 79 4215
42 53 1702
59 84 2356
27 83 1220
2 86 4818
20 28 407
84 91 463
53 57 2683
11 24 2729
56 59 169
1 33 2709
17 61 3782
33 99 4128
5 15 4099
2 10 2403
59 74 1032
39 98 889
21 48 162
72 73 825
3 86 1871
29 76 912
6 12 136
21 72 2815
14 99 3124
30 59 4803
12 75 152
34 65 1740
32 70 2616
53 66 1082
17 20 4009
62 87 4979
54 96 4352
29 48 1940
9 35 2054
63 72 54
58 93 3172
46 56 1068
50 91 2001
4 66 2501
46 69 4973
9 24 3397
23 28 1941
21 42 820
0 54 2562
67 91 4581
26 87 1948
34 89 2066
74 91 1913
6 10 765
8 54 79
66 75 1371
45 46 127
55 91 2114
38 79 3693
52 60 4757
39 57 209
25 38 412
12 73 308
3 80 2056
0 90 3675
26 57 3319
12 48 374
68 96 3083
44 46 1170
67 92 548
6 28 145
44 47 1745
15 89 2241
19 73 4290
8 76 1178
10 31 3157
55 61 241
58 84 4571
35 42 1975
20 68 4527
62 99 4638
79 86 3962
36 44 3594
34 90 2223
57 72 372
25 40 1605
32 65 4549
43 95 2029
51 83 1901
26 40 4418
17 44 686
62 81 2976
25 50 3773
26 69 609
17 28 3296
26 76 1982
7 17 2633
96 99 1262
41 91 3632
58 76 3359
29 65 1063
31 94 707
33 91 748
6 66 2791
27 31 1713
22 88 1711
71 85 3130
70 84 3961
68 87 4799
79 83 1333
34 70 3727
56 79 2747
24 37 2652
63 96 14
6 94 4735
16 18 4983
53 67 1681
21 51 3566
46 78 1341
25 85 4437
48 100 1016
19 61 2358
17 71 4185
49 72 2587
4 40 2301
44 59 941
37 88 2409
34 40 61
89 92 1971
28 43 2926
2 64 4192
11 26 2575
50 76 1862
65 75 3101
14 81 1877
75 92 3706
13 55 2331
38 84 3956
12 90 4621
54 94 2541
10 60 3697
34 46 2351
92 97 3084
61 67 1407
48 78 419
16 31 1704
30 91 1008
51 93 653
8 99 4268
35 92 2352
34 84 4732
56 78 3789
52 54 4268
3 60 3774
24 65 653
14 100 82
8 85 671
38 51 1419
49 82 4867
28 85 4114
5 6 1956
9 66 2411
77 80 2767
14 34 4345
13 39 233
68 81 821
8 27 4525
61 76 3258
16 32 759
10 27 459
48 94 1329
36 55 2911
71 95 2902
15 39 612
7 45 3043
91 93 1547
11 74 1145
4 82 4327
20 30 3880
70 83 2266
13 85 590
63 95 3451
43 61 999
3 31 2839
58 70 1796
37 53 1859
64 65 738
27 45 904
29 69 4023
19 79 1203
6 48 1008
17 89 3374
84 96 1588
13 20 2077
5 61 1500
68 99 4800
42 70 445
9 60 1134
56 65 1274
68 77 3185
24 85 2124
47 77 2932
36 75 1877
14 50 3809
33 46 548
81 99 4142
35 71 2314
40 79 1738
29 49 3976
51 90 1223
73 91 2270
58 77 2653
49 65 1772
41 63 2730
81 87 204
55 96 80
29 92 4262
11 100 4116
58 60 187
6 40 3227
65 76 974
41 61 771
5 92 2839
15 29 2130
29 57 1563
1 97 4953
39 74 4740
2 91 2523
25 80 1014
56 77 3832
27 59 1799
39 76 563
4 86 1329
2 75 3370
31 57 4661
63 92 2269
3 13 2611
13 37 4076
9 33 664
4 34 3912
63 73 291
28 30 653
6 51 1035
34 55 2934
36 41 3577
2 35 4132
66 89 4200
6 92 2677
94 97 3177
11 73 566
46 61 2374
27 47 3499
15 67 4789
7 65 4793
56 83 1757
40 58 3431
35 78 3670
23 52 41
11 15 4014
22 38 2588
17 55 3260
26 46 163
17 54 331
19 27 128
54 77 2976
27 35 4463
36 61 2524
23 71 2510
89 100 2381
30 71 4017
1 88 974
22 52 2548
20 48 2618
54 71 4668
47 56 2972
25 87 533
2 9 223
63 64 689
5 72 1601
92 98 2135
3 23 4766
30 53 3690
46 68 465
13 90 3383
11 84 2503
22 43 2864
29 53 780
64 88 2614
32 98 2914
27 96 2856
34 47 473
39 46 4455
72 75 4477
5 38 4084
68 89 3255
15 32 4213
52 57 4854
1 43 2082
46 94 1410
57 71 1899
57 77 3741
25 70 4548
15 94 1692
3 67 4556
43 57 4496
58 95 2993
12 53 325
26 31 4433
20 60 663
41 80 3359
54 58 1527
1 51 2182
76 84 3250
34 52 3826
65 89 240
42 49 265
13 96 397
17 33 1273
47 69 4214
25 28 2228
48 83 1112
65 77 4839
6 46 3172
2 95 2939
11 41 3139
12 92 3154
20 93 4085
66 90 2956
11 66 2839
10 93 2451
37 73 439
42 66 1272
14 65 1754
61 83 4990
5 67 3846
59 60 3028
38 70 970
54 70 1613
49 89 1642
23 48 2873
58 88 705
77 90 839
11 43 4967
44 76 4905
35 65 2709
3 90 51
18 76 4186
26 50 4215
35 59 4423
64 96 4520
15 77 4730
32 99 3765
53 63 2275
37 90 3198
31 52 1199
53 89 4016
35 87 4679
50 84 2462
32 82 1999
40 69 339
74 93 775
48 84 4137
70 74 1970
55 63 1653
1 65 2651
41 43 1729
28 56 3268
80 84 3540
43 52 2564
39 66 2063
21 40 4220
13 49 2213
15 47 4421
33 56 3496
32 61 1029
15 85 2651
5 10 1148
13 47 4568
21 41 2473
0 9 51
5 36 2059
3 65 4271
5 37 401
62 100 1167
23 42 368
17 23 205
9 67 3968
90 99 2696
62 77 2678
58 64 1021
77 94 3826
57 64 406
1 35 1398
50 97 2222
24 42 4781
21 52 1548
72 77 4520
80 93 1982
29 51 407
54 98 3871
29 73 1963
23 34 3809
83 99 1813
3 74 3748
0 29 4454
40 63 2830
13 89 3926
22 73 3799
6 27 4158
43 46 1901
43 88 1893
43 93 2484
32 66 2087
59 95 3178
24 38 2899
24 80 4307
17 31 4217
30 35 2074
30 92 3934
28 53 364
38 42 830
2 7 3517
59 64 2527
9 23 3226
18 62 3685
8 95 3413
24 88 1451
36 57 2114
51 58 173
19 26 4747
30 72 3957
74 81 3254
46 64 2495
2 55 1884
37 77 1468
88 99 4140
47 88 4037
38 97 3063
35 46 756
28 83 4099
36 68 4137
35 55 435
34 73 2290
4 10 1739
2 48 3991
15 96 476
6 8 4821
59 67 2349
39 96 1175
35 84 4363
1 26 1714
3 99 3563
22 75 3221
23 61 1504
82 91 2116
47 60 1193
30 58 339
18 49 4644
18 58 3188
3 64 1253
16 88 4126
73 82 462
4 90 660
60 91 4847
68 94 3574
24 64 3964
14 64 3516
8 70 3243
21 79 4105
