1 99 4950
0 70 3492
2 0 3321
3 1 2592
4 3 738
5 4 3969
6 1 3897
7 5 1720
8 7 1681
9 3 4419
10 4 3997
11 6 779
12 4 3636
13 6 2903
14 8 2695
15 13 627
16 11 2867
17 14 3195
18 14 733
19 2 3897
20 18 3768
21 13 586
22 17 4124
23 15 4594
24 10 2005
25 13 3393
26 15 2153
27 26 3921
28 1 735
29 27 603
30 6 2932
31 0 441
32 14 1430
33 30 3318
34 16 1550
35 17 3814
36 11 3669
37 24 4182
38 14 3596
39 12 2683
40 24 3074
41 40 1248
42 19 3973
43 29 4436
44 12 2800
45 37 1362
46 21 3538
47 14 1667
48 4 2170
49 2 1560
50 23 1590
51 31 442
52 18 3607
53 3 977
54 14 3512
55 47 1278
56 13 2775
57 4 2811
58 0 3506
59 43 730
60 31 1452
61 39 1359
62 10 3311
63 61 3518
64 18 3536
65 27 1540
66 4 3899
67 61 206
68 47 2709
69 17 1638
70 38 820
71 3 4680
72 53 765
73 20 3987
74 12 2000
75 4 2894
76 45 4640
77 72 3269
78 11 1401
79 74 2244
80 14 4302
81 12 13
82 45 4132
83 21 2503
84 22 2069
85 22 2027
86 38 3746
87 54 4047
88 43 3026
89 87 3340
90 15 2976
91 64 2968
92 30 197
93 90 29
94 19 801
95 42 3024
96 12 712
97 73 987
98 15 3994
99 84 3417
100 54 4351
27 44 660
3 34 4055
0 91 1226
72 86 4855
32 36 2819
34 99 702
21 39 2094
5 12 4764
2 20 178
5 41 1487
39 84 303
0 67 698
48 70 2573
63 65 3004
28 88 3208
61 97 1682
8 46 49
1 67 2955
44 65 1392
21 37 4013
66 79 1853
10 69 3312
33 70 4684
35 97 2993
3 14 312
23 55 881
27 33 4868
9 75 62
3 60 2863
5 32 4402
14 48 4143
2 22 4032
20 38 2541
16 86 206
50 59 125
5 97 1524
0 73 3777
24 67 3052
53 61 2342
30 79 1988
50 70 2165
27 69 1814
45 69 948
42 51 1715
5 21 2887
51 57 1911
81 94 1245
53 60 563
0 63 3424
22 61 4546
0 29 289
13 38 1571
62 98 3776
54 58 2264
55 96 130
66 92 4980
58 72 4133
20 99 2387
13 84 1882
73 87 699
83 88 4728
4 85 1404
21 85 1473
6 77 4377
32 64 3728
6 99 2219
1 87 2399
40 48 4291
38 67 2641
32 52 2485
89 91 588
21 54 1384
72 92 1179
66 69 3840
38 46 2537
58 81 3489
7 89 4094
45 79 1839
47 54 1018
24 32 1526
1 55 3309
36 66 3991
23 45 2805
21 40 3084
17 28 3866
26 41 4495
35 60 1026
26 61 4127
44 51 888
22 69 345
35 71 852
35 43 4529
9 10 4628
3 97 195
30 66 1388
56 69 2587
15 76 3465
27 51 4758
5 48 3966
10 32 1925
56 98 1377
70 87 1316
29 49 681
4 55 2621
2 80 2196
70 72 3253
62 83 2592
1 24 1671
37 79 4563
46 53 577
21 58 2683
76 97 1253
39 94 4393
73 91 12
80 94 2292
20 49 1757
51 73 1645
45 65 3159
42 70 3831
19 50 514
45 85 895
38 40 874
36 79 1468
6 79 1285
5 83 3468
27 73 4246
1 19 1829
30 80 2536
41 97 3561
22 49 1113
64 87 2277
23 79 1926
49 76 1340
46 99 3914
19 81 60
5 98 650
36 82 3848
90 95 1041
26 94 1230
54 68 1801
30 59 106
55 81 628
85 100 2768
48 92 4746
31 49 2463
36 54 2634
3 22 4540
43 72 1819
2 92 3867
26 47 2807
33 96 879
49 61 4749
11 44 2781
19 76 1845
9 48 1374
73 95 2747
68 77 4746
56 83 2757
40 59 3032
30 63 3658
24 58 2090
31 78 3804
23 90 2844
49 53 4025
25 93 4205
63 99 2829
17 96 1199
31 48 539
51 60 4215
18 42 3316
19 34 93
26 82 912
33 34 1595
27 83 1687
47 96 869
27 36 1330
78 84 1024
71 97 596
12 92 4925
94 96 4190
43 70 3235
57 73 1507
59 75 4540
12 82 3991
32 57 3900
45 99 1563
5 33 1337
9 12 2339
6 60 2463
33 56 786
6 68 4338
2 65 4941
72 76 2857
46 64 185
54 86 4366
66 84 669
40 97 2297
47 81 868
0 3 682
53 54 3337
37 78 989
25 65 41
2 54 4491
5 56 1996
32 39 1560
60 77 2756
55 86 3310
46 81 4206
48 94 1616
34 96 3222
3 69 4178
28 69 4051
44 66 766
22 47 4068
17 78 327
88 89 940
15 27 2433
19 25 1808
49 77 4839
29 64 4723
4 81 3870
46 83 1590
59 78 579
9 23 43
14 53 1751
25 76 1643
2 38 4389
60 76 1209
21 38 4810
82 95 1336
43 61 4940
84 88 36
33 93 1182
10 16 1838
52 54 3810
26 38 981
32 50 2841
26 72 4356
76 80 3395
96 99 987
59 67 4010
83 97 3901
87 90 1167
26 69 1865
13 98 3660
68 97 1434
30 72 2978
97 100 3609
2 12 59
38 52 3625
23 25 4641
80 82 2458
62 99 3537
65 89 521
48 53 3102
27 50 4563
4 59 3480
54 62 301
41 51 2031
8 12 104
32 46 2450
9 76 3855
38 62 171
53 64 1638
88 99 2940
15 94 2702
12 31 1255
24 71 269
24 41 4962
39 97 3008
30 37 4139
4 49 637
16 87 750
41 74 192
11 17 790
85 99 3488
1 53 3792
82 99 2955
27 81 3158
28 96 647
20 57 3489
54 93 4539
4 28 4084
1 20 3167
54 91 1894
3 51 324
17 55 3557
41 64 4104
66 98 4745
13 70 1315
1 4 1587
67 72 2085
17 46 811
79 100 3187
24 39 410
20 74 1424
33 90 616
6 8 1523
43 85 1264
2 29 4911
3 57 1514
60 88 956
12 69 1815
12 60 179
51 62 3363
35 89 879
1 56 4929
29 67 2817
23 42 1110
50 73 1274
17 26 4732
68 75 2973
34 72 2346
14 74 1871
34 58 247
11 98 738
35 50 3489
63 79 904
47 58 924
34 86 2997
13 57 3642
30 88 3414
74 93 1543
2 98 1143
28 54 4396
32 73 3058
73 79 1004
27 61 2918
0 20 4703
72 75 4938
13 58 101
29 61 4774
29 34 4171
21 69 462
64 76 185
38 88 2173
56 84 260
53 94 837
17 49 1270
58 71 3591
48 65 201
30 52 3295
7 62 3655
7 87 3706
44 87 527
25 41 4341
84 97 4682
2 75 1522
25 90 2503
16 73 4340
32 67 2831
21 86 1918
43 64 4558
50 75 3805
6 12 507
61 94 3930
70 90 2747
68 83 4776
48 84 3703
31 67 4991
81 85 832
45 53 3533
30 51 4770
47 76 4414
1 8 4979
34 79 3355
5 28 1885
5 39 2990
74 81 1161
52 85 4985
34 35 1203
61 62 4380
55 88 1787
19 45 724
12 58 3075
11 51 983
45 58 2988
66 74 1176
23 29 3378
51 80 371
37 84 4385
54 61 3255
9 69 147
7 54 3731
21 72 2591
50 86 1871
48 86 4244
78 80 3353
30 47 607
23 86 4339
32 68 962
80 92 2508
60 65 4045
9 70 2809
78 96 3223
13 22 4362
60 62 1856
7 34 2838
18 82 4275
62 97 1374
21 28 3945
53 95 4379
33 46 2109
10 79 823
23 94 2734
21 52 4367
16 51 988
6 41 2931
6 62 1407
39 90 2632
1 11 4012
19 83 1258
85 87 3302
42 67 4840
46 86 3354
7 96 1907
68 93 4497
0 69 1815
44 92 3184
22 79 2626
44 95 4339
14 60 3864
38 79 2976
42 82 2088
18 96 3820
14 30 4869
82 86 974
26 34 2484
1 5 3511
15 24 3144
14 73 4221
28 80 4130
61 75 4254
50 78 1650
25 39 3080
38 83 581
39 64 173
9 27 629
18 22 373
18 37 3695
25 100 3495
15 48 2412
0 32 1474
31 95 4771
58 64 2717
19 20 161
51 87 4111
2 63 1863
82 93 4322
26 28 4731
76 94 4059
62 88 4753
53 96 1803
22 67 2061
7 18 2927
16 24 3371
28 39 3171
4 39 2671
49 81 1013
22 58 1597
17 79 4212
1 82 48
21 24 3800
9 64 2433
59 93 666
25 51 2127
32 76 118
42 92 652
9 88 1496
19 65 426
74 96 4984
45 63 2100
29 47 4906
54 57 4221
4 21 4652
46 52 2611
21 99 4254
56 64 1986
39 50 4013
4 67 2893
13 93 2034
35 44 356
16 56 2086
9 52 2434
20 46 3245
25 79 3599
4 26 1975
6 81 2761
31 87 547
67 87 3820
28 40 284
67 97 4501
44 53 3931
44 52 179
78 93 1590
57 92 3475
8 39 3432
7 86 1184
44 50 4909
5 22 2879
62 64 4856
27 93 210
47 66 1629
16 67 1073
57 84 329
36 40 2906
69 97 1084
5 99 387
1 63 2427
6 18 2318
61 71 1217
36 88 2979
17 99 4680
80 86 4641
4 6 2009
46 59 809
14 26 777
8 68 3881
80 83 1651
32 83 2986
5 68 4434
29 63 4650
8 92 4611
32 92 4719
54 98 1280
69 74 4330
61 100 2765
2 40 4679
5 58 1587
36 38 2073
0 82 4361
14 85 307
94 97 4938
26 37 374
10 81 858
7 81 2592
25 52 1194
5 70 4206
16 19 3775
10 84 1767
58 65 519
42 59 395
40 54 2953
25 53 1373
4 88 3356
26 100 3924
79 93 4448
30 39 4925
13 76 2074
21 94 3419
37 46 489
2 35 2806
46 68 1323
10 68 933
11 34 4756
63 71 2122
16 23 3143
7 23 695
4 16 3846
46 78 370
74 80 3079
39 77 3912
71 73 2521
1 100 3859
29 36 2602
18 54 3482
5 59 3598
26 93 1102
9 65 776
33 83 1638
90 97 1844
69 70 2410
8 32 4066
13 14 208
16 71 3501
60 84 2855
9 11 687
16 43 3803
3 76 4091
43 89 4499
26 55 4753
51 78 1933
47 83 1736
65 92 2965
4 84 4022
17 93 2083
35 83 845
73 90 4428
40 44 4279
40 88 4843
26 66 3664
11 23 4918
7 67 564
53 78 1792
3 42 1856
47 88 4450
10 19 2661
29 40 2394
2 93 1597
66 96 2620
41 92 1048
40 94 2342
17 24 3523
64 74 3318
16 77 940
12 67 1842
44 78 2410
38 78 1683
39 67 1295
20 43 4455
51 86 4361
39 55 3234
67 91 1738
14 58 3650
24 70 666
3 46 4015
35 81 2886
16 61 2727
18 73 252
39 92 146
0 52 4500
7 80 3563
46 96 4601
32 77 585
82 96 1951
49 51 3574
17 91 4446
58 74 938
5 79 2725
1 96 402
36 45 4550
9 63 2579
22 23 3154
17 67 3423
25 33 1244
62 76 4739
6 35 271
7 72 89
82 83 2512
35 68 326
78 94 903
15 97 4812
1 90 204
42 87 181
76 93 3001
0 42 1575
35 45 352
82 97 2211
10 46 826
41 44 2962
16 20 276
44 54 3358
38 65 3235
1 13 4597
25 62 1642
34 63 2604
3 98 2841
31 38 3606
1 35 2297
2 91 4240
73 83 1688
49 74 4856
28 55 790
35 95 706
22 40 251
4 62 4940
1 15 2371
41 76 3545
58 86 2975
57 93 2777
17 48 1026
41 80 3629
53 86 3706
12 90 3590
40 85 531
39 100 3412
0 10 2459
10 14 4431
13 66 2056
6 54 3492
46 50 705
57 95 1
52 90 1955
18 58 2044
0 89 3160
5 100 3286
29 58 4114
14 94 3634
24 85 2628
13 69 509
7 32 121
21 89 1283
1 78 2407
42 45 1202
72 73 2108
75 94 4691
49 78 1789
41 58 3813
21 76 3413
6 22 593
28 51 51
20 83 4278
9 71 3572
54 89 300
54 59 4296
65 88 4288
84 91 4202
37 85 4202
39 60 2477
11 40 4674
7 16 2342
6 10 4702
22 51 1601
15 74 2831
17 20 3963
34 71 1577
15 44 3260
42 61 4027
40 84 1458
9 100 2833
6 36 4598
14 31 469
48 80 4703
10 93 2496
14 97 4540
4 15 2095
1 44 4305
61 98 1954
21 61 2594
14 70 104
16 49 3226
33 61 4333
6 55 3390
34 93 4877
31 66 1446
56 94 4376
3 95 2542
69 84 605
54 76 4363
15 99 2927
36 65 1397
68 100 4135
80 91 2986
11 56 1883
37 92 3118
50 69 4774
78 79 758
40 91 3684
71 92 3314
14 46 389
5 74 4465
65 98 3033
36 59 343
12 52 3927
22 98 3378
7 48 1506
18 57 1264
64 71 138
65 79 3807
32 45 216
28 44 805
20 21 1774
17 34 1861
7 49 4546
37 96 4855
20 51 3251
35 57 4299
42 63 3069
41 62 4099
52 91 166
78 82 2298
26 80 1728
36 62 1605
26 33 4705
59 60 3207
30 69 3895
44 71 1460
33 59 4488
77 90 2315
8 67 4814
14 24 114
78 92 4526
16 98 1672
17 63 508
17 23 3262
36 53 2049
20 24 3755
1 41 3830
19 51 2351
33 69 4664
20 71 1567
20 50 3862
7 71 4782
25 26 4720
31 97 1771
21 36 2360
12 79 2876
31 98 4496
0 62 3932
3 32 318
2 87 2607
17 72 3760
52 94 2860
74 82 3443
16 75 1455
52 75 1410
48 73 3246
5 63 4354
43 57 4159
21 51 71
37 43 4699
19 70 2312
93 100 4777
21 95 848
40 96 906
52 67 4517
41 65 724
25 95 804
34 43 3717
38 85 4695
11 99 4287
1 50 37
34 94 2102
27 74 2725
49 59 2074
10 44 477
5 49 2165
24 29 2377
16 39 808
38 58 245
28 85 4962
39 80 3026
7 39 479
61 84 3625
61 89 3141
2 48 499
7 26 2143
72 99 3231
18 61 284
33 41 4776
60 97 1718
61 66 1967
46 84 3891
56 90 2142
23 58 582
10 70 4754
12 14 2214
10 80 417
38 91 2770
28 78 1876
15 30 3845
0 95 1148
46 94 4024
97 98 2373
25 45 3066
9 43 1489
18 56 1157
57 59 1375
51 92 1650
73 99 312
97 99 1372
9 81 46
28 97 3487
12 100 1059
26 68 4872
23 91 2304
71 95 1670
51 70 4431
15 79 112
4 97 2585
59 100 4762
61 78 623
76 100 4027
9 68 3220
68 85 1131
28 41 796
1 66 3732
18 44 1805
21 73 3672
9 57 2511
3 99 4790
8 88 627
55 84 1697
60 72 1405
62 73 1107
11 32 24
55 100 778
2 83 729
67 75 3539
27 80 3703
1 94 2612
68 82 4747
53 58 1291
17 95 3603
3 72 4819
13 23 1696
37 94 2312
37 76 1028
11 61 1688
17 92 1787
3 56 4756
3 74 3014
25 72 1635
26 79 1242
24 51 4594
17 86 2478
10 86 3501
43 71 4761
38 44 2728
43 94 4072
30 82 1039
46 69 3150
23 44 3001
34 89 2659
25 96 4888
51 65 204
3 55 3773
0 45 3083
79 90 761
40 45 642
27 63 2989
58 96 124
38 82 2140
9 45 210
65 78 723
24 62 83
27 68 3238
24 98 1831
41 56 3897
9 80 516
4 83 2919
5 8 263
45 56 4655
19 66 4837
51 98 1449
91 96 2947
47 64 3420
76 95 298
17 37 1403
86 89 861
33 55 2829
27 42 436
61 85 1029
71 77 413
56 92 2793
6 84 4200
4 92 1246
7 55 212
5 37 4089
49 84 2350
47 65 4015
9 91 694
20 76 2496
16 35 718
16 26 1626
52 61 2192
89 93 1050
40 69 4367
23 41 1251
44 68 614
31 83 2935
32 90 1526
15 57 1261
16 74 4761
52 62 3596
5 45 3061
3 81 1490
20 82 2204
46 92 386
31 96 3297
35 88 3875
3 96 4564
35 37 4091
69 88 861
71 94 4074
68 79 1184
6 80 4729
11 82 179
62 86 4454
38 56 4510
25 29 4026
9 85 2556
37 60 3356
22 26 1469
50 98 22
17 33 602
79 85 161
14 88 2379
17 38 755
64 69 2589
75 96 2083
24 38 2348
25 50 281
4 11 2869
48 62 1788
47 52 4781
59 63 2187
3 15 4008
9 61 4791
18 77 905
36 52 882
89 100 3277
23 48 4030
36 50 4691
35 63 4379
34 80 3322
37 69 4916
13 94 3684
16 92 4785
32 94 2677
38 71 2201
23 26 547
8 27 3936
40 77 891
49 54 396
8 83 3553
30 44 3313
32 59 752
20 41 4909
39 52 4999
47 89 2370
6 29 1452
27 46 4909
26 67 2145
63 64 933
22 72 4460
26 90 1301
59 94 1833
10 83 3728
9 19 402
1 80 2009
69 81 2902
27 95 1928
25 98 2696
39 49 4235
19 97 1198
8 36 116
24 95 1887
16 38 4140
12 53 1032
14 92 2887
29 33 3486
34 59 4402
31 85 1147
32 98 2067
5 11 1190
66 73 1807
20 47 1174
50 87 1758
55 95 289
64 85 74
39 72 2308
64 78 3303
42 55 3153
23 70 156
23 54 4702
24 92 2985
27 79 4746
1 75 2412
59 64 774
54 72 2960
31 64 837
4 68 326
15 17 2682
74 97 3113
17 68 3925
21 48 3772
34 38 2879
5 24 3996
4 100 4006
6 15 3602
40 92 4954
46 61 2820
49 63 4297
16 100 2378
44 97 1784
34 66 545
41 75 17
3 6 4842
42 100 3209
54 71 1228
27 35 1115
23 98 1244
18 66 2792
91 94 2465
7 99 1634
71 98 3410
12 84 2090
51 96 3721
56 74 3877
2 15 4778
59 76 1360
46 55 4464
17 98 2574
85 91 3118
18 94 3519
0 33 4386
21 80 2231
69 90 2615
40 100 3279
8 23 3403
52 65 4623
26 50 4979
17 59 3213
9 50 4658
62 85 596
6 67 623
51 84 2878
70 88 4749
62 71 3544
36 74 2067
41 72 2249
1 23 3124
12 66 4005
11 65 485
93 99 646
25 99 807
20 79 4632
19 24 1604
18 29 4558
16 30 3845
36 73 4173
18 60 835
49 73 3546
55 73 2771
64 67 4603
1 10 3086
59 61 1544
17 100 4159
50 99 2679
23 65 3747
46 47 3191
12 51 4021
53 90 190
60 71 853
59 81 1512
55 58 2025
36 95 3808
38 92 1414
37 56 922
54 70 1856
56 91 1213
75 80 4440
0 44 4808
50 58 254
13 99 544
75 77 1908
19 68 4928
37 81 631
3 40 552
71 74 1022
8 81 346
3 52 3850
39 56 3306
37 88 927
50 85 2068
28 48 739
21 71 269
2 77 1256
67 76 2296
1 38 2838
68 73 3810
43 84 3130
17 44 3045
14 78 4130
28 29 860
14 61 1804
24 88 2846
14 72 2466
82 98 1503
7 88 896
0 84 2950
43 92 1611
39 63 2006
87 92 3410
2 96 362
30 75 287
0 64 4193
9 40 1524
0 39 4358
17 51 1556
48 81 4132
20 77 893
54 96 2884
20 40 1510
1 93 1042
42 50 341
47 72 2164
6 14 990
40 61 500
75 81 810
18 19 1938
48 50 4632
3 83 2222
19 91 4191
7 70 4295
73 92 1997
24 86 2536
69 77 3011
46 82 2562
0 66 4632
28 56 356
14 62 4763
34 82 1320
10 52 7
37 75 1355
30 32 3597
41 59 832
80 84 3208
3 37 2438
76 96 4290
74 95 3524
25 28 850
66 70 3688
49 86 1957
9 14 69
54 69 351
41 100 3506
44 99 3234
75 88 3974
19 47 4053
63 70 866
0 40 1047
37 54 1316
75 78 2814
80 100 4864
22 91 480
5 75 4106
2 89 890
4 23 2166
7 51 4821
68 89 816
38 90 2956
64 66 3436
17 42 4750
54 80 1381
84 98 1298
23 52 3161
11 96 3126
47 97 4505
25 71 1090
17 65 3995
17 47 4323
11 49 4464
31 33 3727
9 22 4791
34 69 3368
7 74 2637
23 40 62
3 54 4418
18 23 111
81 90 4690
24 59 3614
37 44 3561
28 99 4531
19 85 2595
25 88 3841
41 83 3501
50 67 4215
30 97 2554
31 69 2242
19 54 1780
15 72 2797
64 79 4629
41 78 3471
24 52 4971
16 47 902
18 87 2185
64 72 1735
7 36 2939
42 97 2038
46 80 1122
13 89 3474
68 86 4734
54 78 2128
0 53 4004
49 72 62
8 86 1521
33 47 4544
84 94 3798
13 47 4205
34 85 467
3 50 3200
95 97 4660
44 69 787
51 99 2847
35 92 3012
5 27 1193
10 26 4359
46 58 1743
42 54 3852
19 44 3097
36 71 1128
65 76 1137
33 73 2071
79 82 4023
75 89 931
82 89 3838
34 44 4426
21 50 4468
46 71 4969
75 98 2043
15 32 2369
21 41 4140
44 48 4981
72 80 19
26 60 2366
13 27 1476
42 66 1932
2 69 4652
64 95 4709
51 55 627
6 58 899
66 93 4381
90 98 1572
71 79 3325
14 55 2040
26 75 4569
12 63 846
7 64 1914
9 33 3386
54 85 673
61 64 808
88 97 3919
29 52 3341
49 93 2300
16 41 2023
93 98 3467
12 42 4575
3 25 2080
59 88 3361
25 42 4623
17 80 3293
4 91 3623
24 53 1032
3 63 28
5 50 998
3 24 2089
17 90 4016
15 19 2513
36 85 348
14 87 4255
11 92 2714
48 98 4467
4 96 2907
29 84 4733
48 59 2776
1 39 4057
29 77 437
5 88 3079
7 25 811
36 51 806
41 45 2468
6 92 4516
76 86 1291
69 96 2591
44 100 812
75 87 2841
10 54 4545
26 97 1342
18 25 1411
37 59 3229
23 24 2856
20 81 4397
38 60 2162
16 57 2969
1 57 3592
21 47 2816
23 49 3533
10 71 3403
61 82 181
20 26 2357
19 84 4895
27 72 2156
42 47 1105
71 93 4063
25 69 222
7 29 783
0 23 3323
68 98 2726
61 87 3227
2 57 4730
22 95 1071
10 51 4358
4 29 1478
39 96 3948
67 82 2388
5 26 3088
62 94 4752
50 56 1213
11 100 1436
24 90 4614
80 99 2435
57 97 3579
53 73 999
48 99 2274
40 50 793
33 42 1760
10 13 4716
66 72 1075
8 72 1054
9 92 4793
59 77 1838
28 35 4006
53 65 2939
21 29 4640
6 50 435
12 33 4057
3 90 4503
16 62 263
26 30 3452
44 82 1717
48 57 2493
24 99 346
43 80 2303
12 59 1722
55 66 3964
34 97 2081
27 64 3774
70 73 4518
6 85 647
3 43 4596
98 99 101
47 90 2949
28 38 4747
79 97 2777
51 64 1202
39 40 4137
73 82 2379
8 15 4747
77 98 1377
39 66 242
48 67 115
8 90 2346
9 42 2306
68 72 3349
4 79 387
49 90 3047
52 70 4732
18 79 877
2 18 2864
6 75 1439
17 88 393
2 8 599
34 37 4368
0 56 1253
16 28 2487
61 74 1858
21 79 3298
54 73 2893
61 76 4879
12 37 1570
4 65 3493
71 75 890
46 51 2939
36 100 4424
36 72 2827
12 75 510
52 87 3341
10 94 861
29 51 135
59 99 2339
31 32 1480
16 46 490
14 59 3133
13 55 461
67 92 2497
5 80 960
72 100 167
50 83 2236
1 9 1523
17 30 4254
47 77 2680
38 48 4201
33 50 4612
64 80 3919
40 87 4131
41 95 3328
15 82 4967
19 27 290
6 47 2390
78 86 1649
63 83 1158
8 19 2430
24 77 1798
13 18 1790
22 36 897
26 53 3052
1 76 3900
59 62 2085
3 84 2338
31 42 348
68 87 309
84 86 2299
20 90 1010
20 91 4654
9 53 3659
35 47 2051
31 62 10
16 84 575
49 57 4562
85 92 3142
22 41 2492
17 94 48
28 77 527
14 25 183
52 60 2622
62 100 4770
15 89 3740
38 51 1514
12 19 4104
23 30 4117
19 36 1618
49 99 1443
54 75 3115
28 68 3543
45 84 1551
63 82 1417
62 92 3066
11 33 686
44 46 4420
21 31 4018
55 61 4181
81 96 3058
2 94 4691
49 91 1391
44 75 3270
18 51 2755
52 96 2875
37 62 3728
64 90 4193
43 50 259
27 98 3846
46 97 2649
58 78 592
22 97 2947
24 49 4161
7 31 4215
44 61 3642
65 86 4748
5 64 3871
7 35 912
17 61 2408
1 79 2611
15 92 3652
10 72 1061
13 63 3639
20 44 780
19 95 3182
32 60 2824
28 74 2863
1 86 2399
21 92 1517
0 99 3881
27 34 864
38 53 429
56 99 3373
22 96 3529
19 55 3073
26 49 390
8 49 3312
5 25 3371
89 95 1093
6 74 4520
11 28 942
13 20 4790
10 88 1183
31 43 4748
7 57 4841
23 56 3908
19 40 4129
50 72 3995
39 58 296
2 36 1745
3 70 4862
88 94 2858
61 80 1304
27 48 3695
89 98 3150
35 65 4920
17 66 2754
45 59 1102
26 73 2714
15 38 2164
84 85 1629
7 15 2245
9 86 4343
67 90 4561
2 74 315
35 53 2433
92 93 599
44 72 4330
78 90 2977
9 28 3365
28 71 3022
10 49 1592
8 28 1292
11 58 3452
0 28 726
22 90 3896
7 47 3728
26 85 2104
11 27 4251
12 46 3564
0 100 2526
51 75 4073
2 68 2459
36 39 2319
17 81 3881
30 61 1496
13 92 639
67 80 3966
48 83 3796
3 75 3602
13 88 1854
37 93 2837
0 59 3961
11 57 3165
65 83 47
12 28 613
77 89 3694
14 86 3931
35 64 551
51 63 4405
17 82 1506
2 7 4126
18 98 4552
58 69 2678
70 94 1839
68 69 1124
2 62 3102
43 87 341
58 92 1755
35 84 2116
38 69 4767
45 90 4858
14 93 4558
32 69 4393
43 62 4497
11 54 4497
9 59 3132
2 46 1886
10 23 153
76 82 631
10 92 2148
6 38 3604
3 27 2272
4 73 3123
5 9 3220
40 86 748
42 81 4499
66 87 3945
9 34 2153
13 95 3603
6 57 4602
92 98 2172
79 80 2327
58 76 3301
7 98 4511
15 51 3072
64 94 3461
22 57 4714
72 79 4118
66 100 4889
81 95 3693
42 68 4069
10 27 787
69 93 297
9 25 2978
36 90 1769
40 66 4579
37 51 2035
12 23 2055
19 39 756
56 95 2265
14 100 864
33 99 3049
5 62 4210
63 89 3099
25 82 1021
13 44 2703
72 97 2591
5 90 84
14 16 1924
12 40 3052
87 100 4687
3 77 2357
65 73 2770
74 87 920
53 92 4622
10 98 4559
19 73 4165
70 95 2449
32 42 3762
45 83 36
88 98 3059
33 63 3878
63 76 3140
37 64 978
11 90 4046
13 30 3521
43 76 1406
57 94 2378
60 74 1776
37 99 3965
12 29 1030
0 79 2297
5 47 736
32 58 3288
56 96 432
3 85 3678
66 82 4977
60 91 2323
12 30 98
37 52 3842
11 75 1972
27 38 4817
27 55 2219
26 63 3082
29 68 1302
69 87 3762
1 92 3031
48 49 467
31 99 1121
40 58 2467
84 87 2127
26 62 1835
40 65 4582
24 45 56
23 31 718
62 74 3647
47 84 3922
11 74 2687
4 89 3926
55 59 3512
9 87 257
4 40 2671
4 31 2465
84 95 2582
25 81 2722
23 75 2046
21 42 4956
42 65 1888
52 82 4924
7 27 1377
28 32 1325
0 90 4364
58 88 108
54 66 4711
40 64 3111
50 79 3628
48 71 4756
18 92 214
46 90 2607
58 97 2920
33 65 2047
32 82 1669
34 100 4540
21 88 4517
14 33 2904
34 40 3084
9 15 2751
8 63 4867
79 89 4173
16 27 3170
47 93 452
68 78 507
10 89 4588
82 85 3323
50 96 854
30 99 3004
4 34 4651
7 66 3663
12 43 212
70 92 2057
23 34 184
79 92 4927
43 79 4786
27 77 1664
17 29 4204
58 77 2478
3 19 1118
45 74 1119
63 69 2405
5 51 782
9 90 2222
15 68 3760
0 37 2583
40 93 1518
73 81 2454
12 15 2273
40 46 3678
13 75 4503
45 70 231
29 60 955
49 71 3443
6 39 2772
3 10 2110
55 89 4346
11 86 3149
13 80 1666
70 100 3191
68 94 4703
8 85 3720
47 63 4219
26 58 704
3 58 1715
51 88 3489
58 75 4635
6 33 2342
44 73 173
50 64 127
51 82 3776
1 70 1432
75 95 923
71 82 1000
13 91 3847
28 75 19
50 63 667
62 89 640
20 72 4906
9 13 306
33 48 2537
22 43 327
28 66 2701
53 88 3840
29 38 3307
0 7 3990
7 58 4506
85 90 3190
47 67 2552
65 85 3039
18 41 2174
32 51 2511
21 70 2085
12 94 387
29 87 3504
49 56 1349
41 46 1541
71 91 4684
1 31 937
3 64 2197
26 96 2401
28 58 1715
7 59 2746
12 72 3071
11 76 4019
20 62 1720
21 55 4446
51 95 445
14 75 3186
0 51 3872
62 81 412
7 50 4086
45 49 2744
3 21 2276
26 95 214
23 57 2300
18 26 4679
7 73 2736
58 82 1883
38 54 2759
9 74 3114
27 91 3954
77 79 1144
21 56 4217
23 59 4385
83 89 2159
96 97 4247
6 51 1633
75 99 4564
8 24 1910
67 69 1753
64 89 3296
72 90 1391
29 41 1733
1 49 4688
15 52 1343
48 89 4789
6 61 1364
88 100 3321
73 89 2258
22 25 1052
40 43 567
0 12 847
29 66 3307
1 34 2944
23 62 4531
62 84 658
51 76 4425
20 95 3323
22 80 4481
42 74 4933
45 95 1835
56 59 4999
44 90 3472
23 60 4703
10 36 4995
22 45 1464
29 72 3837
12 57 1101
0 14 2480
53 97 832
33 86 1832
17 21 4784
46 56 1442
47 48 974
10 34 3526
13 78 4023
4 42 3794
36 93 775
11 12 2114
20 94 1020
33 58 4477
42 98 3812
70 81 1685
39 81 2014
5 43 3692
38 66 941
17 62 1991
28 46 2297
23 89 1823
47 51 4183
9 26 2780
24 84 1716
37 89 2125
87 98 104
60 63 1384
18 40 807
30 71 1988
66 95 832
16 33 842
9 96 3968
9 38 4498
1 83 2660
8 98 4690
53 57 3801
62 90 3170
8 99 3494
31 34 1098
8 74 1691
87 91 4443
21 25 918
18 38 85
29 39 1656
40 81 3199
13 97 2751
9 99 2645
5 81 224
85 95 2634
43 63 3892
18 86 1420
48 91 4125
43 100 763
47 60 4639
19 38 3696
54 82 2299
12 27 3834
92 96 808
5 55 3342
22 27 3237
11 87 1546
63 93 2127
38 100 3302
70 79 2845
12 48 2609
40 75 2302
9 97 1751
0 35 2794
33 54 3229
62 75 2897
55 91 2924
34 75 2827
1 42 352
19 32 4003
15 70 1424
63 92 2702
72 96 1347
51 81 157
67 79 3814
68 90 1606
74 78 4388
35 61 894
13 67 1125
15 41 3380
11 24 2377
7 14 1623
39 76 2377
6 71 66
4 54 4687
67 83 940
28 100 197
13 28 1174
78 83 3241
31 91 221
43 47 3305
22 54 1300
38 39 3284
80 89 397
18 68 3452
15 69 3992
25 97 1127
87 96 3625
69 85 4542
29 35 2437
63 91 1134
22 30 2323
72 88 4575
7 61 3680
21 34 1447
69 82 4536
56 71 4304
64 65 3226
62 66 3276
12 64 2536
67 99 2789
28 36 4575
28 83 3530
18 59 2868
15 45 1233
10 61 3014
25 40 785
8 84 2723
62 70 1887
74 76 2079
18 91 2017
38 84 138
25 35 3515
46 72 1171
17 19 355
10 85 625
63 86 4026
5 86 1468
68 91 4679
4 14 4152
9 39 4
6 78 2576
52 69 228
13 77 2051
25 68 4658
51 79 1116
85 93 4169
19 69 1324
60 90 4370
41 57 4446
83 87 3407
5 53 63
50 80 619
25 54 3665
22 78 1811
13 45 3196
37 41 1525
2 60 4974
15 88 2394
90 92 1107
46 65 4827
71 96 318
23 87 2052
24 55 2609
58 70 3133
19 29 286
0 71 2158
83 98 2553
23 68 4580
26 88 428
92 100 2058
64 68 1170
45 89 2885
34 57 3845
3 7 605
60 94 3355
32 88 365
36 76 3040
30 62 4364
29 98 724
13 19 2350
35 77 3585
21 33 639
63 88 1851
50 82 422
45 47 2651
16 18 2005
40 89 2422
43 48 3570
57 75 4666
13 100 2950
66 99 4771
5 85 2827
2 99 160
53 70 4667
50 90 4008
52 59 3850
70 74 4664
55 62 4903
91 100 4683
37 68 4193
30 42 1154
18 32 413
48 60 1320
78 87 1706
8 31 3991
45 52 258
49 85 1474
1 30 142
35 96 1297
13 82 4472
75 83 3227
43 82 2872
81 92 1393
39 51 2297
60 61 4057
39 95 4176
74 88 2863
80 95 1833
1 74 1750
78 98 1089
9 78 4961
19 67 3236
2 44 2035
10 97 2461
69 95 3137
23 78 2579
51 69 3232
16 64 416
14 71 1734
45 86 262
4 77 4183
11 41 1614
25 36 3154
36 64 3368
66 90 1906
66 80 110
13 16 78
12 88 1864
20 78 277
77 87 3042
24 74 4017
21 64 1461
21 90 4831
10 73 2373
2 32 451
8 87 2729
37 86 2517
3 62 1087
8 35 1847
35 99 2338
2 27 2636
21 53 4380
38 43 2779
2 81 3324
51 68 3762
56 80 505
21 44 3364
44 83 4625
66 78 3178
22 81 807
67 95 203
42 62 3967
54 63 2738
34 51 3482
22 74 3404
54 94 3105
49 100 3993
84 100 2795
4 37 4709
42 85 808
6 19 4040
33 64 3391
17 64 4592
58 68 2921
73 88 1833
19 62 3016
10 75 1654
15 58 4967
27 78 1039
61 81 4469
86 96 3045
57 61 752
20 54 4832
79 84 477
3 78 885
24 50 758
6 73 2691
28 76 3126
10 90 319
0 78 2237
15 28 4869
33 85 422
80 88 1133
5 31 2985
42 44 1110
12 87 1900
57 58 1108
27 66 4736
18 69 742
18 43 4461
38 68 1564
40 57 149
1 43 2451
0 43 4844
53 74 973
6 21 3408
10 35 1045
7 91 2517
76 78 811
20 35 1821
47 71 404
13 50 3530
67 74 1955
3 79 2032
15 59 764
1 52 206
38 74 295
34 41 2148
3 67 650
13 31 3255
25 57 4906
13 90 3347
23 96 3998
58 95 4780
19 90 1615
27 31 4422
11 47 3462
11 81 1434
2 70 4931
0 57 389
43 65 871
58 98 1038
44 67 2569
23 99 382
41 54 3434
56 77 590
62 79 4484
22 46 1887
4 72 2772
14 35 3870
20 84 3739
4 18 2527
36 60 403
25 80 2708
47 69 2198
33 92 3574
22 37 3496
19 92 2352
5 87 1593
21 100 795
11 39 2206
45 97 3562
33 44 1976
0 85 1897
42 99 2354
19 71 4542
5 16 3482
0 49 3527
71 84 4618
63 74 3702
71 72 4077
23 95 887
22 82 4146
31 47 2556
16 91 739
3 20 704
13 24 3328
21 26 3449
39 68 1460
31 54 2416
8 100 1088
22 93 3110
23 61 4948
40 51 4216
19 72 4083
30 43 2204
74 84 4091
60 100 3243
52 63 4257
1 98 3294
20 56 726
38 59 4321
10 41 4635
10 42 3921
6 56 984
22 64 1867
4 63 3275
80 98 13
52 86 4474
21 22 1068
16 42 4119
78 81 4795
27 32 2404
60 82 3836
53 76 4171
6 64 218
65 96 2187
6 90 2806
30 77 2378
30 98 193
11 62 3096
50 91 2592
30 93 2854
21 30 3739
51 94 2695
0 94 4386
22 32 2206
3 92 2013
56 88 1182
26 43 2336
6 63 4740
18 80 454
11 71 4703
26 57 2218
91 95 2112
47 79 3386
38 41 4804
64 75 885
30 85 382
52 53 1668
22 65 3152
63 98 2601
0 17 2447
41 70 3806
44 63 1880
21 57 4681
32 41 4601
69 92 1587
20 70 1147
25 60 2861
23 84 2002
62 77 1626
27 62 258
3 17 2365
49 89 2011
56 63 981
2 4 930
63 100 3508
26 99 4987
74 86 2023
77 78 1774
29 62 4678
93 94 3426
14 37 2592
22 53 396
56 73 3327
29 92 3517
62 67 2887
6 97 4537
0 97 2390
39 70 2797
4 41 1300
12 13 3291
8 61 1546
52 79 285
20 55 183
1 48 2577
26 98 2209
16 36 65
30 76 3823
3 89 4378
35 41 4917
47 99 1159
29 86 2832
2 42 205
24 81 2402
51 53 2938
44 70 665
39 91 1543
4 99 629
57 63 2914
55 75 817
18 93 4362
32 43 4011
64 83 3933
8 78 314
56 100 3626
20 48 1960
91 92 3700
1 2 1901
39 82 148
76 87 1424
20 60 1247
15 60 4641
46 77 4630
30 67 918
24 36 2781
64 98 4061
35 55 3804
1 40 3735
18 88 3456
34 48 4730
52 97 1867
26 78 56
64 96 4893
9 32 688
0 8 3692
24 34 4826
48 88 919
79 88 4944
21 93 4311
23 69 645
45 50 4193
38 64 3483
7 97 1777
24 42 245
55 72 46
95 99 1040
28 64 4009
16 79 1268
1 61 3713
15 43 2153
5 73 2476
72 82 4719
34 84 2078
9 31 801
16 22 3499
37 74 4456
27 76 3996
19 99 2543
70 86 2805
62 87 2784
75 76 1006
77 100 1318
0 81 4591
19 21 2754
43 69 2209
1 72 1471
90 96 3781
18 34 4090
66 91 4345
50 76 2223
74 85 2030
53 67 2197
41 50 1515
32 65 4736
71 99 1589
45 71 2663
16 45 1625
44 91 4337
38 42 4473
29 30 439
2 50 4466
72 91 3540
18 67 211
15 61 1676
4 51 2056
69 78 279
52 58 4663
11 94 86
36 37 354
46 48 1195
29 91 2889
64 100 2289
65 67 2816
7 79 3847
25 89 4748
18 100 4196
83 84 1488
56 86 4822
5 82 116
26 35 1336
61 88 909
57 72 2051
46 74 203
5 92 2625
13 72 4794
16 97 2055
10 22 642
22 100 1775
89 97 3982
13 48 3706
67 73 130
11 48 4342
21 43 1516
23 63 3567
26 32 812
56 97 3192
69 100 638
34 65 3191
33 75 514
2 6 4132
43 77 409
35 52 2128
73 78 2377
60 86 3954
35 100 3265
27 45 1718
7 33 745
7 76 2809
41 94 833
3 59 4735
44 57 2121
39 88 4664
7 40 2559
42 56 3298
48 82 854
16 72 2448
76 81 1541
37 61 3300
20 68 1496
62 93 3950
52 78 1270
10 21 133
31 50 2820
19 48 2464
31 74 3316
14 56 954
36 68 4247
1 68 2805
48 69 4737
50 88 2210
20 65 2009
10 25 28
57 74 4903
4 20 2007
65 94 420
38 80 2630
41 96 2567
18 39 825
0 50 3343
19 93 2298
17 18 1403
79 87 2330
48 52 830
57 85 1213
56 87 645
19 88 2554
17 97 1730
0 87 142
26 87 4951
3 45 3394
19 80 1755
9 95 1946
34 50 1674
15 40 136
5 29 4736
3 91 4110
65 72 4841
63 90 4988
43 68 2448
27 71 1221
30 78 2085
19 96 1822
2 47 3653
57 68 516
35 78 312
81 82 3280
50 60 3924
10 11 4411
74 91 1089
22 66 3107
83 85 1277
44 79 776
21 77 2618
36 47 4925
30 89 2030
70 75 2581
43 55 3691
8 79 378
9 16 4732
92 99 2483
7 43 984
1 36 1263
6 76 3708
60 66 3724
12 65 1526
1 27 4540
37 82 1330
11 52 2892
9 62 1188
0 72 291
47 92 968
24 66 4342
0 34 629
78 85 2405
51 67 2275
22 77 94
5 30 2558
32 37 4360
71 87 1140
15 86 1789
13 81 2928
33 66 2801
5 66 3948
35 73 2285
26 77 2458
36 97 3262
49 94 1699
33 77 1114
28 61 2332
41 93 2802
15 80 973
12 76 210
15 47 305
45 60 4627
63 85 2083
23 97 3000
49 92 2700
11 70 560
38 97 4240
80 90 3738
14 67 1872
34 46 29
18 48 271
61 86 1045
66 83 498
1 29 1039
48 54 2355
0 18 3154
32 34 3472
37 48 3988
23 73 1510
12 26 2113
13 87 4529
19 22 2676
11 84 4497
66 85 2273
17 75 1961
12 80 4928
71 76 1548
31 86 2999
68 96 2628
48 93 2171
31 41 1133
34 91 2885
76 90 4679
0 30 4434
38 94 1482
20 85 447
28 70 3756
59 95 639
20 53 484
42 84 3910
11 88 2854
93 96 1450
70 99 2652
54 77 894
44 84 3236
42 86 714
57 69 1830
55 65 4476
63 87 4523
54 74 2242
3 16 4739
9 29 297
19 52 1645
13 36 2729
74 89 2898
35 54 103
83 96 4219
32 47 4779
82 87 3754
5 23 1659
12 21 2557
10 58 1332
2 26 2690
45 98 620
36 99 4133
27 30 3959
86 92 4603
27 47 2091
34 77 3499
53 59 2200
57 87 2827
10 20 4144
47 95 2217
20 37 2692
41 91 4544
26 39 4632
61 73 378
46 85 4458
3 8 1345
4 61 2018
81 86 4515
61 65 407
56 57 2331
27 60 4281
11 26 2808
81 98 2253
41 89 648
46 88 3631
59 98 29
48 55 2558
54 84 2761
75 93 1269
27 28 1268
15 54 2917
34 73 2131
52 72 3502
65 74 2051
49 62 2213
56 89 3613
91 97 2856
7 24 3691
52 88 1277
44 96 2612
60 93 3125
26 65 1745
73 96 1298
16 31 4989
28 31 2457
25 49 3747
75 84 1956
28 91 3624
86 91 2531
64 73 2188
56 61 3472
14 27 1209
19 100 3301
31 57 4218
38 89 4454
20 36 1715
3 11 4160
8 17 3494
74 100 1163
38 99 4246
23 93 4309
78 89 435
88 95 2263
70 96 690
13 29 3552
5 94 2067
20 92 4639
57 79 522
16 69 4511
30 90 1845
33 51 3327
41 82 647
65 93 4939
77 93 686
34 88 1972
0 4 1872
42 48 2998
32 49 1833
49 69 3084
16 58 270
28 37 1151
94 99 2192
39 45 2315
54 67 3562
20 63 2932
30 54 1730
15 49 485
8 93 1376
4 13 3131
36 94 4071
11 45 2396
0 46 2842
31 70 1080
72 89 896
19 60 4837
48 63 4698
62 91 890
3 73 229
68 84 3237
8 26 4849
26 52 3722
39 54 3990
14 51 2073
58 63 2106
26 44 3530
19 75 2241
8 29 1794
32 93 354
76 85 90
43 51 4304
22 70 2685
76 91 4543
17 74 3621
22 38 1292
16 53 2006
38 57 2616
53 85 633
26 54 3811
33 71 4939
83 86 3749
69 73 2388
18 74 4899
2 17 1025
62 72 1885
26 71 2302
21 49 4425
69 86 77
7 19 3371
29 81 1795
13 51 1288
51 97 2066
3 18 1829
4 71 4830
27 40 429
39 99 4662
55 83 2394
55 76 4329
4 87 2886
1 73 2387
45 93 844
54 92 2570
9 41 1784
2 13 86
6 26 2747
73 93 1630
5 69 3842
35 40 2759
10 60 2735
29 75 4453
30 73 4791
12 71 2364
6 70 4768
39 41 96
80 81 120
12 34 3505
65 75 2014
4 9 3685
9 24 3850
22 52 2982
52 77 3626
28 81 4223
20 88 2137
76 92 1048
20 80 3080
9 79 1518
33 87 4093
45 54 3865
24 28 358
38 75 4640
29 50 4165
30 91 857
18 33 1764
59 91 2495
0 60 48
68 71 3938
75 85 972
11 38 175
26 84 4563
52 66 4909
43 83 960
44 45 4434
2 73 4301
5 77 2685
39 73 123
33 62 695
66 86 3456
4 74 1472
56 60 743
8 30 1189
71 100 3144
20 45 4086
47 57 4087
16 99 873
8 82 1721
20 64 3871
72 95 1832
16 25 1875
14 90 81
53 98 2850
14 52 4467
35 58 3603
28 43 1981
76 88 1482
12 47 1310
36 61 2287
32 48 2741
21 65 3247
17 50 3887
49 58 3400
34 78 731
40 63 93
70 84 4115
12 38 4503
18 70 2457
33 57 42
72 98 4841
70 93 4203
26 46 2483
70 97 3198
26 74 1206
20 31 2442
37 47 2649
19 23 2030
77 92 3295
37 63 1753
52 80 3804
41 53 4874
47 78 1640
48 56 3956
16 65 379
61 95 3477
42 75 3507
45 96 206
14 49 4884
65 90 3493
8 13 3620
71 90 1224
57 80 61
57 100 2246
80 87 4214
89 99 4173
1 51 573
30 65 2185
7 85 4596
33 76 4126
77 97 3956
24 83 731
5 19 129
51 100 2375
59 80 455
36 48 4957
70 71 1187
30 83 2617
92 97 4569
63 67 2420
65 71 385
0 96 372
91 98 1596
76 84 1435
39 93 1724
23 92 3662
42 77 2489
27 52 4330
24 82 4416
35 85 400
15 35 1510
5 89 1940
33 82 1536
1 65 4513
24 25 2772
50 100 1532
20 58 651
7 46 223
18 55 1718
55 69 3588
65 66 848
33 45 800
19 37 4071
37 57 2412
32 33 1166
4 78 3141
16 21 1307
72 78 597
79 95 2713
0 88 188
13 65 411
48 96 1030
7 44 2950
12 36 857
43 97 4299
39 75 3835
55 90 811
42 76 964
7 93 3271
55 98 1769
59 82 856
0 54 2802
27 99 1271
61 93 3511
39 98 2827
71 81 805
14 63 2130
16 29 4595
50 68 728
15 81 2922
52 83 1697
7 82 3988
56 62 440
8 97 2720
10 91 1410
86 90 4727
24 65 3158
83 100 2245
35 82 620
9 35 2856
7 22 4896
16 60 2428
52 92 977
32 95 4478
44 88 2788
2 28 2833
7 65 347
64 82 4421
29 76 156
31 55 84
56 66 4940
71 89 1548
13 68 960
42 90 3340
84 92 1667
26 59 3659
33 53 4269
3 61 3859
70 83 1097
22 39 2793
65 91 1981
56 78 3555
1 37 1229
12 18 3563
81 89 4399
3 38 3663
40 80 3081
33 52 4573
9 36 262
29 69 3386
55 87 1432
17 32 179
60 89 697
69 98 256
52 95 3604
3 47 4403
67 85 753
18 28 3337
32 74 4478
22 31 4144
32 87 1230
19 26 1909
60 68 3945
6 17 1226
0 22 4027
2 85 3252
11 95 3878
95 96 3305
85 98 3636
32 70 1615
18 97 186
65 81 4030
37 72 2246
19 79 2047
8 43 2126
25 84 3318
23 47 649
34 36 3672
49 80 4730
80 96 2049
5 44 2364
53 87 915
18 90 3330
33 95 1500
21 82 420
34 87 4229
47 100 1410
41 90 3159
4 80 2443
59 96 2001
11 29 4601
5 84 532
22 29 1783
24 100 2796
12 98 1531
45 55 3535
69 99 3122
42 69 215
29 94 2777
53 80 2367
10 82 2053
24 47 4456
41 99 3702
39 62 1505
30 68 4211
30 35 684
25 70 1612
91 99 716
49 97 2698
75 91 3537
12 35 302
45 88 1446
7 38 785
86 93 4108
9 47 660
27 58 3383
40 99 3071
53 84 4517
2 71 4122
9 67 3759
42 80 4134
6 88 646
41 71 2814
11 79 4287
42 64 3445
12 55 4880
89 96 3429
19 33 750
3 80 4483
62 65 4997
37 58 1647
3 88 2967
84 96 3183
25 75 184
41 48 389
48 51 2705
11 93 3102
2 67 1912
73 80 2881
2 5 317
10 66 1656
31 75 2917
8 96 1988
24 96 3522
19 28 1568
44 49 178
32 61 3283
75 82 1861
33 60 4417
6 91 1696
25 32 2894
57 81 4370
17 45 2424
40 67 756
2 78 3805
10 53 1216
13 79 211
79 99 107
67 96 3711
33 98 1112
50 52 2352
84 90 2532
7 37 2415
11 83 472
79 86 3100
53 63 1065
58 84 923
48 76 4859
10 12 1681
88 90 4384
49 55 4564
24 30 1526
42 91 624
31 40 2157
57 96 2240
59 85 4995
2 9 3285
13 42 1158
53 75 481
9 58 2542
5 57 321
20 66 3367
73 98 1119
68 76 322
5 46 1633
11 14 4416
41 43 1201
32 85 4253
37 83 1234
44 56 4209
12 83 3068
45 62 1852
82 94 1184
55 85 3744
69 76 4763
58 89 4821
35 69 4987
23 88 4691
12 95 4465
24 78 3515
46 89 655
19 77 3312
32 86 2315
11 89 866
2 34 3203
92 95 3035
47 91 2238
79 91 4323
16 55 2535
56 70 1278
79 96 1793
11 55 3971
30 31 4584
37 77 3130
4 94 438
35 51 1078
59 68 3423
20 34 2260
29 31 1783
51 90 3635
5 93 357
14 29 3921
31 84 2298
42 96 3992
51 61 4720
41 79 3329
40 70 4942
35 49 333
14 66 1792
29 96 3811
17 56 854
61 99 2078
87 93 2843
60 67 2458
37 50 655
3 48 3162
20 59 3878
31 94 4863
44 62 2038
10 57 659
44 74 4974
13 26 1125
13 74 3743
47 87 1444
21 67 845
25 91 291
0 16 1993
31 59 800
48 64 915
58 99 1568
27 96 4610
29 100 3148
14 81 3688
36 84 2060
58 90 1941
23 39 4460
25 94 2808
18 89 1053
16 59 1117
29 83 3116
48 58 996
9 89 3116
0 92 4282
24 56 1135
49 83 2584
82 90 2002
4 52 400
8 91 1617
43 54 4709
68 95 3504
52 100 1254
28 92 2397
16 80 2253
3 13 2772
15 46 4718
61 69 980
9 98 136
61 83 2263
45 81 3478
10 96 1915
7 30 558
63 72 4618
8 48 4694
70 78 3598
30 81 3755
2 66 952
2 82 4398
45 48 3171
28 47 3960
7 100 553
57 83 4721
12 89 3094
81 100 3592
67 93 2191
4 45 1355
31 68 3463
36 87 1785
59 92 3912
31 81 187
85 96 1872
6 69 2191
81 84 61
39 47 4461
50 97 4598
56 81 3062
25 63 3905
30 38 3918
6 48 501
26 42 314
12 70 1368
31 90 3035
5 18 4845
70 98 12
36 80 3596
49 79 4123
24 93 4043
2 24 4485
60 75 32
29 70 1925
72 93 1305
57 90 15
76 79 1375
18 75 992
73 75 2887
12 62 569
38 63 3402
8 95 1824
55 60 2677
13 41 1385
25 78 3882
15 25 1705
77 86 2391
15 66 1436
24 79 3917
7 60 4854
51 71 4719
38 77 121
44 94 3113
11 64 1595
28 45 3398
21 23 4572
3 28 3762
13 37 1766
14 15 983
32 91 4671
28 34 2233
41 85 4021
28 59 89
28 50 477
39 69 751
47 73 1149
12 97 3578
21 27 4651
84 93 4423
7 41 359
41 69 1421
9 77 4941
73 100 3825
54 81 608
36 92 114
11 43 3331
1 95 607
9 84 3980
3 86 2476
14 99 642
23 85 3140
34 47 1167
56 75 442
55 77 4469
17 31 3565
67 94 4131
39 46 3185
34 81 2929
1 32 1264
41 47 3512
43 53 934
6 20 4082
77 81 63
77 99 3229
17 84 3871
0 41 2695
39 43 4630
29 90 4451
39 53 166
31 56 1244
25 30 2247
62 96 2595
91 93 3209
35 91 4094
47 86 2236
30 86 4343
5 95 4781
35 48 1908
44 64 2149
11 20 1075
39 71 1325
17 57 2315
15 21 949
33 97 3657
6 93 2363
0 13 337
6 42 3012
46 91 2977
15 73 2457
29 53 1579
4 60 4640
3 39 950
21 87 3814
6 23 410
31 45 3190
32 78 4880
41 98 1999
2 14 4831
35 66 3747
7 84 3582
83 95 4482
76 99 151
81 97 3792
23 67 421
37 71 3489
41 73 623
6 27 4336
13 96 4191
40 71 3951
4 56 1181
21 75 4725
39 48 4515
12 91 1002
36 86 1679
44 77 4726
87 97 2417
5 6 1689
40 68 4092
5 65 4673
17 52 4547
10 47 2820
53 66 845
48 72 2271
87 95 3289
43 66 432
52 68 1040
48 97 610
37 80 1931
37 53 3186
62 80 3951
57 86 22
58 100 4825
39 42 4001
56 58 1501
16 63 2099
13 73 3143
9 83 2681
39 59 4447
7 52 1362
25 55 232
78 88 720
25 27 4642
23 51 961
4 90 737
19 98 4085
14 36 3458
60 87 638
10 31 16
24 89 1186
66 76 2402
29 55 3555
4 69 3526
8 66 2007
69 89 1685
8 41 4130
77 82 4101
61 90 2376
12 50 2778
40 76 2550
34 70 271
10 65 540
50 84 4651
2 58 3908
5 10 3065
0 47 1399
48 68 2315
36 81 2066
41 55 4953
15 39 4895
63 97 1625
40 62 2322
1 58 4956
56 85 1088
4 58 638
18 62 2025
67 88 566
31 76 2842
74 94 653
48 95 2070
5 13 332
45 87 1175
50 94 3239
93 95 3663
65 82 4490
14 21 4822
78 97 934
49 82 2504
41 52 1982
23 100 2170
19 35 1211
64 92 428
65 84 1943
49 75 4000
6 94 3118
57 70 4335
2 23 4465
34 74 3966
50 57 1458
6 45 1399
23 38 651
26 92 1043
8 62 2190
18 71 4582
14 98 2394
60 98 1115
38 76 3783
2 45 2822
29 93 428
19 87 206
1 26 3509
34 53 1763
42 43 1658
4 8 2070
40 74 2388
31 58 2058
4 25 2585
21 78 705
19 49 4561
21 68 519
0 6 4179
20 32 368
67 68 3554
4 17 1027
32 89 486
60 99 3153
14 89 3579
11 50 4037
22 68 3535
13 86 856
1 25 2510
51 66 1339
1 33 3081
26 76 1485
45 68 2057
11 35 4071
23 66 4349
74 98 1380
15 18 3119
65 68 2348
56 72 2518
7 69 750
7 53 3453
35 36 843
53 55 250
26 40 29
50 89 4178
33 68 2106
18 31 1617
1 18 2818
31 61 4960
14 41 4404
49 87 520
14 45 1887
9 93 305
3 66 4469
2 30 4218
66 88 3063
25 59 4069
5 34 2572
8 10 447
31 36 2979
7 42 3955
47 56 490
34 68 1795
24 91 1755
39 79 4283
6 89 4309
36 75 1515
10 74 4145
79 94 208
67 86 502
58 91 3932
24 57 3651
28 42 3153
36 89 146
20 52 2745
29 42 2858
30 46 3919
68 74 3
14 50 2139
8 22 2492
40 83 1800
25 56 4067
39 85 3724
63 84 3743
73 76 3647
12 24 4131
16 76 3758
11 53 3192
20 87 932
10 64 3033
58 93 935
18 27 578
69 83 3533
29 57 3649
30 84 24
28 62 3786
6 66 1992
67 81 4363
23 80 2734
45 51 2580
38 98 2606
78 99 4298
86 94 3963
8 89 469
5 76 3217
22 56 2865
11 68 1072
24 54 4389
53 68 905
22 50 3659
40 53 763
17 41 201
49 98 4490
56 68 1726
4 19 2545
26 83 2573
1 7 1874
2 55 4243
47 75 1073
39 57 934
56 93 4284
19 86 3255
48 66 3905
29 79 2050
38 73 491
13 33 935
17 77 4070
34 67 1476
71 86 3276
43 93 4657
11 21 1675
16 93 4202
25 43 2128
33 100 2590
27 100 205
60 80 2115
46 95 4508
28 79 203
18 85 645
4 30 2161
81 87 2180
46 62 4984
22 83 1660
35 80 1042
45 75 3515
31 73 4789
29 32 2108
10 18 4684
4 36 527
55 64 281
10 29 4000
15 65 4255
1 85 825
30 56 481
37 91 4929
34 92 4914
20 33 4806
1 16 1752
29 99 3063
42 49 4317
38 50 3186
11 42 4882
5 71 4908
10 78 3540
59 89 803
37 95 1087
88 92 914
3 35 896
21 66 1661
29 46 1503
45 80 50
25 38 93
43 46 2279
8 58 830
53 83 301
10 15 2763
9 51 2208
2 39 4957
20 42 3109
18 30 2359
21 63 2599
0 48 4755
15 53 396
24 43 18
1 45 3908
67 98 870
66 97 1881
45 92 399
51 91 292
6 28 2953
75 79 4280
42 46 1162
15 33 2181
14 96 3963
67 71 4337
77 95 4876
24 27 4485
10 30 4583
54 97 1301
19 64 2530
54 56 4822
99 100 3421
16 96 1996
36 49 4451
72 74 3207
36 63 3528
6 43 1064
43 81 1233
51 85 4913
22 28 1275
45 78 1065
30 50 4350
16 89 2363
1 97 1926
85 89 4382
73 86 4025
54 65 4489
48 75 2142
6 49 2939
46 79 1734
25 37 2694
15 36 1378
86 99 3744
70 82 3270
14 42 1605
24 94 4780
45 66 2935
72 84 2943
55 78 1563
28 90 1621
55 71 1635
1 88 1968
42 72 3726
62 82 1852
20 75 883
39 74 339
32 100 3580
2 90 4123
37 90 423
1 89 3917
38 87 3970
25 66 306
83 99 661
58 60 4801
15 93 3127
22 35 1680
34 42 2976
79 98 3734
13 39 240
48 78 986
26 45 4907
50 71 3608
3 82 4173
37 67 1282
14 79 613
36 91 981
60 79 3265
41 49 4254
6 37 4877
49 52 2803
3 23 3760
46 76 1553
9 56 1412
44 93 4700
56 79 561
25 92 1725
46 57 1772
46 73 200
36 67 3776
40 82 3501
33 36 3184
17 71 1633
63 77 3731
0 76 4797
23 72 3748
22 48 4510
29 44 326
19 78 3783
28 86 2752
61 96 2806
30 48 2240
79 83 1873
38 49 2400
42 71 2101
11 69 4627
63 95 3819
64 97 928
36 46 1299
55 99 4737
37 40 3502
47 62 1577
0 77 2918
14 23 2575
37 55 3459
13 54 2575
86 97 3497
15 83 2599
0 68 4320
0 19 3637
12 86 1661
94 100 4330
10 87 3445
43 96 38
24 87 1271
75 100 4147
34 56 4190
32 66 4414
22 59 811
24 33 2734
46 75 371
44 85 2368
40 49 111
2 3 3566
83 90 1364
41 81 4394
27 43 1569
0 65 273
68 92 768
11 77 3733
45 73 631
11 73 327
22 88 2489
23 37 3686
57 62 2006
9 17 1175
52 89 4037
42 94 3332
31 93 1405
34 54 2908
30 34 2519
33 84 984
13 49 351
11 37 3497
85 86 2051
30 74 3218
35 46 2740
39 86 1739
41 68 1413
33 79 4037
29 73 1662
0 74 3581
31 44 4720
22 75 4495
96 100 4673
7 11 3718
29 54 4832
0 61 3550
8 80 8
8 70 4639
48 90 1653
4 47 3060
58 66 434
35 98 2591
0 80 1344
8 42 3064
50 51 1922
0 83 262
77 84 2159
12 41 3307
29 85 3092
56 65 1848
5 67 1150
26 86 449
33 88 721
32 38 2461
59 79 4613
50 65 119
58 61 552
10 77 621
17 83 2542
23 35 341
34 62 1528
66 81 305
71 85 2077
18 45 2396
43 98 3710
7 63 3716
24 75 1888
7 92 3157
21 35 4600
15 84 1795
58 83 2867
74 77 5
53 93 41
59 70 69
12 93 293
65 100 4351
51 93 1139
27 88 4521
77 91 2816
3 44 960
54 90 2660
33 37 1635
11 63 846
25 61 1214
24 61 3228
35 87 1085
46 49 1910
45 94 1556
23 53 3549
41 63 4375
12 85 4422
6 9 3001
27 67 4555
41 77 2601
13 59 1864
48 87 2538
68 70 4486
26 91 2113
52 99 1176
5 78 1221
1 14 1481
10 63 105
20 22 4381
0 38 2552
53 82 199
3 26 4567
12 32 3649
36 55 276
3 5 3866
57 65 3427
1 69 3316
13 35 742
10 33 4253
50 53 3391
2 86 4488
48 61 2611
34 83 821
15 16 3063
16 44 1686
17 40 649
5 35 569
65 77 3851
63 94 467
20 30 1462
44 81 219
13 53 3499
22 73 1483
36 98 3577
36 41 2623
65 69 1615
3 68 757
52 71 3176
7 9 4894
16 85 1370
85 94 1674
10 99 4275
54 88 1675
43 99 3763
86 88 797
16 32 2464
43 67 502
54 55 27
14 69 2108
7 94 670
52 64 1117
85 88 461
49 96 1781
47 50 3024
17 76 4538
28 52 2083
23 82 691
62 63 4196
15 77 4035
32 96 3259
35 38 978
65 80 4358
5 15 3031
14 19 90
24 68 3991
18 47 2982
9 30 4947
28 65 3780
31 71 2149
21 91 3620
45 91 2510
22 60 3926
24 35 1706
45 61 3939
14 57 2214
22 34 4450
51 74 4657
88 91 2341
36 69 1845
38 81 3427
48 100 182
55 74 4613
65 99 4632
22 86 1632
59 73 3981
29 56 442
43 45 3645
25 87 4275
2 72 1811
13 34 1062
58 67 657
18 35 1810
12 56 135
1 12 1729
19 89 2090
32 54 2084
63 81 1383
4 93 3564
11 19 3184
40 90 4996
19 74 4904
52 73 4252
6 46 4123
2 31 2242
24 73 1650
8 11 950
18 78 3942
46 87 2986
5 20 2056
64 70 1244
9 94 35
11 15 2338
22 76 3137
96 98 1207
66 71 3929
26 36 3662
1 21 1889
4 70 2620
26 56 4718
9 73 1176
47 98 1067
59 84 4855
34 98 3424
42 53 2594
37 42 862
9 18 3506
71 78 2634
23 32 13
22 94 596
7 56 1402
30 55 1306
19 43 4813
54 95 2181
3 31 1220
36 96 3842
43 49 2964
66 68 2596
11 13 1146
17 39 2576
70 85 1954
7 83 2870
35 70 3284
16 90 1960
77 80 4740
25 64 4576
36 70 8
67 78 4235
47 85 3190
34 49 3123
35 90 3145
50 55 3852
22 92 1439
59 74 1333
0 26 1549
24 31 3868
41 86 645
20 67 4026
13 40 2602
8 73 4865
20 39 917
55 63 2601
50 77 185
42 88 2191
39 83 4336
43 60 280
1 91 2421
0 5 453
14 22 1082
31 92 1320
35 75 196
13 83 3152
55 93 4673
39 65 582
11 66 4177
32 81 1251
54 79 98
47 59 185
49 67 429
27 37 2754
63 73 4652
1 47 235
83 91 2174
12 73 4542
7 13 2550
21 45 1167
57 82 987
4 86 3607
57 60 3675
0 25 642
25 67 2831
19 61 357
17 27 3874
34 90 4860
28 57 4612
29 78 3474
11 22 4203
62 69 4023
44 98 1385
35 93 257
78 95 3212
47 74 2083
82 88 3480
13 62 4330
8 25 3331
5 14 1985
24 97 4054
60 83 4352
55 94 4702
15 34 259
1 77 3673
8 94 3131
51 52 2396
12 61 4193
20 100 1436
58 79 2596
17 54 3523
6 53 927
42 73 3474
45 64 318
31 82 197
20 96 4454
2 100 2104
5 36 2232
28 98 3271
27 59 1005
17 53 266
53 100 4488
34 52 4103
59 71 3648
32 97 2502
30 45 3841
27 86 4741
10 55 4051
10 100 2163
77 85 2116
69 75 2490
63 75 2740
46 98 2237
5 61 902
36 56 4602
13 52 4564
30 64 1302
57 99 4511
36 43 4024
35 59 71
7 28 3729
15 96 3006
14 91 2665
41 87 71
32 72 862
77 96 312
80 97 3229
57 98 4443
60 85 4110
75 97 4254
21 84 1822
72 94 3209
19 82 1282
25 31 3296
30 53 4894
18 21 716
55 80 235
43 58 1498
57 71 1286
3 49 4894
40 98 790
17 87 3379
77 83 1292
4 43 1486
15 75 3000
50 81 1428
44 86 249
8 64 3214
23 33 3952
29 89 2536
50 54 361
35 94 1974
41 67 4245
73 74 2381
95 98 3394
35 62 827
46 93 2370
17 43 959
29 59 3344
90 94 2351
30 70 316
1 46 317
21 60 1239
2 61 2086
18 99 3635
25 86 3283
16 94 1067
59 87 4195
37 100 1494
23 71 2123
59 65 4200
5 96 4610
22 55 878
13 43 4705
62 95 1544
64 77 1057
43 56 4321
11 59 508
7 45 2257
6 82 2626
28 72 2116
36 78 1677
15 67 184
18 36 1510
4 27 3669
46 54 1924
49 65 4902
8 18 1916
86 95 4590
32 80 2146
18 46 4151
48 77 1696
55 92 75
49 64 2014
4 38 4765
16 37 3987
15 62 912
34 64 3612
41 60 1206
14 39 2260
60 73 2679
33 38 3865
23 81 4968
31 89 3056
21 62 811
50 92 573
59 83 1602
7 75 1447
51 56 4057
86 100 72
52 55 3931
20 86 4391
58 80 958
60 81 91
65 97 2819
49 50 2717
6 34 4995
31 79 3915
26 29 739
82 84 722
55 57 514
83 94 4992
25 58 2888
43 86 3986
6 95 4380
79 81 2624
24 69 1161
74 75 4009
37 38 1878
28 33 4362
8 75 1943
81 88 582
57 67 962
65 95 4025
45 72 323
66 77 1335
59 72 2101
3 65 3095
25 77 2280
26 51 2053
1 64 2241
24 64 2037
9 72 813
45 77 1781
18 95 2828
2 95 1558
8 52 2064
40 79 2745
4 50 4830
80 93 2565
71 83 298
42 52 511
1 59 929
33 94 4169
24 48 2170
0 9 4628
73 94 4721
37 65 4037
1 54 4227
29 48 3571
70 89 868
1 99 3265
9 55 4979
40 47 3444
43 78 1276
69 71 1920
43 73 3234
2 79 3442
32 84 2317
51 72 2779
15 20 2094
16 52 4387
30 96 4976
4 44 1916
13 64 3979
67 77 295
21 96 4220
21 97 1170
65 70 1704
26 81 1100
2 53 1952
15 95 4657
27 87 2347
15 71 3511
32 99 1515
29 82 692
31 100 697
14 43 4728
8 38 4536
21 81 2666
1 60 3897
8 40 1075
30 40 15
51 58 2664
35 72 4627
76 89 2279
45 46 1024
11 67 1755
66 75 1762
58 94 1527
24 44 2293
12 54 2083
51 83 129
1 22 2507
12 68 542
27 39 3826
7 77 4415
87 94 3858
18 76 2556
33 91 1427
56 82 3281
74 90 201
13 17 2083
38 61 3647
53 71 1079
88 96 2687
9 54 128
28 87 2779
16 83 7
37 39 3591
28 82 4121
50 95 409
29 65 4797
64 86 1583
2 59 2113
50 62 4579
50 66 921
15 37 4534
70 91 4700
55 56 3087
32 56 3094
31 80 4907
22 62 2622
33 67 4588
16 17 4987
0 27 158
29 80 4773
7 10 4811
52 98 4960
38 72 3262
60 70 573
59 90 2495
9 21 2164
4 64 556
35 79 4358
15 55 781
42 89 870
67 84 1802
26 48 3186
57 64 424
8 71 4715
52 81 1
68 99 2511
28 49 1519
10 38 1281
10 28 3089
40 78 3470
8 53 3237
4 76 4826
33 74 2992
63 66 3603
2 97 4354
37 98 4748
14 34 1686
12 17 3331
4 95 2734
30 36 4231
18 50 2376
63 80 4643
46 67 800
32 71 188
61 77 2374
5 72 2759
33 89 3592
22 33 2019
23 27 1792
3 33 2958
2 88 3391
32 62 4620
9 66 1546
10 40 1915
54 99 3076
8 16 3332
7 17 1856
14 28 1883
16 81 3515
22 71 4848
3 41 4176
18 24 4019
20 29 2735
25 85 1331
20 97 3783
6 59 4287
71 80 673
19 30 3837
0 21 44
0 24 3404
31 53 3417
30 87 1345
8 50 410
53 91 1310
47 70 4841
14 82 1058
21 32 2044
6 40 574
53 69 2388
17 89 256
6 83 1627
43 74 2149
43 44 1326
98 100 3669
12 22 4665
21 74 1315
70 76 2909
74 92 2840
52 76 2490
20 93 3310
16 95 2902
61 72 4821
8 54 1316
5 38 2874
83 92 1970
6 87 856
21 98 4593
20 25 1597
2 16 4336
16 78 598
38 47 3698
53 99 4162
17 60 4951
14 64 2799
53 89 4778
12 45 953
19 56 1076
18 53 2601
5 60 2867
57 76 4455
6 31 3497
8 33 1508
12 25 130
58 59 1723
15 50 2679
53 79 1889
18 49 4535
61 68 888
3 29 244
14 68 2136
48 79 1759
13 60 3943
28 53 870
43 95 3499
41 88 4608
22 44 253
16 50 2253
6 44 2283
30 41 1731
27 85 4734
9 37 2945
20 28 4673
78 91 4501
16 68 1522
14 84 4118
7 68 3904
95 100 1382
6 100 3284
32 63 4615
24 72 2617
2 21 2954
62 68 2091
33 80 3012
86 98 4638
76 98 4793
36 57 1067
8 60 1440
23 28 1965
22 63 3066
82 92 415
26 64 886
38 95 4189
87 88 1284
49 95 1832
5 54 1202
20 98 4600
10 45 2001
19 53 1616
51 59 1885
16 40 4506
47 94 1047
1 71 2610
15 29 2277
27 89 4734
1 81 4710
51 77 4828
70 77 4255
6 25 4759
33 81 4658
8 69 4385
15 22 180
47 80 1924
23 43 2154
39 89 176
49 68 2749
23 74 2109
67 89 4199
8 21 50
44 76 3784
6 72 2690
15 31 1488
77 94 181
80 85 3550
57 66 1955
15 100 1061
35 74 1037
12 78 3718
44 55 2061
14 83 1841
14 76 259
0 93 1193
30 49 3116
28 73 1165
19 31 2513
10 59 1064
8 45 4160
64 93 127
48 74 3635
33 40 4987
8 51 2489
26 70 695
11 31 409
10 17 2664
55 79 3206
35 39 569
2 56 3740
69 72 312
2 51 2634
48 85 3870
44 80 4737
52 57 4107
34 60 1277
86 87 2725
4 46 4106
31 63 3744
59 86 4477
25 46 624
94 98 712
17 36 1417
10 48 58
13 61 829
90 100 3451
27 90 342
41 84 4463
9 49 2169
42 57 1037
29 45 2669
61 79 2239
32 79 3405
27 54 4379
47 53 4795
44 59 1263
22 42 2678
22 89 3526
11 46 922
37 66 1140
19 57 36
8 44 2633
93 97 4853
8 76 4167
34 39 4723
1 17 2899
68 88 2463
38 93 4079
71 88 516
16 70 682
4 53 4828
12 49 3088
64 99 261
0 86 2273
11 85 4972
42 93 354
9 46 3061
35 86 1801
8 9 1181
15 56 659
23 46 795
65 87 1754
67 100 274
78 100 3780
70 80 1917
11 80 402
6 24 4729
20 89 3560
7 12 3747
51 89 1517
66 67 1387
34 95 2126
75 86 2266
44 58 1311
38 45 4336
30 100 1837
4 98 1841
90 91 4830
36 77 801
60 95 4007
38 55 3438
31 35 2745
4 22 2411
28 60 3347
5 17 3576
53 62 4359
2 10 4533
8 56 2316
33 35 2444
59 97 3807
34 55 2546
0 36 2768
88 93 1763
63 68 13
77 88 2826
9 20 1756
14 20 2276
31 46 3565
23 36 2161
49 88 4735
6 86 1695
28 93 1262
8 77 4670
46 63 4610
36 44 3855
4 35 1344
2 33 3141
69 94 3169
57 78 1195
59 66 2558
3 12 285
4 32 1570
42 83 1913
3 30 3737
58 87 2051
57 77 192
43 75 3994
36 83 2037
18 84 1432
4 24 219
55 82 300
27 75 1819
27 57 4614
19 63 2280
38 96 1753
11 60 2433
18 72 4564
55 70 3302
40 95 2495
5 52 2511
18 83 373
27 92 1077
6 52 2045
11 72 3104
61 91 4663
39 87 3772
56 76 1440
39 78 182
60 96 4289
10 76 293
20 27 4503
25 34 754
30 94 2744
25 74 4643
29 71 378
28 94 1129
24 76 4018
29 97 4520
76 83 2785
42 60 4759
7 95 1447
26 89 1880
11 30 1928
23 64 1049
81 99 493
24 80 845
82 100 544
45 100 48
37 70 2506
90 99 4381
31 72 1392
63 78 1311
17 58 1872
18 81 1855
31 88 2519
10 56 2489
49 60 1094
12 16 2791
17 73 203
28 67 2005
7 21 2390
6 32 213
22 99 4191
10 37 3760
64 81 2470
18 63 4299
11 97 486
37 97 115
89 90 2350
58 73 2113
6 16 3069
55 68 3657
11 18 2295
0 98 3467
59 69 3927
44 47 2898
10 43 3411
73 84 1140
39 44 4075
15 64 1620
5 42 2216
17 85 4048
57 88 172
31 37 2846
28 95 1409
83 93 2717
26 31 444
8 37 3859
31 65 4264
52 93 2929
37 87 2222
66 94 4346
47 61 3889
57 91 1224
10 39 2061
19 59 1565
41 42 4784
29 95 1329
49 70 1864
3 36 987
54 64 1520
55 67 4736
75 92 1520
11 25 19
31 77 2553
21 59 2559
40 73 4297
16 48 3090
14 44 2832
40 52 3008
8 65 2785
2 41 1051
2 52 3374
46 66 4049
15 78 471
44 89 4245
14 65 4746
29 88 2257
43 91 2553
0 55 3392
27 53 2650
58 85 627
52 84 154
27 41 37
89 94 1164
81 83 1490
17 25 3272
2 37 4205
37 73 1295
1 62 4596
13 71 2218
6 7 3859
6 96 4004
29 74 175
8 57 4236
1 84 4908
27 94 4722
3 93 4303
92 94 3042
33 43 2043
73 85 4213
31 52 2159
10 50 1877
81 91 1922
6 65 3449
89 92 3856
45 57 2984
30 58 2282
4 7 2144
73 77 2325
47 82 4184
17 70 4764
28 30 4210
81 93 3729
64 88 3347
37 49 228
27 97 4111
49 66 1393
16 82 3907
9 60 1167
76 77 3830
16 88 1520
32 44 3007
63 96 4717
42 78 185
19 41 3342
33 72 697
40 72 1552
12 77 3953
9 44 164
10 95 4372
27 49 4062
30 60 2609
6 98 4442
45 67 3504
2 11 2602
69 91 2474
5 40 247
35 42 4044
20 61 114
24 63 4013
23 83 1317
3 94 120
4 82 2544
34 61 1413
25 83 3029
68 80 3344
60 78 47
60 69 1760
28 63 2605
57 89 423
15 85 1379
13 32 4317
68 81 2252
0 11 464
32 55 3901
23 76 4812
4 33 4344
72 87 4559
60 92 2348
3 100 1192
22 87 4782
25 48 424
53 77 1056
34 45 2032
94 95 1224
8 20 3275
2 25 2554
40 56 4993
61 70 280
43 90 2833
64 84 162
7 78 3777
0 15 3526
7 90 3857
22 24 1047
46 70 3961
47 49 720
32 40 3502
28 89 4619
2 76 911
34 76 2494
40 42 3663
