1 99 4950
0 78 3489
2 1 2832
3 2 2622
4 2 4411
5 1 4277
6 3 3733
7 2 66
8 7 1899
9 4 4172
10 1 1196
11 3 2611
12 4 3169
13 5 3289
14 10 200
15 9 2375
16 0 3734
17 9 355
18 17 887
19 2 1089
20 4 70
21 17 2519
22 11 4917
23 2 4342
24 23 825
25 4 2206
26 1 1883
27 11 37
28 9 4511
29 28 1513
30 19 4234
31 27 2857
32 3 1291
33 9 2074
34 7 4638
35 30 300
36 8 556
37 8 564
38 16 32
39 24 3855
40 3 3523
41 24 463
42 19 2179
43 34 2202
44 27 282
45 44 3034
46 1 4978
47 41 2894
48 47 4865
49 46 2447
50 34 4036
51 15 2454
52 21 2061
53 9 2237
54 22 4787
55 41 1123
56 0 3986
57 4 3121
58 28 3073
59 48 4738
60 39 516
61 35 2123
62 50 2899
63 6 2308
64 54 4101
65 2 2856
66 36 607
67 5 4038
68 7 2803
69 11 3728
70 19 3708
71 6 1326
72 23 4807
73 50 466
74 65 1179
75 21 291
76 22 3274
77 69 2879
78 29 2256
79 64 1762
80 32 1099
81 4 3793
82 3 537
83 59 3851
84 74 4716
85 73 126
86 27 4270
87 16 1270
88 60 4812
89 31 1289
90 63 1983
91 43 4218
92 91 4628
93 7 1389
94 68 2120
95 11 3281
96 15 4028
97 66 2364
98 23 3648
99 27 3427
100 32 3480
13 93 66
15 58 3352
68 82 814
68 86 4275
12 77 2902
45 78 159
52 58 1489
4 95 2313
13 84 392
5 16 1569
20 96 1355
8 38 445
29 93 2629
29 64 1492
37 46 1819
47 65 1857
52 100 2420
69 84 4859
42 97 855
8 97 1332
33 86 3494
6 49 319
31 98 3807
58 69 1037
71 75 4775
34 70 3794
15 97 2120
14 86 416
12 91 4390
0 7 3513
11 84 3892
12 35 1170
38 94 915
46 77 2349
8 54 4793
30 69 1893
80 89 4892
35 89 3974
18 75 3343
9 69 4127
11 42 4210
39 55 493
16 88 805
3 14 234
30 41 3732
51 73 2894
19 76 516
14 37 248
26 74 1963
11 76 1053
15 20 4610
13 26 899
27 43 3368
34 61 3421
24 42 511
6 22 2888
71 97 4333
48 88 2885
79 94 3644
3 30 3610
1 81 1109
58 97 1880
5 57 184
79 92 2687
20 43 4070
33 72 779
29 30 4521
49 58 1202
3 9 225
29 53 3780
53 71 4903
74 98 713
3 25 1920
57 94 1915
42 51 3624
15 84 4188
69 87 2330
31 65 1627
74 77 4156
11 58 3737
62 68 42
39 61 1924
69 82 1729
49 73 1455
21 44 4411
2 76 1381
41 50 3676
40 64 3019
39 69 4781
20 79 1065
9 82 2008
49 98 4157
12 89 1269
63 81 495
46 61 2515
0 77 4505
4 7 2220
45 96 2937
1 32 2686
54 99 3941
5 81 602
10 16 1316
0 54 917
17 82 2617
23 99 3345
3 98 4557
3 91 2492
43 59 3048
2 52 2009
60 97 193
7 19 3586
49 66 1607
40 55 3886
62 87 2200
33 73 622
12 17 3305
52 98 161
31 79 4584
33 38 3293
77 83 1615
56 67 1555
0 57 4527
10 23 3268
48 65 905
20 97 204
65 100 2411
28 36 3255
10 71 1228
5 32 4556
83 95 1436
1 83 795
26 40 3112
31 54 3010
52 70 4961
26 31 3357
45 48 4275
14 70 2936
1 34 1370
62 92 409
90 92 1842
80 87 3959
9 47 4558
52 71 121
16 70 3661
29 67 1844
30 46 665
24 53 149
14 20 2291
37 57 4359
23 93 4897
22 91 3835
37 62 1763
21 86 1459
16 100 4933
2 62 2217
86 87 1607
49 88 3739
20 34 4947
12 19 1715
10 51 587
35 67 4068
64 94 3367
18 90 4404
15 87 4317
57 58 4025
56 98 4200
14 91 3354
4 85 140
12 80 4662
4 91 954
22 63 880
71 96 4382
49 70 3368
28 42 908
2 56 894
48 91 1695
69 74 4183
72 89 4865
26 59 3872
66 79 975
24 99 3438
26 98 3424
43 84 2419
34 47 464
14 80 3357
47 66 2953
36 81 4098
42 55 365
4 90 3615
56 62 473
71 81 3457
19 98 1416
76 84 4527
3 22 2321
66 76 3100
7 91 3623
42 63 3398
26 85 1049
32 42 4650
2 95 219
5 99 965
56 82 2913
7 59 865
43 54 3085
18 93 2761
53 81 166
1 86 3372
31 36 1496
76 89 4406
26 83 1364
61 81 2727
32 48 4733
41 83 4785
58 68 1961
81 85 1130
78 84 1954
16 45 4371
59 88 2875
63 65 2602
11 92 4020
3 95 2451
55 71 414
73 79 4922
8 45 4110
4 72 655
4 67 3221
0 53 1701
78 98 4251
60 82 3014
10 86 3140
51 84 3899
24 70 3098
96 100 4667
62 63 2074
60 77 4757
20 48 2950
3 28 2490
7 80 4886
62 85 934
25 61 604
1 77 141
24 38 1393
70 90 1040
27 74 45
87 88 3730
22 83 2186
65 77 941
39 52 1076
57 68 379
33 95 4226
27 39 1370
26 91 989
47 53 4687
12 32 554
3 89 2270
4 78 3392
79 89 1052
60 69 965
42 83 1003
22 35 3756
6 87 3135
14 57 4274
89 92 283
12 62 1699
66 98 2161
49 92 3859
0 22 4103
55 66 1412
17 88 992
60 100 4452
33 89 4805
52 81 826
48 94 2572
6 75 283
47 51 4181
74 87 2571
85 92 4551
68 74 2710
50 59 1059
4 46 3571
0 6 1375
43 68 3976
0 47 1614
18 68 3405
14 23 332
28 86 2502
62 77 312
82 89 3435
3 13 4165
49 86 1712
47 63 2620
28 59 1148
6 85 4373
37 54 428
50 86 4866
62 70 588
46 90 4584
29 75 3265
40 47 103
19 20 1538
30 100 3199
14 36 1385
11 90 3146
19 25 1795
35 62 2782
39 72 3763
2 35 1308
14 56 1620
25 89 2971
19 93 2008
24 57 4380
83 84 3069
3 19 190
6 32 2829
0 10 2851
39 47 3462
27 80 1143
7 85 3558
24 60 4408
12 24 3108
11 79 1488
56 69 3485
44 46 2973
76 90 601
62 81 2548
4 37 2227
34 99 3179
59 90 882
37 87 2044
16 92 17
2 70 4502
52 87 960
43 83 4004
1 38 2746
5 11 4556
49 93 3225
39 88 1383
90 100 3800
28 89 3888
47 96 2274
10 15 2284
50 53 3773
6 100 3837
3 4 3234
7 65 1631
27 98 3471
20 59 393
73 90 3555
6 20 2876
17 68 2113
5 36 1700
0 79 4577
25 52 2544
31 63 9
10 12 357
28 41 333
1 45 4461
83 94 1670
3 65 2580
7 53 4469
50 72 1364
83 86 3089
17 84 707
75 81 2929
18 36 2710
29 81 4787
7 9 2280
33 52 333
56 81 4414
33 45 3528
65 66 2230
14 85 399
33 56 2132
64 66 757
29 32 1690
26 77 1872
54 78 4974
33 41 560
7 44 3511
2 74 1042
37 79 4311
12 70 3228
33 40 284
22 80 3062
21 61 2479
91 97 2332
17 64 2413
35 82 3529
25 43 3539
26 27 4654
12 85 98
23 57 2712
65 88 2927
77 94 145
22 32 3481
8 17 4991
1 79 3586
61 85 2998
22 79 3255
26 29 4294
16 93 984
38 45 2814
77 91 2659
69 81 1888
49 65 1197
31 33 3190
36 90 4172
15 19 918
28 48 3473
41 84 1857
15 30 4488
44 73 2963
40 60 3315
44 53 2287
64 72 3115
42 91 1135
72 86 4617
49 68 1487
81 90 3159
11 32 2610
16 89 4622
1 100 81
49 84 4108
47 99 2916
39 81 254
9 88 3488
3 38 3296
28 90 2480
12 21 2215
53 92 426
58 79 2922
0 66 2598
30 84 2252
72 95 3358
86 91 2354
2 59 623
6 28 2963
16 57 3113
84 86 4966
1 66 4529
4 18 4589
2 100 100
22 37 4124
4 33 3679
7 17 2062
55 91 4418
30 94 3427
15 27 1733
6 60 3917
2 38 2325
54 91 328
74 78 3031
30 59 4094
3 50 4711
46 73 4136
77 93 3212
33 42 2715
41 87 4498
35 78 4187
59 73 4091
0 40 1461
13 86 1793
38 48 571
17 47 2293
1 16 809
4 51 4743
24 85 4699
18 73 956
15 92 1423
14 17 3425
10 65 4812
14 55 1092
55 65 2813
12 58 976
32 65 3919
22 58 1690
17 95 2001
71 82 908
38 56 1908
45 47 486
23 94 1258
39 42 1089
38 96 2059
23 82 518
29 55 746
19 66 1263
62 98 1231
58 87 1216
32 76 652
24 37 541
37 39 1662
35 86 4933
17 56 770
7 42 2910
1 97 1694
74 83 1889
0 42 2647
15 94 1504
3 53 3655
31 40 506
44 62 1216
18 92 1640
4 39 2430
13 32 353
38 91 908
31 67 4466
22 57 3787
38 95 4722
25 50 4061
20 26 671
24 75 4055
25 55 4077
45 80 915
10 85 2075
36 50 962
33 36 3773
13 38 3568
25 72 4359
24 26 3132
36 47 3301
5 43 1339
3 12 4020
45 85 3147
10 76 2855
2 31 2900
63 75 2630
32 45 758
49 96 4214
21 76 401
26 64 821
26 87 3037
63 80 1861
45 56 432
25 65 3297
58 99 1018
60 64 826
13 97 2693
51 66 2527
18 82 754
6 48 1355
7 97 1158
25 80 3211
40 70 4980
42 85 3863
49 69 639
20 64 3599
52 88 911
45 92 3592
70 82 4820
4 34 2168
5 25 1985
62 78 3738
13 50 4399
10 93 1463
64 71 219
10 100 1818
57 90 3357
18 61 3483
66 82 4070
5 7 3053
72 100 2035
9 68 1431
28 39 3307
48 52 2417
44 88 3563
8 52 3762
40 77 2797
31 50 2328
74 86 974
32 70 3806
15 73 3163
43 97 4460
17 70 2157
2 47 2861
3 49 1555
51 58 4694
0 89 4773
81 91 1284
13 82 2412
24 33 2494
63 83 4069
79 99 3845
62 64 4763
15 53 982
67 89 1516
9 87 245
10 44 1791
56 87 3954
74 94 3914
9 83 3971
64 87 3700
10 61 1792
14 45 1725
7 74 65
31 56 1330
31 94 757
15 41 3151
21 56 1966
98 100 1620
85 90 3326
47 58 3086
8 70 4705
11 39 87
17 38 75
3 47 4212
86 93 4363
14 35 4296
30 49 2236
64 78 4933
36 62 2112
3 81 1982
69 94 1981
7 86 1372
66 89 1021
6 42 1514
91 99 4980
1 75 1976
9 93 4199
46 55 4988
24 50 2114
8 98 789
1 56 1169
22 44 1627
48 67 1011
53 82 897
20 56 1435
16 97 2839
68 89 3488
69 92 2371
13 89 3925
12 36 4737
84 88 108
52 59 3032
39 62 3798
6 67 805
53 55 474
50 51 1163
51 93 45
61 69 319
46 92 869
14 24 4209
8 33 2865
60 74 2953
46 81 3161
25 91 3028
67 78 2552
20 49 4000
34 89 4308
30 65 3712
34 79 4363
1 11 1067
33 49 1691
15 37 1112
4 23 3069
35 91 4263
44 49 1645
1 58 583
32 44 246
1 78 1945
42 70 1463
13 22 2554
15 72 936
9 37 256
5 27 1982
79 84 4601
18 32 3793
29 100 1846
54 72 3687
13 28 2453
7 18 4281
18 41 3848
77 95 4506
12 93 923
21 37 300
0 97 4701
15 42 2370
67 74 4653
19 82 2243
64 92 4179
92 94 1205
33 48 2790
55 78 3268
10 60 4573
11 33 2781
39 97 1257
15 66 4584
22 77 2888
45 99 2135
30 50 3099
87 92 4506
28 98 3559
64 95 4248
75 90 1896
9 49 1012
16 31 4372
38 79 2492
32 59 3727
62 96 4228
59 80 1955
8 83 3935
13 91 2467
51 96 4841
53 69 2368
32 69 1392
34 64 3852
92 99 1181
61 96 3304
3 44 3021
26 78 2997
78 82 4550
35 72 1950
2 69 945
7 31 2076
22 60 4870
1 25 1934
78 90 2994
72 82 1183
5 72 623
54 70 437
38 99 1549
86 95 3520
44 91 4530
34 69 2640
4 66 1867
44 75 3048
76 83 1171
15 91 1131
56 68 2143
43 52 1133
8 94 3087
39 63 4020
0 58 2520
32 87 2447
85 94 2462
58 90 2149
14 71 520
37 63 3338
7 56 696
0 96 1248
8 93 3336
13 98 4684
23 70 2837
4 38 2384
34 48 2101
0 65 746
3 54 2338
27 72 377
36 65 4151
35 97 2391
3 8 1153
42 52 3003
93 95 3414
22 71 615
4 19 2243
52 65 4861
59 94 4912
55 60 3368
80 99 4439
5 61 2635
36 53 1632
5 92 4996
55 70 1062
23 85 4412
70 93 1726
15 16 873
33 77 4585
2 22 3940
53 80 1417
11 16 921
7 78 949
59 75 427
67 77 4759
18 77 2801
45 71 3559
44 67 1152
52 61 4656
93 94 468
35 88 4554
46 60 1032
33 64 3425
10 49 2854
64 88 3393
1 62 2373
58 62 2879
5 52 905
4 92 2167
12 40 331
33 35 4506
13 80 1733
6 96 2025
61 76 4941
11 38 1513
78 81 794
42 49 82
20 39 3555
3 52 4030
31 97 1754
10 72 3140
57 76 932
49 95 3228
24 90 2061
23 95 4580
50 96 355
52 63 4934
9 55 1183
8 72 3653
6 95 1715
34 91 964
32 99 1227
1 44 3708
51 98 4461
64 77 1121
38 41 1397
87 94 4447
19 95 4470
10 47 1812
22 29 321
37 42 525
55 89 2521
9 92 1952
25 33 2490
34 65 1853
30 77 1591
19 21 3258
3 83 2604
1 43 250
59 86 4236
75 93 148
41 93 4723
65 83 2
10 30 2479
31 53 4225
57 69 2568
46 68 1183
47 60 3610
79 100 4796
10 69 2522
75 88 3019
61 95 3980
46 70 2555
64 83 4455
32 52 1489
26 81 3620
46 88 4111
45 89 4188
53 72 1694
33 94 177
57 64 4218
9 84 2401
14 75 2465
19 74 2058
11 72 923
0 15 1274
22 55 3783
33 46 1307
1 72 1470
18 65 4486
28 94 3372
54 67 599
57 98 3253
14 81 4329
40 58 4989
27 90 530
41 49 466
23 92 3567
76 98 2529
5 70 3937
50 88 1035
9 61 2631
43 75 2793
5 71 3390
31 68 1285
34 97 3319
3 79 2035
4 6 20
24 98 672
2 66 1009
42 59 4819
1 96 1026
19 79 1881
4 35 1170
37 83 1243
20 92 1301
18 56 3052
10 32 3511
93 96 2698
49 61 1955
54 76 2620
21 80 4837
73 94 3609
40 75 1932
45 100 2825
64 80 1343
7 70 2026
12 38 2168
11 70 1865
61 82 3112
46 71 784
43 90 4897
17 23 464
11 50 4748
3 57 3853
29 73 399
54 66 4506
35 41 1114
41 43 4734
16 79 3633
40 43 158
53 97 2914
63 98 2124
18 97 951
0 46 1630
75 97 4259
9 58 4126
78 93 489
27 28 4429
6 11 1458
59 99 1835
27 96 4114
35 98 2922
18 58 3075
83 99 1887
61 70 4554
14 93 1812
0 60 4220
39 51 1379
32 53 2647
3 34 512
26 96 2185
45 94 2239
18 35 4543
65 76 464
69 96 4542
92 97 751
16 58 2720
11 64 1399
28 57 3318
69 83 4766
24 64 1158
3 78 419
17 42 316
14 84 4645
13 52 250
56 65 1677
5 23 2272
50 80 4888
27 37 3483
53 95 392
34 60 4955
68 78 4408
51 91 210
62 73 4707
4 50 24
82 91 3519
9 76 1319
37 67 2429
32 38 65
49 56 2970
48 66 4914
22 86 4256
23 77 1205
4 54 3198
67 79 576
18 70 3642
16 25 1062
63 72 1985
57 89 3319
2 72 1486
40 91 4817
46 97 3469
33 65 4045
43 99 3821
23 74 4577
57 97 2266
35 63 1632
27 41 1522
61 62 3452
53 85 1762
3 37 799
37 82 3597
21 31 2639
28 53 3017
41 54 1227
79 96 669
37 60 2257
2 98 2455
51 61 862
13 76 3537
26 67 2962
25 77 4924
36 71 3061
51 69 1148
43 46 385
55 63 1733
45 95 4367
22 96 4374
17 50 3428
3 86 1481
59 98 3334
12 56 1092
82 87 2998
36 52 3024
6 61 2753
8 74 2228
15 55 1358
19 61 1307
43 86 3395
35 47 626
21 62 562
4 21 848
47 88 2088
77 80 1240
30 99 3393
64 84 2509
29 60 2143
10 43 2473
79 85 1403
39 50 2821
23 42 4735
50 74 4283
6 80 4111
39 82 3974
38 92 3033
26 44 1894
28 38 2630
46 78 2361
10 84 2198
44 79 366
0 18 1453
45 63 1246
3 21 4090
31 76 3177
2 10 3367
48 56 1479
15 71 3439
31 62 1351
77 87 4445
27 46 3504
1 22 2823
59 70 4653
1 67 237
13 100 4132
18 62 3672
61 90 1670
39 41 2357
13 45 2427
10 83 3910
14 21 122
54 75 4174
22 50 471
4 24 652
12 47 299
65 81 2681
51 88 2212
33 61 3225
38 42 3344
19 59 4878
21 79 3260
10 77 1022
61 83 1815
61 84 2482
26 45 589
81 95 4693
62 75 591
43 47 3479
41 65 1820
3 24 323
25 76 4926
11 13 956
31 91 231
22 38 587
65 97 3904
37 95 2220
33 37 1937
26 53 1
7 47 3674
43 89 2484
70 78 4964
53 65 3977
46 47 4748
36 94 1308
71 80 4629
24 65 1602
15 75 1035
40 62 1065
8 26 4363
59 62 3799
19 100 2932
54 80 3842
26 100 2272
54 86 1967
54 95 268
12 46 2079
9 65 5
71 90 941
18 45 390
50 84 1238
16 41 91
64 81 4368
39 49 4692
19 54 2419
47 76 4882
13 53 1496
19 40 3228
23 97 81
71 76 1787
79 80 4525
98 99 1976
23 46 379
3 45 818
15 54 1895
3 39 2943
42 53 4088
34 80 3555
5 10 807
19 77 4832
7 83 4178
21 85 4313
80 98 1497
10 29 1229
28 61 2936
77 84 1020
21 81 1151
35 37 696
32 68 2033
65 72 4504
7 20 296
35 49 853
6 66 80
52 93 1808
70 98 851
56 58 2748
7 26 8
66 85 2692
29 31 2282
34 93 3786
54 97 149
13 29 607
45 98 944
31 88 2528
4 17 298
4 41 174
33 58 1512
20 93 3759
67 99 4245
10 39 4303
3 27 482
54 59 614
35 50 311
13 42 4277
29 84 4841
72 77 3790
30 57 4822
86 88 1126
81 100 2107
80 85 1910
21 33 1730
53 98 4556
19 84 3369
44 99 2713
53 73 3686
15 85 4730
68 69 2403
7 77 2790
6 62 4429
0 32 3226
31 46 3971
55 69 2137
57 62 861
41 71 3261
18 21 765
74 91 567
39 67 4865
47 72 1256
38 64 1417
25 95 4159
24 66 2927
80 90 2107
2 53 3147
67 72 4768
4 88 3643
60 83 1500
71 83 3241
51 65 3669
11 96 2708
37 47 3800
26 57 1161
32 91 4073
5 31 3663
7 64 2151
18 81 222
19 22 2795
23 71 1450
85 89 953
64 67 1303
27 73 2385
28 80 1468
39 64 2301
42 94 32
21 100 525
58 73 4698
71 78 1936
66 99 4452
11 37 2668
23 25 3356
76 81 4911
40 81 308
39 70 4315
19 41 2223
29 35 4207
15 80 2174
73 97 3587
32 63 2496
84 98 4678
10 98 1473
20 33 3916
47 61 1480
22 66 890
21 66 713
11 73 4793
11 80 3239
42 92 3876
7 84 2744
36 96 1953
2 82 3380
52 66 354
6 29 4390
2 77 3248
39 56 2961
30 61 444
20 94 3032
9 52 4483
49 97 3741
21 74 80
50 69 4198
68 84 2332
36 73 3870
0 94 2198
16 39 1665
65 99 2336
16 24 286
79 91 235
12 100 1198
32 88 3891
35 74 359
37 72 531
44 70 423
5 62 3134
10 80 4706
96 99 997
16 26 3503
90 99 3147
26 56 117
22 61 3655
23 96 4427
14 53 1871
26 61 1479
20 74 4447
6 21 1469
2 81 64
20 35 3792
63 100 2959
13 54 216
0 17 1987
28 97 585
28 52 3098
14 22 992
13 41 765
24 81 2404
1 71 4785
20 66 1434
89 93 2714
68 87 1825
78 83 383
3 88 4168
31 96 371
62 83 1045
13 63 427
65 79 1636
12 67 2264
68 75 3707
9 91 3181
26 38 4015
13 71 91
31 85 684
28 83 4696
26 84 2617
31 83 155
1 48 2946
15 48 2676
15 25 2358
14 34 2844
72 92 3426
9 24 712
27 30 3758
32 47 1597
63 87 1494
15 34 1220
31 86 1162
32 62 4106
30 43 2263
25 30 3694
72 76 879
27 36 836
38 50 2033
9 44 3238
7 57 4332
0 55 2785
73 98 915
79 88 842
51 52 2996
28 60 3634
27 92 4686
3 63 3262
55 99 2065
44 97 587
36 92 2039
26 99 3176
69 98 2911
19 83 3680
15 24 4147
21 72 4152
81 83 4186
30 76 1202
15 81 3670
12 54 3589
20 51 4935
4 45 2575
22 85 3896
2 30 4707
5 50 588
27 45 3960
9 90 2333
14 95 981
56 64 4235
36 60 4846
42 82 3846
37 44 4213
23 81 1172
71 93 3982
19 28 1510
41 89 937
25 85 387
32 46 1204
2 39 3519
9 62 2720
45 60 278
5 48 2017
29 41 4141
1 18 4869
2 64 689
25 29 3875
2 71 1715
38 70 1038
8 41 956
11 67 1173
88 93 2010
44 98 4291
65 78 3608
36 100 2757
65 85 4705
16 68 2075
43 56 3754
8 61 4528
34 40 1512
16 66 199
59 97 567
21 97 1193
22 84 1079
4 44 537
32 34 4509
25 58 2420
37 78 2258
47 89 818
9 71 1948
46 94 644
26 80 4661
18 26 2622
90 91 2903
0 38 401
13 35 535
53 66 1702
21 59 2608
31 66 3201
37 97 3833
61 78 3352
9 12 2610
18 49 3969
94 99 3039
5 84 3343
16 33 572
83 89 4245
82 97 1062
62 82 4814
6 55 4221
17 30 3008
91 93 4768
18 55 2703
65 68 4322
3 15 1071
14 87 104
78 96 1909
54 88 227
63 89 174
18 31 4512
43 49 754
30 45 1100
75 92 636
55 82 2711
31 43 2123
55 57 1064
2 37 4294
22 94 2930
56 78 2984
64 100 2870
12 74 1077
17 77 4109
23 61 767
14 69 1814
14 26 3463
10 58 1912
96 97 4021
56 90 1778
33 54 2837
90 97 2839
46 51 4214
20 53 4245
8 89 1689
34 41 1367
58 94 3630
48 80 402
24 92 3912
40 44 4853
41 86 1256
45 64 892
16 44 3934
13 77 3810
74 75 3677
66 93 1899
43 85 3766
13 43 1653
49 72 1339
84 91 680
63 64 4992
49 89 2838
47 78 4776
24 86 2492
38 84 3136
46 93 4044
76 82 2169
30 82 1903
44 48 3220
40 59 4795
59 60 834
7 88 4154
9 46 1786
10 35 3983
7 15 2153
13 55 588
3 66 891
62 72 645
36 57 4236
99 100 2641
37 66 3891
30 40 1119
51 74 4833
16 46 253
35 40 4131
63 73 4778
14 31 4970
77 85 3159
21 50 1437
6 14 2812
3 56 539
9 26 4488
24 45 4330
26 70 571
1 99 1695
12 61 4710
53 63 2135
40 92 1502
26 30 266
66 67 2323
20 57 1074
35 94 979
57 86 3236
16 20 3194
25 66 1369
61 89 1089
20 69 205
4 10 3655
26 93 1605
54 71 4377
11 74 1234
28 33 3357
9 99 4535
38 100 4279
17 55 1199
63 66 3963
19 60 1894
92 96 551
55 97 4766
38 86 2660
22 89 1279
40 72 3227
34 68 3119
52 78 3569
67 96 129
36 91 3271
23 54 722
21 91 4872
10 41 4333
67 69 4372
15 64 3496
55 67 826
39 74 4245
8 85 3605
56 60 1014
26 34 4066
32 73 182
0 43 448
68 72 3160
19 33 2468
60 68 2771
69 78 1030
8 91 203
21 53 3055
47 85 3665
27 76 2711
36 86 1119
50 92 2971
40 94 2298
3 90 4758
58 75 1714
43 58 3933
32 83 3186
11 85 2912
14 39 4040
28 34 813
20 58 3784
19 69 363
10 78 4154
77 92 1858
34 82 2735
53 79 4230
64 82 1772
85 96 893
13 51 2875
41 64 4637
0 62 863
25 73 276
66 92 3091
54 89 2400
19 27 1119
48 87 3270
3 77 3310
39 95 4123
21 90 2263
8 58 2728
14 51 878
41 88 4272
5 45 13
5 66 774
37 81 3838
55 59 857
25 53 3646
89 98 2798
38 90 1562
70 77 2319
0 68 8
1 94 1370
36 59 2081
29 99 1092
73 88 2804
27 38 86
30 71 2762
61 66 2764
40 52 2206
10 50 1001
61 97 2157
37 94 841
1 60 2053
46 91 1652
19 23 2855
23 78 2933
62 88 2821
31 49 978
56 97 4410
9 31 2432
32 39 4560
23 48 3999
8 73 4446
15 61 3288
24 55 4896
37 53 704
62 91 2517
20 68 2123
59 78 4872
15 26 3540
24 32 4549
75 100 1216
23 59 1251
64 90 3137
30 93 2641
22 69 2174
1 6 4566
56 77 2681
27 62 2896
76 100 2227
12 83 39
2 8 2346
75 95 4153
33 62 1739
92 95 3709
28 76 1220
54 55 2208
10 99 3431
0 74 269
10 45 4652
25 68 696
64 68 2536
8 77 2983
0 5 4981
53 94 4003
10 82 1978
19 46 4465
20 23 3621
93 98 3975
1 65 4270
8 79 916
30 58 4888
51 76 3769
11 40 4717
32 37 1350
53 84 3685
30 96 2620
6 92 1213
62 95 3972
14 88 4817
58 66 696
59 95 4000
5 6 2057
15 45 2416
63 71 1915
11 14 2333
29 79 41
19 75 4518
64 93 2586
8 64 4985
22 30 569
27 35 2098
70 96 3820
47 71 1443
30 39 1740
7 72 3667
2 40 1024
35 85 728
69 80 1072
43 77 3105
87 99 3132
24 68 1525
43 92 3956
21 83 3707
10 19 2754
6 52 3830
0 100 2627
26 97 4962
0 9 3796
70 86 1823
27 66 4474
59 68 3348
89 99 4357
5 8 4045
73 76 1749
18 30 214
6 16 766
70 85 164
33 83 2445
40 45 345
44 85 1943
20 98 1251
48 73 938
60 67 3111
33 60 978
23 47 3657
25 86 2080
36 61 3565
44 69 3901
20 24 1041
14 92 4756
16 54 4441
14 96 4362
19 32 3059
56 92 2458
67 76 3620
57 73 1573
62 71 3708
11 99 4548
68 97 3234
42 50 3929
20 28 1349
3 71 2014
3 67 1689
1 76 3436
46 75 3570
84 95 1359
6 64 4675
70 72 1516
9 27 704
9 95 3734
7 100 3512
73 82 3659
58 82 3509
58 77 2041
29 86 3649
4 73 3997
67 86 1364
37 90 78
48 74 990
55 80 837
31 92 3452
27 64 1061
8 67 3145
13 25 4081
22 92 1537
20 27 1704
3 23 4409
84 94 1735
12 31 323
20 22 852
16 37 2272
41 73 4969
39 77 1268
92 93 202
39 99 1535
26 36 1861
82 95 4339
11 29 4853
1 49 2248
7 38 3789
45 50 3976
50 94 2419
17 86 4586
16 81 349
34 46 2264
19 65 4744
11 34 3036
36 55 1893
44 90 4667
51 83 1986
70 94 266
56 96 2091
6 25 470
88 90 395
0 64 292
54 90 2431
15 28 2523
26 37 3761
56 59 203
77 96 2546
50 89 279
40 42 4455
22 68 2958
42 90 1760
62 89 2485
8 14 1822
33 34 4062
29 68 795
75 94 2255
38 54 2339
10 59 3355
55 90 977
81 96 4730
32 90 3204
8 19 3762
51 63 2359
13 39 1629
54 83 3253
4 93 3408
5 46 4217
18 37 4990
62 99 4084
36 97 1828
68 83 1261
56 79 3586
75 86 3895
40 89 1476
81 84 1433
51 97 2996
1 98 456
8 23 2622
3 100 4550
43 87 3732
0 86 2813
0 95 1232
22 59 3958
67 94 2107
44 74 2213
26 33 4137
35 48 4427
88 98 2423
51 55 4523
22 47 2250
12 51 1468
29 69 4663
6 68 1168
28 54 897
60 85 2238
5 94 3113
29 45 3736
62 74 860
83 90 293
8 51 3776
29 70 4580
1 70 152
41 85 104
11 41 4541
22 75 1412
9 79 2240
41 63 4775
24 87 2861
67 85 139
46 74 3054
46 87 2112
88 96 2781
28 43 3819
23 88 1355
28 87 2674
64 85 1619
40 83 2958
0 72 1395
11 48 1768
26 86 1831
28 68 2874
18 47 2859
95 96 1819
3 17 1627
45 59 4973
21 48 3548
43 65 3400
15 57 437
24 28 1970
26 42 2343
30 87 3972
37 76 3376
76 88 4148
64 98 3838
15 31 2161
87 91 4059
30 47 2979
22 28 2144
47 91 82
16 63 2959
2 85 4982
54 56 1492
12 39 2639
60 72 1060
31 82 1773
55 88 1992
74 97 3860
22 81 4088
53 67 1154
74 80 984
37 40 3229
10 20 1598
85 91 2073
59 66 2892
46 57 3534
38 77 1371
58 63 3617
50 60 128
0 73 777
13 90 3052
83 85 1334
40 61 4533
6 74 2743
31 70 4717
88 95 1293
16 83 156
13 56 1729
79 86 2640
5 74 2559
35 53 2335
77 82 2301
28 71 942
12 69 1782
29 36 1116
24 69 995
48 62 4398
35 59 20
11 47 4259
55 98 2507
20 55 350
8 90 1535
32 96 4783
28 91 3336
26 92 2548
7 49 4625
47 57 3062
39 86 1762
20 87 679
80 84 534
46 54 3768
59 72 4777
42 77 1808
37 89 4224
4 8 2893
2 20 2
2 68 2678
7 48 4511
48 99 749
16 75 2328
25 41 4296
43 66 3283
19 49 3835
70 75 4847
35 76 273
81 87 2490
68 70 2603
71 72 524
78 99 4796
22 23 504
38 71 4735
57 91 4162
11 36 695
49 87 1230
44 60 1513
84 89 1619
74 100 4934
5 9 809
12 60 2915
79 95 3576
9 70 4033
55 87 3649
42 68 1760
67 75 1471
21 68 3239
1 80 4022
0 52 215
47 52 2211
26 58 785
83 91 2638
2 13 1075
40 87 4419
82 90 1646
34 76 755
82 100 1898
60 92 4007
36 40 2627
49 99 2411
40 90 2972
60 95 3599
24 46 1150
13 74 3747
50 63 2292
48 84 4823
0 48 1579
6 26 4649
10 91 2661
59 100 2387
31 52 1877
63 82 4060
2 92 3163
24 79 2218
5 44 1811
13 18 4983
88 92 905
36 99 3238
19 44 4950
42 80 3801
60 70 4366
31 39 3171
50 66 3202
28 95 818
34 53 612
75 91 4245
45 65 1192
18 96 906
32 75 4091
13 73 1206
80 97 1822
15 52 1387
18 23 861
5 15 755
28 72 3854
14 19 2013
18 51 4214
36 79 1412
33 68 4073
25 56 2325
9 66 197
38 61 653
43 76 4812
20 54 2313
17 52 2471
19 86 3051
5 35 73
43 44 1295
33 74 4531
9 11 3165
39 83 3967
56 95 275
51 89 3653
9 50 2662
28 88 534
32 36 3561
19 90 4842
40 56 3458
19 58 2567
21 94 237
32 57 1865
42 48 1488
8 22 1775
0 20 3742
11 60 4594
39 58 2080
86 96 1522
65 69 1113
45 84 4290
31 58 1345
25 35 1584
31 38 3474
15 62 1425
43 80 2433
14 49 546
38 59 2696
17 59 96
62 80 2313
8 62 1255
15 43 4800
11 17 954
26 32 844
7 43 4581
8 11 4691
82 83 3787
27 89 474
66 69 188
18 88 4550
51 90 4294
55 93 2095
34 38 1957
5 37 4872
1 73 52
72 79 4441
46 58 821
47 98 2284
57 77 4564
0 88 1952
28 62 3888
30 52 2027
41 100 645
7 22 3483
61 77 213
16 72 4287
8 95 660
50 90 2476
86 100 3010
50 83 1660
46 100 4151
8 50 437
42 78 1707
43 93 2508
42 99 663
88 100 1385
42 71 2486
3 85 4937
24 54 2421
13 99 3210
27 70 1676
2 33 4671
16 32 3396
25 92 1444
44 80 1306
2 28 774
46 52 2901
6 44 739
5 88 3722
21 39 151
27 54 1612
43 67 1036
28 55 3883
73 74 1900
62 69 1153
7 29 2456
33 43 2245
47 87 1479
13 37 2561
49 80 1778
7 54 4088
26 43 3762
30 48 257
27 61 371
51 70 3497
49 85 2361
24 63 3033
42 65 2136
82 99 775
27 59 845
27 56 4847
34 57 2214
26 89 4242
61 74 407
2 36 4517
34 45 2024
60 99 3736
80 96 1281
43 57 812
33 70 3742
4 11 2452
89 95 3314
23 75 1574
32 98 824
14 100 949
7 46 3104
52 76 517
37 86 4728
40 49 1661
5 38 4938
54 77 800
34 66 13
33 66 916
6 23 1294
35 80 4572
4 53 2552
59 89 1110
8 92 1745
55 61 3232
23 26 981
19 53 4063
60 87 1035
1 84 4166
39 78 1928
25 28 3724
31 77 2595
34 81 671
19 29 461
33 90 1807
47 54 29
22 62 2241
13 81 3209
17 97 460
20 80 4037
44 92 2130
11 35 3779
6 57 1172
5 26 2983
10 33 1046
25 78 227
37 56 3079
43 74 2428
35 96 4924
36 77 2589
29 59 533
3 36 4043
51 79 2475
18 64 4674
33 81 2020
57 80 3403
47 69 4776
15 23 3369
39 89 4072
30 89 4048
22 93 3208
8 46 195
24 62 2208
29 87 2799
44 50 2246
67 71 59
14 48 1964
40 88 4739
29 62 4056
66 86 3171
31 69 4736
17 67 1954
45 61 4048
13 58 4902
24 88 188
56 83 872
20 65 1551
9 96 2828
44 82 2215
2 79 4565
11 97 4730
59 69 480
59 74 192
8 10 3817
21 27 461
4 84 1915
69 70 4171
24 43 3852
30 33 1005
9 43 3775
28 44 2798
13 30 2731
58 76 4429
47 50 4842
27 67 4635
17 19 230
4 43 2215
60 76 27
97 100 1783
90 95 3524
54 92 468
0 30 2210
1 9 2174
50 52 1496
21 65 4867
33 92 2189
27 58 4761
38 98 3090
54 60 3393
36 49 310
24 25 3027
33 71 4390
37 70 1925
61 65 3148
59 92 4246
35 73 2039
0 49 1144
38 93 1543
41 60 2836
19 48 1179
21 49 1770
15 95 865
31 74 2070
39 100 1142
50 99 4073
68 91 1653
2 46 345
36 39 2204
50 67 2784
17 20 372
31 73 1429
34 95 3421
1 17 286
66 70 2317
26 73 3388
6 17 1738
2 6 1541
5 97 1844
76 99 3991
35 46 3196
63 95 591
27 68 586
12 16 2391
4 60 4757
55 96 2172
40 80 1794
73 77 4518
17 40 4309
4 16 2193
70 91 287
57 65 2614
65 86 1710
23 35 3395
26 76 2725
97 99 1000
21 32 4651
24 93 3809
1 88 1321
33 51 3402
42 87 2606
12 73 948
12 30 4376
50 75 1789
4 80 1799
13 27 1220
36 74 2884
69 76 763
33 75 4451
62 97 2185
13 33 2060
65 92 1314
34 74 2673
68 80 147
28 96 2626
45 72 4106
36 89 313
39 57 9
6 43 186
24 100 1321
41 92 3998
31 45 819
48 86 4571
3 18 4178
11 31 873
2 83 4191
40 66 4590
5 22 354
49 60 3441
32 60 249
10 88 4357
22 97 1404
60 89 4499
53 64 4480
36 69 2083
47 62 4308
37 50 134
18 22 1826
16 52 214
55 83 1258
48 97 1817
78 79 683
58 84 4029
33 91 2284
3 46 664
87 89 1367
37 49 450
17 72 4719
65 75 3583
36 38 790
12 41 3687
5 73 4738
65 96 963
18 85 4151
28 66 4297
72 90 201
82 92 3071
71 99 4125
70 74 2550
10 52 2130
54 62 1175
39 92 2021
47 64 1441
78 92 3297
38 74 4122
25 70 911
2 99 2776
4 28 397
34 73 61
47 49 4493
42 47 2503
19 47 1057
2 87 3604
39 94 3909
37 38 955
94 100 4909
84 85 3387
59 67 698
37 45 2417
1 23 1111
38 55 2227
28 100 1060
9 19 1261
39 48 19
33 57 1506
2 42 4481
10 64 2847
16 95 4755
21 70 1957
32 51 4522
14 47 1011
47 75 66
16 84 3418
46 63 3204
58 80 3041
45 76 2189
51 95 3833
4 94 4488
45 51 3282
9 57 3819
44 71 4323
64 73 4221
52 80 4055
74 96 4527
11 12 1620
57 70 2322
65 82 1583
20 61 4881
6 18 2906
26 82 3610
27 97 4417
25 48 4301
14 74 2800
22 46 1538
25 34 1734
33 39 1424
10 79 366
1 68 2511
59 63 1452
1 82 2165
3 84 1153
29 83 2200
35 66 492
36 72 4654
19 91 1837
10 22 4383
35 90 4208
26 71 2064
1 31 2549
91 94 2709
35 65 3323
95 98 3229
57 66 4283
32 40 3616
85 100 1312
57 88 4087
38 89 827
14 60 3031
15 29 2525
8 29 2145
52 85 1646
62 90 1436
20 90 4162
10 25 427
2 51 2238
25 67 1928
23 30 4055
16 91 3719
21 46 1515
68 96 3749
16 35 3659
41 72 4546
38 87 3950
7 45 1329
9 18 4040
6 91 332
10 63 3460
62 84 2295
7 87 1513
33 67 4987
2 88 857
14 63 4246
15 46 2307
14 61 142
74 82 2579
38 67 246
39 40 871
16 76 324
5 75 1182
74 76 680
11 71 1213
60 93 1047
3 35 3987
57 87 3381
83 97 2269
9 23 4435
9 16 3903
53 75 3986
83 98 4941
85 86 627
47 94 561
68 79 2917
61 63 4880
50 56 287
6 97 705
66 68 2801
72 80 3330
90 98 2409
57 67 3536
30 54 2683
0 25 3346
62 79 3008
58 88 3564
19 81 1595
10 18 2935
59 64 2343
38 57 4697
55 73 606
2 11 2072
40 67 4453
17 69 804
71 92 2204
17 73 1851
53 86 589
42 60 3555
42 43 2542
4 79 3800
9 13 59
36 83 4587
65 67 169
25 32 1159
8 63 4991
40 48 55
41 62 840
46 95 2632
78 80 3068
19 72 1730
97 98 3827
45 52 4309
32 82 1680
44 61 760
9 25 2595
27 85 3146
53 83 4480
30 97 100
6 36 4216
40 99 1288
48 51 4342
22 39 1258
13 23 1793
45 67 858
0 98 3650
68 95 3335
63 70 4883
40 68 2349
13 66 1908
17 85 3048
77 88 1702
11 25 2944
7 14 548
72 87 3984
20 78 3690
20 30 3974
36 41 2550
4 15 1393
15 59 876
14 41 4256
18 27 2364
51 57 4409
27 49 4581
9 32 311
32 79 1519
17 61 3133
12 64 4208
14 76 2698
37 100 1825
20 77 849
16 77 515
21 38 1837
10 90 990
45 57 1973
0 75 1754
4 74 1217
32 93 66
4 89 1121
15 70 82
50 55 2528
33 82 934
60 80 883
37 41 2550
73 84 2904
92 98 2567
7 50 4260
53 56 3004
69 97 203
41 42 2274
63 79 2995
14 33 2169
48 60 2416
22 49 4278
52 89 4636
2 9 1601
39 90 214
1 19 3850
32 71 3145
58 83 4721
89 100 3176
24 94 1050
47 80 4807
8 27 903
11 45 46
23 51 2582
23 40 4307
2 78 139
4 22 1219
2 44 3840
15 65 4815
52 73 3872
1 47 2715
6 33 1872
53 87 4954
5 87 4626
15 18 2980
13 24 1629
14 58 172
3 31 1523
45 93 3097
9 85 4599
81 86 3129
80 94 1456
51 87 2775
76 97 3116
14 62 4779
18 39 2350
48 76 3279
18 80 1764
12 25 2087
16 65 672
14 28 3502
13 44 4321
64 75 1592
5 49 3892
16 18 4494
81 89 4871
40 79 3155
41 44 2060
23 90 386
32 49 1702
44 51 4545
3 99 4652
56 86 2170
86 92 3006
30 36 1555
19 92 1298
78 91 289
8 75 821
47 56 3932
59 71 1990
0 59 3818
44 72 142
69 85 4663
37 65 4612
5 29 280
24 47 4372
18 78 48
29 42 1512
58 64 4466
4 97 4284
82 96 4290
28 37 1407
3 59 801
88 97 1571
26 54 2365
48 81 2140
48 50 2360
4 77 1458
26 72 2202
50 61 1815
46 50 2959
2 49 4927
18 44 1361
23 83 8
2 15 876
18 50 1707
36 46 4487
81 94 4171
4 5 2075
37 84 2146
5 83 3867
53 99 3152
57 82 872
42 89 4386
63 88 3967
16 47 3448
54 65 2175
91 96 1809
62 100 4339
42 61 3699
56 80 4770
16 30 3581
86 89 2357
64 65 4322
68 71 4418
69 71 3850
29 77 1802
41 74 3068
64 69 1765
29 57 2074
54 98 1547
3 62 162
1 90 3529
31 60 2492
27 40 2435
8 30 2944
63 74 1240
25 82 1378
47 59 4640
2 17 2741
67 73 632
1 30 2853
30 80 1880
56 72 1209
19 73 3407
21 51 218
21 82 213
10 57 1960
25 98 4192
27 95 3267
65 93 204
6 30 1542
7 61 2274
4 87 279
1 42 1242
61 99 773
65 84 1743
40 78 3542
29 85 1399
23 66 2565
30 63 4120
16 78 2486
7 37 2047
38 85 4962
41 77 4769
4 27 1575
40 96 4340
78 94 1947
56 73 3741
35 36 826
58 85 4051
87 96 3736
7 99 3861
76 94 4798
17 76 2946
5 39 13
94 96 1488
24 56 1222
14 79 2424
12 18 1044
57 61 2500
5 51 3302
9 81 235
75 83 1301
8 69 143
58 81 2954
41 91 1879
32 43 1197
41 82 2998
13 87 1478
17 80 241
34 54 1970
35 83 4998
29 48 3773
18 86 3313
2 41 1097
5 17 1821
86 97 2917
68 81 559
50 98 4187
17 89 3253
2 91 4142
22 26 1504
10 62 1238
27 100 3463
2 90 3091
24 76 4086
61 71 1008
17 35 2941
1 57 1977
7 81 3813
16 53 390
32 86 1718
18 40 1256
7 12 1445
4 98 4547
28 82 2625
46 82 978
58 98 4203
26 66 915
21 84 1955
60 91 764
60 96 2492
33 100 265
21 24 1636
2 43 4864
11 61 1420
61 100 4819
25 90 3142
94 97 3971
6 70 485
24 67 2838
24 82 1571
8 66 3065
5 40 2769
38 62 4239
43 53 1404
30 51 4595
51 99 991
16 27 492
54 82 1871
8 99 3053
7 69 4458
75 96 2094
48 57 635
24 89 2165
7 21 980
67 97 1025
20 72 3908
30 55 1245
26 49 4863
29 66 4642
36 42 4852
72 93 2151
0 31 1811
30 95 1501
17 62 1901
41 48 1594
5 54 373
35 54 1946
45 77 3488
7 36 1971
3 51 825
38 58 2998
2 50 4487
0 8 3082
12 27 1277
48 78 681
82 94 3576
39 79 4773
83 92 993
8 34 1922
25 63 227
51 72 731
21 28 2336
10 95 3744
11 65 4256
77 99 1489
36 76 1923
51 56 3087
48 64 1521
46 62 1817
48 75 1951
1 20 3877
23 33 4493
4 68 3171
20 91 3599
0 37 856
2 27 2457
32 95 2214
13 96 4751
15 47 1824
42 44 4995
17 98 4260
3 41 2643
1 29 860
48 100 2462
27 88 338
84 87 723
44 86 1070
22 36 2248
66 72 3495
27 33 927
14 16 4876
3 43 2878
71 98 2737
73 96 2791
51 78 3175
58 96 1591
3 75 604
48 54 3495
21 73 1078
74 88 3371
5 34 3986
21 54 3026
8 20 2844
42 76 571
0 11 1508
60 79 3555
24 48 1491
30 32 1508
77 78 3335
15 78 4686
25 37 1884
50 85 1939
22 51 2566
21 67 4975
2 26 4105
73 92 2415
43 82 1775
19 55 290
51 85 1385
30 64 2869
12 34 2728
9 54 4455
19 26 4018
40 85 2887
58 91 4256
42 66 4917
53 100 3350
82 93 3797
23 79 3386
29 47 1692
70 80 577
25 60 1195
25 84 2781
17 63 3706
18 79 705
21 87 3766
69 72 609
1 50 4027
40 86 2021
54 63 4234
51 53 2109
63 97 2854
17 93 1947
13 19 4547
27 60 3335
13 61 3695
16 74 725
24 36 1570
13 47 4639
84 92 1150
77 100 4534
19 97 176
46 53 2627
62 76 3144
40 54 1925
12 43 2418
23 55 2548
18 24 4848
41 96 1521
2 61 4133
0 50 3837
0 21 281
15 21 2749
15 22 4850
26 68 1275
86 90 2105
53 78 1137
54 58 1443
73 95 1999
83 88 1676
33 85 3505
12 53 625
63 84 3861
29 72 3648
38 73 4259
1 55 2101
57 75 4396
85 98 857
11 49 9
15 99 3969
14 50 4244
32 35 2185
19 96 3798
41 59 4410
31 32 1634
28 81 1881
30 62 2555
58 86 4678
4 82 2388
89 97 4711
6 79 310
62 67 35
26 88 2789
56 70 1421
11 44 4024
0 90 1820
40 46 1709
6 58 4481
11 66 3520
43 64 912
78 97 115
9 29 2226
85 99 1530
16 19 535
13 17 1924
2 58 563
11 46 744
1 8 2842
15 100 444
58 59 4383
52 86 2082
66 83 2805
82 85 120
59 85 1891
38 97 1831
27 83 2014
0 71 4108
8 56 2041
94 95 2187
65 98 3556
15 36 225
9 63 3926
27 65 4782
29 40 1865
52 55 4866
61 64 3781
4 65 2251
22 48 1895
44 76 1854
14 77 2771
45 87 2896
27 81 758
45 74 4648
9 60 3125
5 55 3551
35 52 4973
9 35 673
22 33 1908
14 42 4499
58 100 4683
10 38 3717
11 15 4896
24 78 1009
6 78 1110
42 46 2313
27 75 4642
34 98 3612
18 71 1653
22 70 3778
23 65 3273
12 50 426
14 68 876
10 17 377
78 88 2635
12 97 2608
67 80 4011
11 87 2850
10 92 702
32 61 2029
60 86 4151
43 63 3648
12 96 4409
75 79 602
73 87 4294
12 78 575
15 89 2278
65 91 3332
9 78 3048
3 68 2906
87 90 2129
45 91 3429
30 72 2269
60 78 4761
50 68 944
13 34 2594
6 56 766
33 55 4808
35 44 1317
4 58 3582
57 85 4146
39 43 977
10 94 1427
0 85 4684
87 97 3639
18 98 4368
34 86 3961
29 58 1452
28 77 3959
79 97 366
29 52 1016
13 72 1949
34 36 45
87 100 620
26 79 2582
38 88 4351
23 63 672
22 52 3567
25 49 1614
5 20 4798
16 86 1997
2 84 1022
17 43 4207
6 69 4667
2 25 2735
33 76 1330
46 80 1603
13 16 1963
55 76 570
40 76 774
16 98 3741
4 13 652
75 98 603
9 86 1517
80 95 4782
71 100 3538
41 78 2826
3 70 3730
51 82 3678
33 88 1098
5 79 1076
13 48 2618
71 95 4600
65 71 3037
39 73 4032
44 66 4440
47 83 3933
33 79 4192
25 74 598
54 84 2413
7 62 1393
20 41 1060
7 89 485
18 48 2573
32 54 1304
8 43 2537
21 63 3552
22 42 1319
10 87 4882
3 64 4478
69 88 1408
2 73 3899
83 96 388
44 81 2067
38 53 576
37 96 3199
35 93 2149
46 66 4410
12 66 4654
6 99 3054
15 93 1430
26 65 378
49 82 3954
80 100 1653
42 73 774
21 35 1069
13 78 4424
20 40 2504
39 98 1909
34 71 253
39 80 1508
57 63 1503
72 96 2339
43 50 2570
29 94 702
22 64 1583
31 75 4276
95 99 1230
66 77 382
18 54 3232
20 60 2270
60 84 1791
11 21 734
7 13 1752
13 83 1786
31 35 2324
33 93 4920
70 83 643
38 78 2972
61 91 1406
44 54 1208
0 61 1000
36 80 1872
28 49 1658
34 42 3799
73 100 4
35 57 3178
43 88 2501
16 62 339
14 46 2761
53 60 192
77 81 4750
2 45 1630
37 61 1793
39 85 1031
76 77 1108
2 93 3457
22 82 4986
66 81 3893
23 29 3362
21 77 1192
1 92 537
16 55 3715
49 77 3816
25 87 2481
60 81 3911
58 60 2726
73 86 4198
4 75 2620
7 92 755
47 68 1927
5 86 165
23 50 3288
23 58 2443
12 55 4110
13 21 2619
21 92 3465
35 92 3132
55 62 3856
24 52 4054
14 32 1009
78 86 1151
30 42 1555
9 39 314
38 40 2572
49 50 1777
49 71 1709
56 71 4116
50 78 1798
15 38 1094
18 89 4033
11 83 4003
71 87 2733
50 82 4520
91 100 1619
56 85 640
34 88 4614
57 60 3492
15 86 3206
20 71 3692
2 67 3825
13 67 2284
25 79 4854
41 51 3205
15 56 4740
39 45 2831
80 86 4171
11 62 487
41 80 1898
29 88 4191
37 93 4648
45 97 1046
57 99 331
54 94 414
7 52 4556
14 29 1521
28 31 1257
68 93 4203
43 73 2202
54 61 2984
7 40 131
41 76 2023
30 44 2084
38 83 1984
36 87 1392
31 48 3563
75 89 2425
0 92 710
33 98 464
26 28 1439
10 56 834
1 87 2664
33 50 630
25 83 4842
10 24 3301
53 61 4206
19 88 4428
17 81 262
49 83 123
0 12 3374
19 80 2279
1 27 2865
10 36 1797
75 76 1177
25 97 614
66 74 1860
51 81 856
15 49 2590
26 35 4300
15 83 1298
19 64 2017
21 41 3283
2 75 2334
21 55 942
6 50 4344
38 63 3352
3 5 1174
66 90 3973
20 29 1100
57 78 1481
8 18 4772
15 44 4791
17 92 3930
31 37 3814
54 57 3847
50 97 929
21 26 1438
78 87 780
17 75 3738
10 97 2649
45 46 4761
20 52 1534
60 73 2965
5 12 1421
8 71 4526
50 57 4244
11 93 2590
3 42 1914
30 88 4421
80 91 3577
18 60 2878
18 46 560
55 95 2230
21 64 3657
23 80 2595
15 88 588
13 31 3236
10 40 1859
12 28 4543
51 100 1412
77 89 4230
4 83 1225
75 77 36
8 44 1951
35 79 2480
12 94 2967
60 65 283
26 39 1419
69 86 1165
25 45 4377
79 90 1062
41 69 4535
48 92 321
52 74 518
55 81 2123
19 51 1798
19 67 2184
46 76 4511
39 75 1733
16 61 1673
54 73 1244
92 100 1881
1 3 2692
52 90 2901
24 59 3731
4 30 4216
75 78 4810
25 96 2552
34 90 3908
44 52 3524
48 83 2988
61 72 4000
41 98 1442
40 95 3333
88 91 4201
24 27 3860
3 61 3175
5 58 2943
36 98 2513
87 98 4742
41 58 4735
38 75 1009
29 54 3549
0 70 785
64 74 4139
50 93 1430
68 85 4475
16 51 2096
31 99 2217
52 75 2865
17 58 3309
4 59 753
24 30 840
61 67 3572
5 65 2070
17 57 3269
64 97 3822
36 44 3315
7 10 1254
25 93 3723
45 83 1834
6 31 984
52 62 4132
35 42 2933
8 35 752
15 63 3138
56 99 3754
35 56 3093
10 28 778
6 89 4946
31 64 4668
59 77 2309
8 12 3493
4 26 2530
50 65 657
37 85 693
9 74 3618
17 65 1936
35 43 4371
74 81 1886
51 67 1497
41 61 4783
30 75 4838
31 90 4928
43 62 2639
8 55 309
18 99 1849
5 64 1366
15 90 4553
13 65 4649
36 70 470
26 94 866
10 48 4675
22 98 3643
52 95 3390
6 10 1953
48 63 1049
26 63 2132
29 49 3201
29 95 2751
57 92 2940
25 39 2442
28 50 4309
81 88 1192
52 79 1322
24 83 4194
33 96 3431
14 38 7
11 54 1718
91 95 1427
7 76 923
53 58 4037
39 54 1755
71 85 3167
48 53 829
60 63 3711
24 71 2531
39 46 230
7 55 3198
24 51 3301
3 92 946
4 14 2644
34 49 3829
46 65 2659
44 89 710
61 93 4417
58 93 584
0 82 2807
40 71 4324
56 91 487
1 95 2844
70 73 128
13 69 3527
52 82 602
0 35 4201
48 77 4347
38 60 252
46 48 2676
2 89 4651
35 58 2805
10 73 1811
18 43 1100
47 97 3877
37 92 4892
72 83 4397
12 82 3300
25 75 62
69 93 2479
49 62 538
30 60 789
55 56 1202
0 99 1861
64 86 4486
21 22 76
23 49 1858
24 96 2569
5 82 3926
81 93 4764
10 21 4656
21 89 1870
48 71 1623
43 55 2392
62 93 2199
10 81 1559
0 51 2161
44 95 4914
32 41 3581
8 78 2501
47 77 2383
13 49 165
72 75 2470
5 42 2141
60 90 3599
24 95 3567
70 99 1750
16 85 1307
42 84 4494
6 35 691
18 34 3620
14 89 3273
22 43 899
22 88 418
40 63 149
12 95 2174
76 79 704
31 93 719
66 87 4256
1 24 1207
30 81 1160
62 86 248
11 98 651
23 32 3970
1 74 847
46 79 4161
12 76 2760
67 91 2382
8 59 3039
70 92 3092
49 94 4933
5 24 3541
18 69 3356
79 98 440
73 91 571
31 78 3916
13 14 1867
79 82 460
5 78 4543
8 42 4688
23 43 1818
8 48 1090
42 54 1947
0 24 2940
25 26 253
4 52 3613
27 71 2109
6 77 3924
12 23 2576
38 46 831
18 87 4837
34 67 861
29 37 754
7 16 4065
35 75 508
61 80 4294
28 30 1541
42 69 4601
17 79 4688
52 83 1523
9 77 2778
8 9 1721
71 91 2323
1 13 4947
3 26 391
17 22 736
34 51 4282
29 56 172
29 63 1223
66 100 2747
9 67 62
0 13 4073
7 94 3884
16 59 3712
39 53 1283
5 21 4242
12 48 632
32 33 2064
23 87 3213
4 32 1231
50 71 4754
52 64 2234
24 34 2645
29 34 1240
10 34 1261
43 96 2001
11 75 477
23 89 4314
77 97 841
33 53 1082
59 81 3365
8 13 30
21 60 4747
0 67 42
52 77 4159
38 81 1980
6 72 367
5 95 2123
10 55 2095
5 60 1196
29 65 1867
53 57 2960
5 68 4235
93 99 3207
55 86 1099
74 85 3898
10 66 1362
86 94 4258
6 46 355
62 65 4416
17 28 3438
84 93 934
1 12 4674
56 76 256
73 81 1529
36 93 264
17 44 1783
51 86 276
20 50 2228
42 95 11
18 33 317
6 13 1842
24 31 301
4 42 3537
11 82 443
71 79 1985
8 96 225
35 70 3646
33 87 3831
9 59 2112
30 34 324
6 88 4776
85 95 3258
47 84 3523
68 92 3822
0 87 40
46 89 1802
6 47 1413
39 68 2311
43 79 1924
2 16 2122
19 62 4472
67 70 4804
12 81 2023
13 68 1841
3 16 1879
9 72 1514
28 45 2714
56 94 237
70 100 3109
16 94 3044
13 62 2066
77 79 3183
60 61 4149
22 56 3511
79 81 3324
5 41 373
20 62 4408
63 96 1005
23 41 4038
19 37 1717
13 75 3911
24 49 4306
63 77 3802
7 63 4038
12 42 568
76 91 1782
13 92 3478
66 88 3972
17 91 82
18 72 57
1 63 1581
35 81 1482
24 80 2726
18 84 4053
45 49 3643
1 14 1907
81 98 3255
21 45 2567
82 86 1773
36 64 4738
76 95 1811
1 37 1326
33 63 184
18 42 306
70 71 3146
41 46 1133
23 37 4864
23 68 490
14 66 871
17 33 1937
61 79 4154
9 20 3617
52 97 3177
15 76 2573
30 85 2156
21 58 2355
10 54 1588
71 88 2426
16 34 132
50 87 2971
1 28 2053
19 87 3358
50 95 2560
9 22 2979
41 45 3402
40 93 4865
50 91 3475
44 77 2023
12 79 1903
10 68 3405
11 57 1188
76 85 4761
5 91 2036
38 43 1745
55 85 4529
5 96 3640
41 52 2034
70 97 2978
11 63 2304
32 74 2495
0 83 1718
18 57 4403
91 98 4140
47 55 4089
25 57 3428
15 82 3490
52 94 4175
51 64 3350
42 74 2952
36 75 257
22 27 3106
42 86 1957
27 93 4640
23 39 485
63 93 4588
90 94 2240
44 94 1457
57 72 528
1 15 2931
31 44 3517
49 90 2457
68 77 1107
47 100 4921
54 79 4517
42 88 998
65 87 2844
49 51 4098
27 51 2811
9 36 1739
18 59 442
44 47 591
26 75 3338
46 83 114
29 76 4469
11 23 2831
14 98 3320
10 96 4707
60 66 2032
0 28 3954
22 99 3394
41 99 1228
78 85 2146
69 90 2682
73 80 2807
51 59 1712
74 89 4005
22 95 255
31 81 4941
26 90 3131
21 57 488
44 83 3897
30 53 3693
8 88 1856
3 20 1390
7 23 4274
43 100 2820
34 94 4510
5 93 657
22 31 1431
20 46 4469
24 40 4930
39 93 4959
32 72 370
9 34 2695
20 63 2631
48 95 1559
28 47 766
36 95 466
18 25 1082
18 19 3938
15 74 2342
8 68 2849
45 69 3505
25 51 4663
2 60 815
9 56 656
16 17 2939
32 50 3616
31 55 4471
17 45 4164
26 46 1907
68 90 1387
32 94 1549
1 4 546
4 86 4877
6 86 1404
1 54 972
89 96 816
72 91 4870
1 64 3587
28 79 3607
53 77 3783
14 99 2971
44 63 894
17 78 4615
72 74 2178
28 63 2159
6 9 23
38 39 4918
34 85 297
28 84 762
56 93 4512
20 42 4935
53 74 1855
46 98 4761
7 32 2037
1 41 4206
28 74 1665
45 88 3645
58 92 325
21 40 1866
45 86 3837
17 66 2185
6 65 4962
6 37 4660
52 72 4125
75 84 4825
29 46 1943
40 100 3552
5 89 1531
22 67 2045
40 65 4106
56 100 4731
13 64 1102
12 98 1571
49 78 355
4 56 3736
54 68 3425
7 58 226
15 77 3886
4 64 234
45 54 2474
32 92 2600
60 75 303
14 18 3435
85 87 1172
11 53 4086
63 69 540
0 45 1262
10 67 1958
17 27 970
0 80 102
9 10 4025
56 88 4415
1 53 1507
18 91 2840
56 74 3506
54 85 803
17 96 4354
4 69 4208
17 46 3219
11 51 4462
90 93 660
13 95 1633
5 18 3425
51 75 2105
7 75 1476
2 34 882
35 95 259
27 29 3464
39 71 3874
38 44 121
20 86 1684
8 32 2795
38 72 2714
13 70 751
17 71 598
55 72 3365
41 95 2758
8 47 933
42 98 2731
16 29 2236
41 53 4868
26 62 4427
11 55 385
23 84 594
43 70 2733
84 100 765
24 35 1493
53 68 1595
11 56 1653
28 93 2378
8 31 4658
59 93 3509
35 69 42
20 67 352
4 49 23
27 63 331
0 29 4026
9 21 996
6 73 2193
95 97 1240
31 80 4059
16 40 2063
16 90 1086
6 76 3659
57 81 3423
32 89 889
12 22 2350
32 67 4695
37 88 2837
55 77 3008
71 86 755
53 59 3460
30 83 501
4 99 3716
27 79 4791
57 100 2344
21 29 3826
26 47 3945
7 24 4999
4 48 1644
58 61 1356
53 54 2578
20 81 4579
59 65 2588
31 41 1061
37 52 2171
1 85 1881
42 64 1566
68 98 4937
9 75 2289
12 71 1922
52 67 1003
34 75 934
16 43 2079
30 37 624
27 53 4917
26 48 3577
28 64 914
35 84 2182
24 44 239
0 69 2456
32 77 2873
61 92 37
20 38 4310
16 36 1506
34 63 1188
48 69 3495
44 57 720
38 82 1142
54 100 3560
6 45 1106
29 92 4929
8 21 3096
22 78 4411
4 62 1032
30 74 1143
84 90 591
39 96 2005
43 95 367
81 99 1976
5 33 3208
1 33 1334
9 94 1308
69 75 4720
20 45 485
21 30 2661
6 38 887
11 88 36
13 36 4489
81 97 3732
45 90 3460
34 56 2610
3 48 2885
38 69 195
18 29 4292
10 26 3176
8 87 293
15 68 1869
28 40 4633
72 73 666
17 36 3268
1 52 1112
21 25 1219
50 54 3730
15 39 3961
69 100 3600
71 73 4883
22 87 118
12 44 2422
12 33 3388
2 5 2467
16 56 1164
12 87 3450
40 51 3936
52 69 2732
21 95 2778
20 85 1781
13 60 767
20 76 3375
37 71 3922
30 79 685
48 70 1812
10 89 2289
2 54 3534
35 71 1243
16 49 1234
80 83 1082
69 91 3404
59 91 337
29 61 3772
19 24 1783
52 54 521
14 30 4585
24 73 3918
37 51 3951
0 34 710
7 79 1724
59 82 2538
94 98 667
34 39 557
31 84 52
41 56 2565
19 68 452
7 98 3308
26 50 1131
17 60 2069
14 44 1306
73 83 681
19 36 4567
11 30 2016
23 27 4528
83 87 3418
7 51 3484
35 60 1457
77 86 4692
35 68 2745
37 64 4573
80 81 3262
16 82 1395
87 95 3207
49 76 1959
18 28 1700
14 72 1402
4 76 1456
20 37 137
41 67 3101
7 90 3227
43 72 3052
0 19 506
8 57 1393
49 57 4506
48 79 2729
10 75 410
1 39 2561
81 92 4271
29 43 1924
55 64 427
65 94 1366
12 59 2825
53 90 1547
27 78 426
67 68 3906
41 57 3933
12 14 2667
28 99 1236
6 34 2178
23 100 1591
17 41 3787
19 78 4417
32 56 2179
55 84 3132
53 76 1014
16 73 455
12 20 1910
24 58 1961
16 42 4085
7 11 2130
65 89 4788
17 51 2839
59 76 322
84 96 1164
11 78 3315
45 82 4769
61 88 3712
46 84 156
13 20 979
53 93 774
28 70 2646
48 96 2105
29 89 1774
57 96 4650
10 11 4600
72 85 1262
39 66 2138
23 86 4230
15 40 4634
34 92 4176
71 84 3345
76 86 3662
3 72 2516
27 32 3276
49 53 2551
17 99 586
20 84 561
23 38 1553
85 93 3992
65 90 3071
0 23 4066
55 79 443
63 67 1959
11 43 521
0 84 2357
6 8 3069
15 35 298
14 83 211
11 91 4624
31 42 2499
60 71 3631
18 67 175
82 84 1267
16 50 3147
17 87 3332
47 79 459
16 96 3344
36 45 2034
25 71 1017
13 57 2538
20 32 2945
68 100 4868
32 84 4751
36 84 64
52 96 3708
44 68 2147
42 79 3911
25 36 4089
20 100 3028
27 48 3643
5 76 698
51 92 4145
44 55 2699
73 93 3404
2 21 4231
0 27 3260
7 35 1439
41 94 2904
36 63 4375
5 100 1471
15 32 3262
50 81 2274
14 73 3046
57 84 4840
52 99 3325
33 47 4290
36 56 2259
9 45 4977
6 82 4978
64 76 2767
71 94 4243
20 83 2290
24 77 1910
4 40 1439
20 82 216
39 44 1626
5 85 3237
37 80 3195
23 28 3722
45 81 2831
25 88 4908
18 76 2701
30 70 4159
40 98 4330
51 68 1589
6 90 4611
49 74 4255
49 59 230
76 87 2168
27 94 504
44 59 1201
22 72 1141
31 72 2120
14 78 701
75 99 689
36 82 528
76 93 2079
11 100 1772
50 77 4149
88 94 1618
49 79 3763
21 23 4503
22 25 2574
20 95 3226
5 47 3243
13 88 2373
57 79 2751
24 84 2291
19 43 1412
17 39 2944
7 28 545
7 82 2024
51 71 1364
16 60 3139
63 78 4610
29 91 91
40 69 4444
64 70 3227
18 63 3252
73 78 3149
32 97 4573
25 59 2915
90 96 2333
46 85 1622
34 83 3710
43 45 4902
33 59 1487
28 69 4877
23 60 3435
23 64 218
80 92 1280
23 53 1324
41 79 3050
78 89 2167
43 51 237
47 70 4783
48 61 2056
33 99 2858
67 83 4476
34 35 2958
72 94 3442
4 36 2911
75 80 4652
12 75 4409
48 72 1452
51 54 4446
20 25 4670
15 67 187
12 52 1408
40 50 809
45 58 3275
40 73 3865
42 72 1760
30 90 4446
0 26 2901
31 34 1564
74 92 4209
19 45 2213
28 35 3478
19 71 3149
21 71 4384
45 53 4325
19 50 3002
28 56 234
37 55 607
27 82 4681
15 79 4637
5 59 4225
43 98 20
28 46 2490
43 69 2121
34 59 1247
10 27 1280
27 42 2969
12 86 184
6 98 2271
36 48 1390
0 4 259
29 82 2213
20 70 1409
56 75 2797
9 40 4410
8 82 4218
37 75 3008
40 57 4061
41 90 945
5 28 1451
42 58 1539
28 75 184
60 98 3457
19 39 418
88 89 2693
55 92 4493
9 42 4198
11 89 4486
17 37 4956
20 31 4580
5 30 2244
22 65 4195
11 52 2354
82 98 1307
73 75 2597
9 100 936
63 99 4983
56 66 669
6 39 4436
80 93 2421
27 47 3269
14 25 3976
15 33 2392
65 73 2498
22 74 253
11 20 1486
3 74 717
70 76 2510
8 53 4975
3 97 204
17 94 4549
8 84 2953
78 95 4229
0 14 2521
49 64 1113
63 76 355
15 98 1573
67 95 888
44 84 4281
3 7 3559
47 73 78
23 44 4701
44 87 4786
18 38 1788
52 57 108
9 14 1500
14 90 4539
0 81 1181
12 99 1204
55 68 1959
40 97 4629
78 100 104
19 34 3781
18 52 3404
69 95 1163
70 89 3822
7 95 1095
2 14 4385
80 82 2964
18 100 513
5 90 188
89 91 3117
75 82 3492
50 58 2853
76 92 1148
10 37 4720
15 60 1549
29 44 1339
39 59 2709
38 66 3947
72 97 4881
4 47 672
27 57 3120
9 51 116
3 96 1178
3 29 273
3 10 4748
51 77 109
10 13 552
37 73 4932
83 93 2063
16 22 1701
4 61 2808
22 90 1901
30 73 4837
8 39 4962
3 60 1157
9 80 884
25 94 2807
14 40 3320
34 58 1645
46 69 4400
66 91 513
13 46 763
65 70 1518
42 100 3287
21 88 2909
30 38 3844
45 73 3304
79 83 4211
2 63 4760
68 73 608
6 24 2801
6 51 1103
0 3 1529
66 95 436
25 64 4834
23 69 1926
3 73 56
70 95 4209
27 91 2942
86 98 1543
21 34 3970
18 94 3557
39 87 4371
49 63 1160
5 19 743
18 74 940
4 70 630
61 68 1274
6 54 3095
22 41 2404
49 55 4096
21 47 3967
57 74 4930
24 72 3105
30 66 3734
33 80 3845
37 99 1735
1 59 2902
18 83 1975
19 31 1545
21 93 3153
42 93 4337
44 64 317
36 68 1034
31 51 119
47 74 4399
77 98 1908
26 60 2135
1 21 2463
23 34 719
4 96 4230
2 32 293
38 80 3321
48 68 4414
0 44 2745
2 96 4496
74 93 753
16 69 1258
29 74 4322
37 58 4366
17 48 4078
9 38 4817
35 38 3751
34 37 2600
59 61 1900
21 43 2885
3 69 4721
16 48 1406
14 97 713
20 99 197
44 96 68
11 26 1644
11 24 1036
27 34 3171
46 59 257
68 88 244
0 91 4388
8 49 1997
29 71 3642
46 67 3002
41 97 1418
37 98 2168
7 27 2248
69 73 1687
30 56 3196
31 61 4074
20 47 2770
27 69 865
53 96 3252
4 63 1345
53 91 3336
48 90 3008
8 25 332
17 100 4961
23 45 540
20 44 1086
42 45 2129
79 87 2718
19 38 558
24 61 4308
15 69 1296
84 99 1366
50 100 3821
88 99 4654
28 85 3034
76 96 330
76 78 2937
39 91 1515
0 93 1063
32 81 509
2 12 1504
54 74 4277
32 78 4100
19 94 1486
47 86 1714
38 51 661
56 57 3103
25 69 2884
70 79 1415
8 28 4266
3 93 4091
61 86 4666
23 62 3656
17 24 1543
5 14 688
96 98 2851
42 67 1875
9 41 3792
48 58 3243
63 85 501
74 99 2279
29 38 2377
66 96 1030
59 84 4823
28 92 806
33 44 265
25 100 3664
66 94 2145
46 96 4580
3 55 2494
65 95 4565
24 97 785
13 59 1045
20 75 1527
7 25 2201
49 67 1552
60 62 1110
37 91 2709
2 86 3514
49 75 3844
25 47 1009
9 98 1640
43 71 240
23 67 818
49 52 3380
16 64 1812
2 80 3508
28 32 293
0 39 427
20 36 2082
57 71 914
2 57 3888
48 93 2409
64 91 575
71 77 2774
12 68 3995
7 96 4391
37 77 1826
4 29 415
12 29 3756
64 89 1834
12 88 4998
8 16 2267
6 94 2489
3 94 1721
17 34 3683
6 40 3902
29 50 1870
43 48 4028
12 72 3979
82 88 4718
2 94 1247
72 81 1014
42 96 3924
3 58 343
16 99 2915
52 68 901
1 61 4647
25 99 799
25 40 2832
0 2 2209
80 88 2725
84 97 1036
50 70 1666
1 40 4996
36 88 2335
11 59 2139
5 56 3707
47 81 2135
28 65 2924
51 80 4354
5 98 3180
67 98 3989
22 40 1000
6 81 2148
4 100 1204
11 86 1813
31 47 1988
13 94 1727
83 100 3131
40 53 483
36 58 3974
38 47 1413
29 80 3617
34 62 4407
37 48 668
8 100 914
87 93 3273
65 80 2252
74 79 1658
22 73 4443
58 95 1558
66 71 2409
25 42 724
42 75 682
6 84 3650
52 60 2164
13 79 3563
36 51 2018
45 75 3615
51 94 4128
9 30 4155
22 34 1886
16 23 1051
25 62 82
21 98 1968
21 36 4379
17 83 3295
53 89 3215
1 69 4993
45 66 2797
23 56 4137
55 94 4482
11 68 3259
34 72 3453
19 56 3037
16 71 4947
20 88 3385
62 94 4671
63 86 1895
38 49 4172
30 67 592
34 77 4273
32 58 1173
56 89 2117
46 72 3110
25 44 2092
33 97 1579
41 75 4106
2 18 17
43 61 501
61 75 1259
26 55 2635
89 94 2640
7 67 1289
8 80 3286
31 59 859
52 91 4813
42 57 217
85 97 2177
0 33 3487
89 90 180
58 78 85
8 65 3767
27 77 318
12 57 1157
34 96 3972
19 35 4225
12 90 2866
39 65 1491
69 79 4747
2 24 947
21 99 1465
15 17 1420
39 84 2480
46 64 2325
21 42 3839
45 79 531
79 93 503
44 56 47
11 77 1151
16 21 4307
25 54 2486
10 46 2396
44 58 3726
26 95 2751
7 33 351
14 59 1824
16 67 119
35 51 628
50 76 978
4 31 1914
48 55 3581
14 52 645
26 41 2371
72 88 3028
7 71 2778
55 74 4169
16 80 2635
19 57 3618
5 77 1566
7 39 454
14 64 1783
75 85 3457
18 20 2821
52 92 1503
66 80 3026
47 90 3072
57 95 4798
18 53 63
34 55 410
10 53 3714
41 68 725
27 55 4219
56 84 4820
58 67 4635
34 100 2921
12 37 1528
59 87 3330
14 65 4183
55 58 3066
8 60 4208
58 89 620
31 100 2475
29 90 1336
2 29 4636
73 99 4508
5 80 2603
34 52 3846
32 55 4938
7 60 910
35 87 4326
17 54 2312
55 75 627
44 93 4184
43 78 3386
0 76 4706
14 27 1000
6 83 4527
63 94 278
4 55 1389
19 85 4663
74 90 1943
48 49 4922
6 59 3136
68 76 2013
19 89 730
6 19 2754
19 63 891
54 69 2698
63 92 1364
10 31 3899
28 73 2324
16 28 1798
17 29 3859
25 27 496
21 96 387
68 99 2835
81 82 4578
70 87 4837
49 81 107
23 91 3221
14 15 4137
19 52 2268
10 42 279
13 15 4769
27 87 3408
31 87 3074
12 26 315
61 94 3608
1 51 2953
26 51 4605
48 89 2421
37 59 3637
8 15 1246
35 39 3612
85 88 3370
47 82 1321
58 71 2617
33 84 2589
36 54 3177
53 88 2841
6 41 2844
50 79 3997
11 18 574
9 97 2679
31 57 996
62 66 4912
23 76 4438
38 76 2030
67 82 248
50 64 4981
66 78 682
22 24 3183
63 68 2840
8 81 967
95 100 188
32 64 1251
22 45 374
35 55 3942
49 100 3814
77 90 3098
12 92 1551
43 81 3622
17 53 1449
75 87 4926
53 62 2310
67 90 20
52 53 3886
37 43 349
31 71 1514
41 70 4380
9 89 910
67 84 1199
48 85 3213
54 81 3823
14 94 4506
54 96 403
47 95 3690
52 56 1990
3 33 4280
37 74 3723
9 64 1977
9 73 4638
42 56 1042
37 68 661
24 91 2503
58 72 4062
12 45 4287
14 67 1791
14 43 4763
72 78 1470
2 55 2222
40 41 4543
67 100 57
30 91 3536
10 74 2630
49 54 2218
72 98 1765
70 88 3206
14 54 4873
30 78 483
66 73 1306
6 53 4399
33 78 2055
34 87 756
12 65 1936
38 65 2272
20 73 3101
44 65 952
51 60 3737
8 40 2501
7 73 3640
34 78 2947
45 68 1525
2 97 600
76 80 4051
30 31 2848
6 12 717
17 32 986
15 50 1925
12 49 1467
24 74 3158
51 62 1833
43 60 2645
27 84 3354
86 99 4619
1 89 316
26 69 4646
29 98 3806
8 86 1596
45 62 3566
36 78 4769
71 74 3223
17 31 195
12 84 3457
41 81 4438
72 99 4438
28 51 2203
27 52 3650
11 81 2952
25 31 1600
52 84 2418
69 89 1288
48 98 2415
58 65 2311
57 93 2065
55 100 1085
23 73 178
25 38 3509
32 85 3785
1 91 3528
49 91 3018
53 70 2886
28 78 2264
47 67 2215
9 48 4767
29 96 3464
64 99 2320
6 15 3284
22 100 869
36 85 2748
6 27 3379
54 93 3632
12 15 3662
26 52 2184
57 59 776
35 99 1234
18 95 4086
35 77 4851
20 89 1058
17 26 314
24 29 2962
66 84 2483
74 95 798
35 100 3825
19 99 1593
35 45 3242
70 81 3618
54 87 2309
40 82 91
29 33 3046
58 70 591
18 66 162
64 96 3264
7 66 2190
48 82 2418
41 66 1142
61 73 4561
0 41 2268
1 7 2389
21 69 4953
