1 99 4950
0 16 3192
2 0 2485
3 0 176
4 1 4129
5 0 3811
6 2 597
7 3 3541
8 0 3963
9 5 3880
10 6 2599
11 0 1019
12 8 3116
13 2 4827
14 13 4001
15 3 1271
16 15 4387
17 0 3262
18 16 3534
19 8 3700
20 15 4316
21 10 2912
22 19 4496
23 3 2620
24 7 4662
25 8 977
26 24 3643
27 8 3411
28 22 1187
29 18 3510
30 1 4423
31 11 3768
32 29 3885
33 18 860
34 28 4695
35 4 4988
36 8 4400
37 26 2962
38 20 3730
39 1 610
40 23 3982
41 30 4811
42 24 3847
43 9 4879
44 2 2987
45 28 1074
46 19 3140
47 38 3107
48 25 1326
49 34 788
50 0 3943
51 14 1941
52 47 2308
53 17 3434
54 17 481
55 9 1813
56 35 3665
57 9 4676
58 14 3114
59 14 4934
60 54 4142
61 6 4641
62 45 1494
63 9 1920
64 8 2784
65 24 2801
66 28 3296
67 53 1307
68 62 1460
69 3 4092
70 55 1424
71 55 4532
72 4 4574
73 2 3957
74 5 2887
75 35 2711
76 17 1402
77 60 3293
78 4 1080
79 59 2240
80 29 1590
81 19 4051
82 62 2350
83 66 920
84 67 3594
85 21 355
86 30 1555
87 0 2567
88 56 4362
89 10 559
90 56 3436
91 52 332
92 57 3468
93 58 159
94 0 2789
95 18 893
96 40 443
97 63 4142
98 3 1215
99 0 2551
100 45 2824
5 20 2407
86 88 4364
25 40 3750
14 78 132
78 96 579
11 26 2215
13 55 246
58 80 3673
84 87 4821
14 23 2737
21 76 4561
51 86 708
71 74 4787
7 57 1286
44 95 3665
94 98 3964
18 41 3773
39 75 4993
47 95 2548
30 56 2463
68 75 1389
42 62 1475
29 46 1681
36 95 1016
93 97 776
57 60 2315
41 65 4938
74 86 3167
11 59 1
11 83 2990
56 72 558
65 98 4313
40 90 44
34 85 2127
39 42 3498
34 65 3898
61 64 3204
57 58 3030
74 93 4409
15 23 4380
9 27 383
19 34 170
89 93 1027
9 51 1708
9 80 2037
1 76 4201
19 82 16
35 85 2240
13 86 2428
28 68 980
29 33 4044
31 48 2971
51 63 4915
22 29 2337
10 76 632
18 21 2757
10 41 768
3 44 785
20 89 2707
59 75 483
51 85 614
60 73 3986
27 62 4578
22 26 3109
52 87 493
43 72 21
27 43 58
2 45 781
61 67 299
0 88 2082
1 90 3168
2 32 267
66 92 176
20 62 2842
52 64 4434
50 76 4502
18 31 2517
44 48 723
36 40 4507
25 95 1654
60 81 2063
1 9 1688
63 84 3795
44 61 2051
62 96 1017
27 65 630
8 48 2740
9 44 4526
8 39 2017
36 99 977
26 65 1336
56 68 2718
3 61 4089
15 89 916
23 60 22
32 70 809
0 49 1003
25 86 813
15 17 903
62 99 331
23 80 947
37 67 2309
6 76 1560
47 61 2189
67 83 3010
28 49 4509
16 47 2039
17 30 4453
41 56 3916
20 56 1781
54 89 534
17 42 166
18 46 4692
19 86 2469
18 96 2524
52 73 4825
30 88 4871
42 85 3180
47 78 2752
69 92 875
27 77 3498
34 86 550
77 90 1693
15 60 2406
36 84 1556
41 57 463
53 98 4906
71 76 1650
32 56 38
36 76 866
86 92 3436
10 95 2898
53 95 2046
17 71 795
0 22 3773
33 36 1731
28 59 4102
2 97 3271
5 93 3305
83 88 502
22 23 4345
82 84 2271
26 87 4588
57 61 4686
21 93 266
16 33 4257
47 93 3881
15 100 4465
24 54 1659
28 88 4396
31 53 1418
61 84 2629
27 99 130
87 93 2451
5 14 207
54 80 2477
59 98 4025
2 46 4913
2 43 919
84 96 4118
12 29 2500
44 71 4110
46 54 4055
27 98 4729
60 92 2398
12 64 1889
53 82 1134
17 26 4526
7 20 683
27 91 4612
29 37 4175
9 62 989
16 35 824
26 84 4673
32 51 2796
37 74 2581
21 71 334
10 100 1100
14 55 233
22 80 3299
51 58 966
53 86 3242
16 96 3753
29 55 2061
7 18 4215
47 63 3697
9 74 3754
22 53 2620
12 93 1004
36 69 2276
5 46 1529
52 95 1024
47 100 1796
77 81 4407
28 51 2717
2 9 1950
8 37 1049
29 75 3115
70 77 2461
27 63 3541
86 95 4750
89 92 4664
1 85 1225
24 29 3997
38 88 1677
52 54 3255
11 100 4884
29 83 1079
5 30 3910
10 82 4159
3 11 4049
21 33 74
29 62 827
63 96 1106
44 80 3197
82 94 3545
45 58 666
29 57 2128
41 76 2600
89 100 1667
60 65 2375
13 22 1817
20 59 635
1 66 2003
67 100 4727
5 10 2185
49 82 8
64 85 3593
77 86 1595
36 49 1422
67 96 433
32 88 2329
13 45 985
44 54 1756
1 45 3529
16 99 4303
5 64 2380
7 89 1640
4 73 4625
33 93 2488
1 94 1733
22 75 901
38 41 1172
78 87 2226
41 47 3053
36 96 2885
52 96 4240
34 77 3777
9 88 1099
20 51 3227
30 81 2981
55 82 3192
91 95 3004
76 98 2505
66 93 1683
49 67 2302
16 59 526
8 76 3756
40 89 344
66 77 1895
12 55 21
34 70 2474
10 75 3353
32 96 1561
37 44 4165
80 84 2990
25 69 4604
58 91 555
52 69 2824
24 36 359
48 50 923
36 42 1954
85 89 2336
14 98 2845
57 93 116
1 31 863
33 59 4886
19 35 2924
73 83 805
45 81 390
18 39 3847
52 90 3483
30 66 3811
81 92 2260
62 65 4546
19 90 3711
9 64 4540
8 59 4763
54 96 4814
6 85 2687
32 44 2287
31 74 3573
8 41 1330
1 15 4742
34 69 247
11 17 3838
28 44 1330
18 65 598
50 68 1680
91 92 4009
29 63 3501
43 48 1867
29 71 4969
5 77 3245
34 39 1565
13 66 4686
24 51 4527
24 44 1971
27 75 3905
36 54 3524
21 23 4968
52 97 3191
19 78 4347
43 52 2117
81 98 2955
26 78 4410
19 48 4859
4 30 383
11 68 2916
24 72 46
5 29 2115
28 76 4977
47 69 4288
37 88 97
14 56 942
32 67 1782
1 81 4894
3 27 1106
61 88 2123
0 98 3205
18 57 887
6 99 3732
66 97 3225
35 73 836
7 95 3063
22 91 781
46 71 1763
13 49 3931
24 99 1640
40 77 988
4 62 4636
44 86 915
83 95 1404
94 96 1479
50 71 3500
19 79 3863
7 65 4072
3 57 4047
8 86 3461
10 20 3774
24 70 4716
3 65 3359
66 69 2260
45 54 3255
63 87 3610
26 46 2219
58 82 765
28 30 2119
58 94 3574
19 47 3357
44 84 2794
0 79 1744
18 26 4270
8 20 2746
12 68 4598
53 81 3466
12 96 2122
0 75 2206
23 58 3873
71 96 4847
73 78 2008
22 95 172
22 45 4153
4 58 1260
36 97 3959
40 51 4485
58 65 2196
38 51 1783
45 76 4837
22 59 4374
61 79 1794
18 38 4471
26 63 3731
36 57 2235
44 47 4806
9 77 1451
40 83 4350
8 95 1336
4 44 4408
77 92 2842
20 45 439
2 70 374
16 31 4078
16 80 3740
60 85 4303
7 63 1396
90 96 150
56 58 1212
25 28 450
48 95 2912
13 38 1125
8 97 927
24 37 52
4 74 4093
3 63 2640
24 31 1258
17 81 2636
13 16 4655
37 95 3523
56 81 2888
18 67 1754
56 100 3285
7 93 506
51 81 4893
89 94 4402
33 96 3521
13 97 4662
49 65 3589
0 41 3093
60 88 4345
35 90 3934
15 41 968
6 69 3464
30 94 3676
6 26 4772
58 89 4380
64 73 370
9 68 688
43 67 3276
2 48 901
43 53 1843
9 83 3574
42 74 3526
29 85 1124
30 92 4554
41 89 2490
53 89 2408
47 58 4949
2 75 1600
20 96 4362
22 27 615
20 55 3112
36 58 3778
68 98 2268
40 46 4617
62 90 1656
54 67 1224
51 66 3472
22 83 2533
39 88 3969
23 47 2074
76 97 2021
49 73 1689
0 89 1174
56 94 2522
5 40 3867
4 100 2048
29 52 2996
31 45 2456
34 50 1317
49 90 1162
19 97 3264
0 95 2358
1 80 243
6 32 2659
38 44 3731
28 90 4592
34 94 674
30 32 3022
30 34 1782
25 89 4285
22 81 898
49 54 2770
59 87 1621
17 62 4023
31 49 4567
13 56 585
65 73 80
35 60 317
19 36 1777
55 84 363
9 15 1615
67 91 1859
5 65 3924
38 70 3887
65 69 2050
51 68 1443
31 67 2835
23 90 1886
19 83 3406
54 94 1856
21 65 3558
28 39 3239
73 94 1153
71 86 1315
85 87 918
25 83 4191
47 76 1690
5 19 2859
3 39 2415
86 94 1138
15 70 4209
62 78 3913
18 47 2483
33 60 1765
47 86 3864
2 49 4636
45 77 1131
23 27 843
17 65 2444
28 67 2246
2 69 2074
33 42 1813
24 45 2020
15 69 1
15 55 936
42 49 2585
29 58 2363
41 62 1049
22 46 3784
33 74 770
23 73 4429
40 74 3341
24 73 484
16 66 4007
72 91 3289
33 91 3534
59 61 2961
53 76 4892
71 87 2006
10 73 103
38 56 371
16 62 2559
43 58 245
71 92 3577
59 85 568
0 96 3829
20 21 1942
16 72 2082
39 97 3032
23 38 696
43 54 2881
91 97 836
77 100 90
32 64 3841
56 93 1018
69 86 2805
50 85 1037
59 88 195
78 100 3136
23 39 4071
2 56 2837
11 40 4804
61 62 1624
55 69 2102
16 54 4337
10 70 1351
35 99 259
33 100 2423
30 78 702
76 84 3000
56 87 3696
44 49 4380
16 68 1767
28 37 1090
53 78 4179
27 57 1023
16 25 4284
42 69 2157
3 21 177
38 69 2581
8 72 2084
36 70 4502
7 70 3690
10 37 4983
31 88 2868
1 23 3738
18 76 3759
3 78 196
32 76 126
13 41 2940
49 94 2652
81 95 3033
8 61 4686
49 99 2069
3 90 3641
22 94 2217
85 88 4937
22 76 3792
16 64 941
15 19 3403
39 46 891
5 37 4498
55 89 3100
40 97 170
10 78 1706
77 80 3574
59 86 1622
31 84 652
13 40 4926
34 59 3733
61 90 3104
33 65 365
11 32 4261
68 91 2299
30 33 360
22 93 2067
25 76 4255
14 85 2051
57 89 2837
49 59 2658
13 23 4760
76 80 1228
2 100 1059
71 77 1223
50 82 2028
35 63 2541
71 100 4773
5 89 2411
46 82 3292
32 93 1006
5 96 4298
48 55 1569
49 57 4625
68 90 1249
11 55 4799
60 95 862
49 79 662
0 74 1338
11 54 877
15 82 2481
4 33 3964
17 99 2747
42 61 4965
2 25 2929
10 81 3061
26 40 4514
9 36 2329
31 57 2023
66 70 2105
6 71 3886
21 59 4906
30 73 3205
60 90 1004
29 97 3347
30 90 2496
21 70 4717
8 93 159
61 85 208
6 58 958
37 58 2289
72 76 2628
43 47 3715
46 89 875
52 59 4627
28 92 3489
33 57 3204
51 94 2335
23 25 2529
38 85 2354
46 92 2942
67 80 1948
34 83 2824
56 84 1637
20 66 1838
8 56 861
17 31 189
47 49 288
29 50 2997
9 71 3252
12 56 1896
12 24 112
68 89 2583
11 16 4042
39 71 453
37 48 3467
76 100 4939
29 60 3684
51 91 1908
19 85 496
35 89 4545
2 3 4704
3 31 3220
48 94 935
41 91 3808
37 83 3250
26 30 2060
83 86 384
3 53 3886
53 72 4088
56 76 3910
48 62 4641
15 77 3066
47 67 254
20 52 459
41 82 1593
4 82 4168
30 67 752
82 100 1010
74 78 3114
25 60 402
42 92 723
9 67 3547
31 80 3470
9 98 2202
36 50 3847
24 79 4334
1 89 88
13 33 4502
75 82 4965
17 29 4809
21 91 1516
37 77 4699
13 30 4588
63 89 1679
52 65 740
6 35 3110
37 59 4594
7 62 3335
98 100 3960
76 86 3579
42 59 3440
64 98 4911
24 94 4310
29 49 1982
11 99 2432
0 91 3415
3 62 883
26 55 252
63 98 1604
0 32 723
34 71 4363
79 81 886
78 91 3162
2 79 3131
17 49 939
18 45 1761
21 25 4580
31 86 2311
10 49 2995
15 44 2472
32 55 4029
20 60 2329
51 60 3677
16 42 3834
11 94 2805
72 78 1193
2 91 3315
15 74 4688
38 45 3760
39 78 1979
63 65 166
28 85 1366
34 42 1706
75 78 4515
28 33 1813
75 98 4616
35 42 1212
54 88 2936
3 16 2872
76 77 187
19 93 2618
44 68 1526
36 81 3872
17 100 3543
16 50 1076
44 92 379
51 77 4966
19 39 752
20 85 2982
28 81 4497
19 53 3594
3 91 4037
26 82 4946
38 66 1920
22 61 1076
41 60 3725
67 79 4353
61 93 3712
34 92 2007
12 43 2703
14 87 2192
80 85 930
21 97 4547
78 99 2290
34 75 2429
16 32 4311
5 18 1598
69 89 257
59 67 3224
19 40 3971
28 42 4834
80 90 1488
57 65 927
5 71 1056
14 34 4997
8 81 4741
3 46 1710
44 94 3366
49 78 567
11 56 19
25 53 957
21 92 3185
28 62 4921
7 87 4684
60 64 4052
15 53 2292
13 89 2918
20 35 4099
24 62 2472
9 59 3395
29 77 65
3 96 3075
30 45 3835
2 55 210
24 98 756
10 86 2229
74 83 2217
15 97 3578
10 38 320
32 58 3861
22 92 2499
30 37 2988
80 98 1436
9 24 3825
39 89 4964
8 88 4804
44 82 2158
16 49 2288
45 99 1944
20 43 112
34 90 1425
15 76 1818
49 98 4580
2 99 3507
42 89 1083
40 82 3981
38 75 2064
12 70 2921
54 66 1665
46 80 157
25 87 4257
48 77 142
16 26 3131
36 100 516
5 82 4006
13 61 376
52 62 443
6 25 3834
17 91 983
26 51 2176
15 92 569
44 73 4297
33 71 3690
12 97 1929
57 87 4234
32 60 2737
32 81 3359
65 80 1220
1 58 4797
46 76 382
46 55 3934
73 95 4581
6 74 4419
94 95 4631
53 85 3137
24 100 2323
17 57 2390
85 96 2167
21 48 1880
61 81 4610
2 18 4823
18 37 4369
57 73 2292
13 15 68
26 85 2024
25 100 4836
39 68 730
9 52 3980
4 98 4918
30 52 3388
18 32 1850
53 62 4966
26 95 1286
12 58 1466
6 48 678
63 91 4773
56 91 2228
51 88 3016
27 47 3760
31 34 3159
11 78 3103
85 90 2520
16 53 3103
70 75 4337
77 97 1053
29 53 3643
26 91 4761
2 82 2420
51 73 4175
39 72 2919
9 23 3637
38 87 3094
70 84 4883
93 94 1887
52 78 1447
59 90 3407
5 49 2751
7 25 923
2 40 2067
23 86 2336
50 81 153
12 51 3482
54 84 1701
27 61 2029
24 38 2926
57 66 1821
25 29 3993
43 50 3773
15 79 2723
22 55 826
48 90 5
29 72 1830
11 18 111
8 91 1646
41 95 3182
35 77 3206
38 59 3531
2 64 4898
8 17 2681
39 62 2606
37 98 813
26 90 64
44 69 4423
50 84 2479
13 69 1053
17 88 2469
16 79 2684
50 69 4312
20 68 1126
31 63 4895
17 35 1457
7 27 2831
6 7 298
6 37 3767
12 57 1366
16 94 1734
34 46 1407
60 82 3327
13 65 2663
83 84 4582
0 14 1909
14 67 729
10 54 4263
16 44 126
5 26 1944
6 78 547
8 24 2862
14 38 4424
57 83 4461
8 23 3141
11 14 1265
2 85 3940
70 94 2126
23 71 2824
5 98 4977
50 96 2775
57 90 3541
26 61 1195
3 99 1988
70 89 4349
65 100 1243
28 52 1012
15 71 42
75 89 2425
8 77 1061
14 39 2311
31 92 3587
8 67 2010
47 73 1810
25 88 2575
44 83 3841
70 88 4050
57 98 4081
9 29 2588
11 72 3916
14 74 382
40 69 298
42 97 752
49 86 149
12 49 3307
18 54 2284
12 76 1016
22 73 3052
49 56 4397
4 92 3916
40 92 4713
45 74 1729
25 79 4212
11 92 1916
94 99 1413
20 25 3734
11 30 2344
3 17 3078
3 5 967
26 29 3789
78 89 3057
59 70 2942
33 48 2150
19 54 3136
34 51 4100
34 47 4220
53 63 2489
80 83 3812
50 54 1356
66 67 2135
33 44 937
40 45 4550
16 20 4215
54 72 2185
25 31 2724
18 64 3779
17 52 1807
68 95 2904
61 89 1620
63 74 2895
11 37 1927
2 11 4858
17 37 3185
62 97 3064
81 97 296
11 65 4086
35 51 2791
17 46 3592
47 82 3397
40 63 3820
87 89 4902
50 61 3272
20 44 205
6 100 3239
70 98 2912
65 91 644
62 98 2227
41 86 4941
58 73 969
8 73 3425
23 50 3919
96 98 244
5 80 692
29 95 4173
68 96 1169
32 87 1746
15 94 3814
13 18 4104
38 97 2169
3 64 1871
61 73 4075
0 19 2394
36 56 240
77 89 2296
22 38 4558
15 90 1547
29 79 4520
30 60 2164
18 92 3814
3 45 4760
32 47 472
33 75 740
7 21 4725
90 94 1803
3 4 2611
74 85 553
55 81 168
12 16 3737
45 71 32
51 61 3487
9 60 1315
7 72 4082
11 63 2529
38 50 4952
67 76 3127
18 51 3676
38 100 1690
44 97 1915
64 82 1572
21 63 3293
9 65 411
28 29 4747
4 59 2799
49 97 2658
17 68 2426
55 85 1194
0 57 1417
58 61 3969
64 69 3126
45 57 347
53 64 4959
25 33 3266
32 52 4207
54 86 4405
6 36 4798
3 93 3715
86 93 1463
49 74 4450
68 81 4772
29 30 384
23 87 2576
39 43 1199
33 66 1200
2 35 2582
51 57 4738
13 46 2575
47 90 2737
16 89 2477
66 95 137
27 59 2022
68 86 315
67 72 4176
7 9 3938
6 40 3701
83 96 906
46 91 4515
79 99 852
24 93 4128
23 45 3495
39 56 2137
1 70 2147
18 86 1230
18 81 2399
75 85 448
10 45 4680
34 41 987
37 92 4593
16 78 2497
31 96 1858
0 18 2639
35 48 1068
42 71 4697
53 68 1905
11 24 4608
68 97 2334
41 68 3706
13 36 1710
56 61 4163
90 100 262
54 77 1135
5 43 1129
24 49 4162
18 98 461
13 85 2439
11 88 2405
27 89 3189
86 90 76
40 70 4667
16 24 1468
0 12 3693
39 51 4712
14 43 2352
58 85 2178
2 68 2095
5 85 4123
49 62 2909
13 59 4096
23 32 1456
9 96 4425
34 36 1956
24 46 2073
2 95 4173
73 88 3275
64 86 1946
8 28 3599
59 78 1803
32 72 4670
51 74 481
32 75 4395
24 92 2277
44 72 1829
78 86 779
56 65 3758
0 35 534
97 100 1148
92 98 3908
20 31 2137
38 68 2192
53 92 4540
75 92 595
59 99 2246
22 62 1366
33 95 2731
47 54 660
48 99 238
36 63 1015
53 57 4364
24 64 795
17 32 1994
40 81 4817
17 85 3797
6 45 3742
47 57 4000
14 40 4659
2 37 172
15 59 1157
81 86 551
47 62 1591
16 36 848
33 47 2853
3 33 4132
12 83 734
29 54 2867
32 73 1820
68 71 3597
45 92 3181
56 86 1369
50 56 3778
38 73 4935
19 74 820
11 66 903
33 73 1596
42 46 1989
14 62 4896
85 91 3769
74 89 788
5 56 4504
10 51 338
55 97 3741
50 67 4955
12 69 1578
10 69 2621
29 43 701
78 81 3173
18 63 4543
17 45 3517
49 60 3035
65 92 2257
35 96 4492
95 98 1725
67 78 3246
1 95 910
39 70 3000
11 90 4728
38 52 3809
3 94 2606
4 66 2474
17 23 3679
58 97 3304
0 86 696
44 78 387
11 12 1497
7 59 1504
16 67 3691
67 92 1615
37 57 1290
10 24 157
3 56 946
1 97 844
87 96 2578
19 38 288
23 51 1950
87 90 3879
41 100 361
57 94 4086
20 93 556
0 83 1782
17 77 209
25 42 1935
9 72 3201
37 76 3987
53 79 4276
19 62 2782
4 31 2229
45 63 4421
68 87 202
10 88 3461
33 94 4020
22 33 2446
5 15 4874
2 29 2738
35 97 1214
55 57 2333
2 17 1365
33 80 3829
6 54 2881
37 49 3400
12 78 4835
14 89 909
53 61 4957
17 82 1739
55 88 1036
40 54 900
37 53 1612
20 84 1574
10 79 2002
61 95 3574
2 67 4137
84 89 3048
23 24 2331
0 37 115
27 93 4532
38 39 1571
23 69 4461
62 81 4004
24 48 1122
4 83 534
53 70 2425
8 75 131
63 64 2202
8 35 4011
19 49 2624
0 66 4828
51 98 543
11 73 656
63 72 1211
11 74 2280
14 25 4672
5 11 3620
68 88 3090
44 96 796
97 98 1497
98 99 3733
15 96 4514
53 80 3475
45 90 1985
43 70 3854
6 34 3265
42 90 1069
9 91 1166
43 69 4938
23 30 3854
57 91 1300
5 63 4482
2 4 3226
10 53 4258
22 87 4802
63 68 1657
30 39 2605
76 94 4232
29 40 563
19 73 681
7 48 3353
4 5 2805
9 100 1693
28 72 997
17 41 2029
19 23 2627
12 27 2353
12 98 2612
40 61 3725
36 74 1558
15 48 1767
20 58 2782
8 50 3425
37 42 3140
26 47 4706
46 49 3799
6 63 2998
58 84 979
26 89 740
12 89 1962
22 36 4131
30 93 3455
65 88 3924
17 40 4909
13 24 3044
89 90 2011
13 78 339
7 19 4631
55 63 2236
18 28 2974
38 58 3647
6 52 1495
9 22 61
13 58 4796
28 46 4484
67 93 3857
83 85 2356
64 65 433
43 77 3059
31 89 4280
49 58 201
60 74 118
41 72 2757
54 64 1523
3 30 3316
6 66 4135
14 15 4525
21 94 4524
9 93 94
11 95 2170
58 74 3637
53 97 2726
37 43 4146
54 93 990
10 22 109
13 63 275
43 82 1598
57 72 4956
45 68 1589
60 79 4562
30 62 4246
58 75 3938
27 78 3243
61 100 3560
16 22 4053
16 29 3861
11 13 3984
62 75 3754
18 94 947
37 54 4862
25 43 2410
21 89 2228
55 94 4843
54 90 271
69 76 665
61 66 308
27 92 587
91 94 1713
35 87 833
51 55 77
50 74 4541
70 86 399
17 78 1568
37 39 1980
46 81 1399
55 61 3625
20 30 165
63 81 1506
27 74 943
49 83 2996
3 85 3328
2 31 3395
1 52 3783
83 97 4843
47 70 4506
40 87 2618
50 53 4223
14 17 4956
10 96 3602
39 90 2707
27 54 4133
50 60 1673
46 70 1604
33 40 4360
48 84 3118
89 95 4423
17 94 3441
27 34 3509
47 55 1379
42 96 4169
65 67 282
55 95 4793
49 71 3042
20 49 4341
1 82 3588
18 77 3718
22 35 3447
54 73 3587
16 83 4316
33 87 1526
34 54 3297
63 76 4571
5 73 1234
59 82 4101
37 69 522
25 74 2097
62 71 3173
30 51 2425
23 81 352
72 73 1465
45 85 3526
6 9 134
9 81 1019
10 98 2321
58 99 4186
4 64 4074
68 99 2683
83 94 1717
1 100 1447
73 90 2820
45 93 3103
59 66 3258
44 65 4382
20 33 2102
39 66 2703
3 12 2774
18 79 570
24 58 4939
12 47 2804
45 67 1276
7 39 1076
14 79 3680
57 75 1692
48 64 798
77 91 978
12 92 4281
70 90 222
19 45 548
49 51 3792
30 58 1139
26 66 3264
39 92 4671
0 21 4378
38 80 4637
7 10 1877
1 68 648
19 96 3489
4 43 2734
57 85 317
38 43 3936
69 96 3342
36 52 1606
68 77 4654
48 79 2228
8 14 2283
32 89 1722
20 39 2355
53 73 3352
32 71 3172
46 83 4912
33 78 539
23 77 1865
69 84 4086
20 53 2312
3 25 78
19 64 1675
12 23 2182
46 90 1642
55 62 3168
61 75 2174
12 61 3817
12 20 4873
35 70 3698
11 46 1286
28 36 4713
50 94 4239
15 83 2031
62 89 4898
52 92 317
17 60 667
47 99 980
28 97 3189
12 32 3409
35 83 659
4 57 4593
64 88 731
45 79 4108
19 27 310
42 73 3804
9 69 565
20 29 2346
29 91 3691
10 55 747
22 68 4760
20 41 4939
64 84 2861
48 82 3577
23 41 4764
0 30 3568
57 82 4307
88 97 3149
17 28 4928
10 56 3553
31 55 965
25 51 2446
20 22 570
5 99 2853
35 82 4768
76 85 101
52 63 3732
38 83 4724
43 87 158
85 94 1497
44 91 4283
19 88 1855
74 100 251
94 97 1088
23 67 3453
36 89 1706
5 51 946
17 64 2686
14 72 4089
16 97 1761
28 32 4164
59 83 1357
12 31 4553
9 18 3264
81 89 4280
6 12 247
7 78 1665
73 84 3824
5 66 3963
6 80 759
4 10 43
11 86 3492
53 96 2046
79 93 518
3 81 1254
3 14 717
1 10 3298
34 43 1419
44 57 4667
44 99 1066
76 99 2203
22 31 1310
28 80 3871
13 77 4948
16 39 2081
9 50 240
26 98 421
18 42 2156
54 95 71
26 97 4924
34 40 4468
59 62 4738
4 91 1499
8 65 3652
72 93 1401
42 70 4743
3 50 3931
45 78 322
8 87 1801
22 57 4525
62 77 4283
24 78 558
42 56 2701
11 28 579
3 82 74
1 79 2803
21 78 753
33 72 1474
13 80 4360
65 83 1375
30 96 3386
5 16 4366
93 96 2053
73 97 2478
44 89 2662
1 67 1737
11 89 3529
15 64 946
9 99 1453
62 88 1090
39 74 4345
0 34 2352
4 39 1091
29 96 806
60 91 1026
31 99 1712
4 46 4828
34 60 2519
44 50 171
86 96 547
14 19 558
44 87 3623
87 98 671
50 72 2288
88 91 3011
34 48 797
18 97 988
13 27 1102
4 88 901
77 94 3171
26 70 4984
27 49 2207
72 80 4376
82 98 315
44 93 4477
9 54 1406
96 100 2481
34 38 3249
86 89 632
34 67 1894
77 99 4088
21 98 1576
28 53 1410
79 82 2823
15 81 4677
70 97 4884
0 48 2254
4 25 3428
17 24 2703
10 43 1083
26 96 1956
18 100 1181
8 10 3666
17 79 3238
9 47 2425
47 97 1272
55 86 4098
87 97 1874
23 88 4277
71 85 721
25 36 1075
12 25 2693
74 92 2563
53 99 203
28 47 658
7 17 2301
36 44 3424
28 64 3795
3 8 3501
54 69 1537
23 76 1341
55 64 2279
32 85 521
18 53 246
1 8 1852
32 78 2206
4 21 858
21 36 2193
0 43 3008
25 58 415
66 98 3420
90 92 963
49 77 1068
88 98 3032
64 93 3079
15 85 230
34 96 4904
16 74 4511
10 30 2281
43 80 2539
13 81 2292
13 99 928
24 56 585
29 42 1441
28 65 658
12 40 2615
38 82 1553
32 49 4124
5 45 1141
25 90 3238
8 70 3486
1 44 30
80 81 3929
29 87 4382
17 74 3524
0 15 1888
17 25 2156
73 80 3503
16 41 3062
51 89 2142
44 58 2818
27 37 2066
33 61 2922
35 76 4207
9 46 2444
76 83 887
72 100 3651
72 79 3874
56 57 3825
29 51 313
50 73 3702
42 100 3396
65 89 385
16 46 1784
50 95 4696
30 71 1726
0 80 3098
91 100 4944
21 82 165
48 67 141
59 68 986
3 60 2935
41 97 467
7 53 3269
30 74 277
50 57 2836
91 93 3031
4 7 3948
34 62 2
80 93 4062
6 64 754
16 65 205
0 26 4398
3 9 1998
14 45 4223
27 73 3550
7 100 3244
48 71 3601
34 97 4250
76 90 4824
17 80 4028
10 87 3762
15 28 3873
6 95 4450
3 51 3368
23 54 3219
3 92 2016
27 51 3044
30 54 1988
1 84 39
3 34 2692
15 95 4262
70 79 311
56 79 3458
53 84 3314
24 40 3670
2 98 4445
40 49 1638
40 76 1511
8 45 2249
8 18 3816
7 82 3207
5 78 3917
25 61 4041
21 50 2859
29 74 434
15 36 4178
47 72 4222
14 42 1401
42 86 3418
50 70 2546
48 58 1208
64 89 2276
35 59 2774
16 92 1769
10 23 2772
11 19 4861
22 98 2279
16 48 2628
0 77 4056
38 54 2446
5 68 757
1 73 3022
3 83 4216
38 53 402
69 77 1895
46 66 1853
72 90 344
26 77 835
27 67 3412
58 95 4469
1 12 1581
43 93 1798
2 21 760
21 34 4966
24 87 817
48 49 1500
65 93 2358
33 34 3861
34 56 3262
23 66 2930
2 96 3669
14 54 4292
23 92 3428
69 75 4301
27 50 1107
28 58 928
5 79 3065
16 40 1103
23 46 3331
53 59 3120
36 37 4871
2 22 4190
33 54 42
7 75 2278
67 99 1675
23 75 1219
37 85 1450
33 97 1480
61 92 4454
56 83 2825
1 63 1236
66 82 1366
91 99 4009
3 95 3250
23 36 2165
18 44 1362
22 85 560
39 91 3809
13 21 386
41 75 4223
70 87 818
15 18 3432
46 86 4974
32 45 1776
41 51 3779
78 90 2443
7 16 2921
38 84 2089
37 51 498
5 25 3972
20 88 4704
12 81 4411
43 64 599
12 41 4438
31 75 1019
42 75 4671
9 14 922
17 70 1944
15 32 592
72 74 2122
20 48 2368
82 85 1925
14 76 57
16 52 2274
34 45 4525
19 61 80
15 84 3035
73 76 3794
1 32 1130
4 61 3316
77 79 550
15 27 1082
14 18 2551
30 87 2943
77 95 714
19 63 3888
11 98 2720
38 67 957
5 53 4192
5 100 3896
41 74 3843
53 71 1750
26 93 3947
19 50 4708
44 77 4059
41 49 4742
21 24 1034
34 99 2303
6 15 3303
19 66 3223
25 71 2513
35 61 4885
31 47 1804
30 42 2248
13 84 2341
5 24 2143
86 91 2614
15 67 3706
39 52 3331
29 86 601
27 35 3811
8 82 3997
7 73 4854
1 86 2522
71 80 4158
12 22 3661
88 100 652
54 55 908
1 22 2774
61 83 2373
0 42 135
84 85 1885
1 51 2294
42 91 1765
53 75 1310
10 99 4114
37 100 3377
4 71 1828
21 87 869
64 91 1969
11 71 3377
71 83 3127
53 91 871
46 63 3746
4 9 3030
51 99 1470
6 31 3814
0 36 898
53 65 3815
33 86 3391
20 32 2231
28 57 3740
10 39 2600
68 92 2240
8 85 1210
92 96 432
72 94 1639
21 39 2168
26 86 2390
1 93 2922
16 27 3536
1 19 1917
37 71 146
39 65 774
2 38 1995
30 76 4413
54 56 3831
18 83 2631
37 52 646
20 78 3696
73 89 1371
50 77 3822
28 48 1708
34 78 4119
45 82 701
3 100 2823
52 60 1009
9 79 1459
3 10 2985
53 77 2913
66 75 3044
1 50 101
15 38 812
1 5 1269
46 74 1849
44 66 2372
6 79 2824
14 50 4217
20 40 3505
10 17 733
50 93 938
9 95 4241
2 78 4025
69 83 2540
31 71 366
83 98 1408
0 90 1446
48 60 753
22 54 3643
42 80 3082
25 56 3516
39 48 3360
6 89 3708
22 44 2462
3 86 4595
43 90 4201
45 59 4232
59 94 1184
67 85 2789
59 97 256
35 84 3600
61 78 34
33 84 2499
9 31 3874
49 81 665
45 46 3309
14 49 812
26 59 4078
10 64 1409
66 68 3811
20 92 1247
68 70 4172
51 72 3655
86 98 1488
11 49 4420
37 40 2022
6 97 3771
23 26 4408
21 28 3551
42 78 659
14 90 4058
36 60 1003
63 85 479
43 55 1642
72 87 497
55 92 464
47 64 4203
24 30 2303
4 16 2654
39 81 807
14 22 2380
39 59 444
11 96 4463
42 65 1808
77 82 904
33 81 2419
76 79 4339
46 100 3629
14 83 1316
14 99 1053
49 87 1807
62 94 3889
23 37 2949
20 86 1477
38 77 1816
85 86 3771
22 32 3697
15 87 176
45 83 1248
39 86 560
38 99 799
10 36 3279
83 90 255
36 66 1168
47 81 959
45 97 1743
5 61 3048
40 53 4996
37 96 3849
63 100 1861
10 58 188
62 83 4189
7 50 3992
64 75 4529
60 63 3229
74 98 3634
34 55 3698
56 82 4916
6 44 1121
56 71 2991
41 61 2186
31 68 4759
0 84 3086
26 88 1841
10 92 1132
74 91 500
36 71 3491
10 46 4684
21 58 35
77 85 3485
33 64 2645
22 41 280
55 100 4305
7 60 234
28 55 4859
7 45 2737
34 57 560
13 79 1831
10 84 1541
21 22 1719
64 92 4467
13 54 272
32 69 385
81 83 3122
82 96 1135
19 59 1556
66 73 4608
58 88 3832
8 33 4377
35 44 1579
17 55 3930
51 62 3354
29 93 1736
95 99 1425
15 26 739
40 66 165
56 66 987
19 69 762
1 47 1502
18 24 181
32 97 149
9 19 3745
7 31 3892
75 87 4540
79 88 2109
22 97 911
6 19 3317
29 82 4178
11 20 2282
20 50 3802
4 24 4897
55 90 3990
35 49 2280
48 61 4620
67 94 682
70 95 412
82 93 4937
13 39 3959
46 69 2294
60 86 500
11 62 4677
37 78 1959
58 66 847
41 73 3936
75 93 4741
66 87 2343
66 80 1593
0 69 2322
35 36 2529
11 61 554
1 6 119
37 50 1659
25 81 4538
13 60 415
58 96 2253
53 94 4477
8 74 2947
19 58 3267
63 82 3951
3 43 3809
7 99 4071
25 38 248
18 23 4678
26 74 1723
75 79 633
58 68 1067
14 37 4883
13 51 2917
16 17 2795
36 80 2258
1 29 2103
56 95 4625
33 82 1324
3 87 1286
0 10 1871
45 86 4753
12 94 3801
31 82 4924
25 57 4991
11 15 3053
14 88 929
26 57 663
50 63 3530
0 100 4843
34 63 3610
74 82 510
27 94 3227
0 28 4870
7 79 2917
80 86 639
14 69 496
69 88 1917
1 49 4175
8 89 1849
47 56 1818
8 51 4692
16 71 2185
30 53 3298
16 51 1349
29 59 3246
32 39 1120
12 38 2711
48 100 3064
56 99 4165
5 36 2561
14 16 3966
72 75 2100
17 75 2975
32 98 4363
18 80 3149
55 91 2493
9 30 3374
21 86 717
86 87 4083
10 52 2793
46 85 827
2 23 4207
51 90 2804
26 35 2709
60 66 1725
58 62 3374
27 76 3795
26 50 4578
43 65 1908
57 96 3566
54 99 901
8 66 1297
63 71 3998
72 82 81
10 11 1648
24 68 1767
12 46 3477
26 76 2397
35 65 1978
24 71 1666
19 41 4205
49 68 2214
17 83 4524
15 24 384
21 68 1069
42 44 2765
17 21 2717
17 20 3476
59 91 1822
22 86 1189
30 47 2893
63 75 1290
4 89 82
16 69 333
38 55 566
22 84 4103
41 52 4636
27 68 228
48 54 2975
11 45 361
45 55 34
55 66 3563
35 81 1232
8 55 2110
57 88 4352
82 87 3437
17 98 68
51 59 541
54 63 4907
70 99 2730
30 40 4736
41 83 2829
13 29 2939
3 13 3381
44 98 2161
91 96 757
0 72 2147
3 26 4436
24 88 693
5 21 4168
31 95 769
60 84 4575
28 95 4642
51 83 1762
35 88 4605
42 68 4218
14 75 1431
38 74 1887
4 41 2438
7 49 4953
49 80 4999
18 43 2438
73 82 2151
30 77 3592
18 61 3083
37 93 2015
34 84 4794
33 56 4309
67 86 3726
2 54 2603
40 43 4697
3 77 2417
40 42 862
25 68 705
27 55 2625
12 15 1743
53 87 362
40 86 783
60 76 3449
0 61 2143
29 90 790
25 54 2675
1 18 2020
51 84 1825
10 29 1382
12 90 1662
43 45 2047
15 22 3692
36 91 2642
10 68 3290
0 4 1793
51 100 1431
77 87 45
83 99 2147
32 79 2939
5 94 1839
0 31 2727
48 89 3499
27 84 2594
79 100 202
2 88 1189
60 67 2536
37 64 974
58 70 669
20 80 4551
50 58 1270
47 51 204
5 92 81
66 90 2369
20 98 220
15 52 1570
28 50 2811
7 28 1755
41 54 3724
0 64 261
52 100 3405
22 100 2826
73 91 3350
36 48 2478
38 72 1283
19 71 4758
25 47 1334
29 69 1846
26 69 4585
76 78 449
56 85 1432
31 91 3371
48 86 3574
33 88 4662
16 58 2838
10 83 583
23 91 658
31 93 2097
27 48 3158
1 42 3628
26 53 2387
55 93 1888
21 64 996
2 58 4484
48 98 2998
38 62 1143
10 14 1247
34 80 2842
1 11 2510
7 44 2533
38 95 249
5 76 183
26 31 4899
29 100 2108
16 84 905
26 80 668
30 36 2003
24 34 2600
94 100 2497
24 39 2197
24 84 94
17 43 3444
8 16 3107
55 65 2927
6 98 1104
74 77 4760
36 67 1958
9 13 4864
35 62 576
21 66 4716
46 57 3103
23 97 963
63 78 2840
24 97 2701
57 74 817
34 52 4684
19 20 2672
11 70 2972
33 50 3935
22 63 2654
35 50 221
30 50 968
16 19 2792
28 40 770
14 81 1210
35 41 1766
74 97 3142
26 34 1179
28 91 2147
8 78 3873
27 56 1843
15 35 4928
24 75 4975
76 95 4533
20 71 1894
25 73 2817
7 26 2514
40 64 4553
76 88 3443
64 100 4848
21 57 3525
39 84 770
50 62 3510
66 79 2113
41 63 1204
30 49 2153
73 85 2217
37 65 417
75 81 1968
63 69 1870
28 82 3568
15 78 4926
47 65 3487
26 67 1159
27 82 3027
28 100 4296
4 28 714
59 65 271
50 97 1473
17 34 708
25 52 4336
1 83 2918
37 41 1052
21 30 2525
40 91 3269
44 60 716
78 80 1957
37 73 4928
11 87 4684
69 73 2173
12 14 2302
37 91 3988
52 57 3569
24 91 3607
70 96 1333
65 72 1558
0 56 3654
60 87 4440
32 63 4382
10 12 2353
84 90 2715
50 80 141
27 95 628
3 97 1116
0 97 1506
2 14 899
20 95 3609
50 86 2437
13 98 1536
40 84 797
44 81 664
36 55 2228
58 71 1063
34 82 1488
5 52 1982
10 33 2180
7 56 1035
21 32 3030
31 65 1391
55 72 1931
43 51 1630
8 58 2082
69 70 3765
9 34 1578
29 39 2861
69 85 2759
12 82 2006
78 95 625
8 44 344
0 62 1132
14 94 893
36 68 2457
87 95 2430
46 87 3086
5 62 4257
64 74 4118
39 79 496
31 37 2247
70 74 1138
26 43 1707
84 99 2285
64 96 3358
8 31 1696
46 78 1753
26 39 1063
31 61 3224
5 32 2619
1 24 4926
27 53 3888
69 71 4241
18 22 2146
46 67 4179
91 98 4047
45 96 4136
28 35 2284
67 89 967
19 29 2260
30 70 3166
81 87 3115
48 91 1846
89 97 1169
12 72 540
6 70 299
30 46 3841
12 91 1323
27 38 3992
6 43 3984
13 90 1034
22 82 2603
18 34 3287
25 64 2184
2 63 2175
5 57 4089
9 25 1097
62 66 4233
23 98 3637
1 14 3063
7 98 170
7 85 3665
23 49 1918
49 72 1883
56 78 4332
46 72 266
36 51 1723
72 77 3634
6 75 762
28 78 2672
9 26 456
36 41 4189
75 95 527
61 97 3108
35 40 1222
77 84 2712
46 52 3661
9 10 2735
8 100 10
84 100 3812
23 89 3788
14 52 1966
36 61 3547
64 78 2088
68 72 3388
51 82 2593
40 55 3003
47 75 4176
52 85 1506
19 80 1538
7 80 2598
15 62 1341
9 58 696
81 88 2303
20 100 983
65 85 2149
9 89 177
53 60 4487
29 36 4009
55 58 2676
14 96 627
30 61 3108
22 79 3768
40 48 823
54 82 1053
68 82 4219
40 94 2294
19 77 4800
9 86 875
62 95 2032
0 39 3456
16 87 2909
13 34 3858
44 76 2617
42 57 1153
21 100 1783
26 45 194
0 58 837
7 42 1335
30 48 2192
0 93 2328
11 42 3256
9 75 2256
6 11 1328
69 74 70
74 87 4348
67 77 2787
23 79 980
84 95 265
12 66 4255
23 64 3071
61 69 4404
81 94 2391
10 32 4299
4 67 536
7 12 4612
21 99 1760
51 67 791
53 88 3040
5 44 2469
52 67 747
52 93 2057
5 58 3457
21 72 3259
31 72 1839
78 98 4710
18 74 3992
66 99 160
25 62 3712
79 85 222
25 32 621
68 93 266
21 55 1031
6 65 4592
11 38 2113
9 11 3261
31 66 1278
46 84 763
28 77 2932
29 44 2086
80 92 4156
19 57 4007
36 46 237
46 50 1266
29 73 4638
9 66 3706
34 88 3416
19 91 662
62 72 2622
4 27 4066
4 15 1754
22 24 1278
12 65 801
19 25 4661
22 56 2753
5 27 657
49 66 4191
62 87 546
10 42 2244
12 67 4630
13 53 1057
12 37 1794
50 88 1459
23 55 4293
29 38 461
14 21 2962
51 56 1883
49 92 3438
41 43 3208
69 93 446
1 28 116
4 51 3389
36 47 1402
32 90 2284
1 69 3391
35 72 3379
24 60 3608
45 72 225
35 54 1748
27 72 4542
13 42 1051
10 91 276
12 84 3007
0 45 2564
31 78 4501
51 69 2321
43 85 3807
13 26 4895
12 45 687
5 17 4259
65 87 1564
0 71 3087
13 35 884
27 66 2531
65 84 4105
24 28 4526
92 93 2735
14 20 2371
48 93 3301
41 85 4033
68 78 3381
1 46 4574
37 61 1308
37 38 2889
28 96 2673
5 47 4541
28 71 4323
8 46 4635
46 51 2732
66 94 1731
7 14 3083
7 81 2594
18 62 4637
67 97 4998
39 40 1663
18 58 2746
34 72 3482
18 27 3604
12 28 2592
32 36 2130
52 83 264
3 72 4230
12 86 2649
27 88 4756
40 62 3193
12 100 1194
34 95 1601
42 72 534
1 96 4589
26 68 771
74 80 430
33 62 1791
46 68 4975
66 78 4281
49 84 3844
28 31 4381
24 81 3270
47 68 2742
51 78 4456
0 67 3376
32 48 948
4 60 1381
17 63 3328
65 71 4128
19 98 1266
10 13 1853
87 92 4740
20 47 3319
46 64 664
4 69 2810
74 88 119
64 90 563
37 97 4631
46 95 3344
21 27 1685
29 81 4762
10 50 1153
10 47 4665
17 66 3368
90 93 4930
7 30 312
9 49 875
48 70 3850
41 44 1407
15 46 160
14 80 1715
62 91 2153
6 51 642
64 79 2396
5 60 4959
71 81 925
66 74 4535
33 45 4229
35 66 440
92 100 23
54 70 4894
5 50 1055
20 24 1546
39 100 2602
44 64 3752
0 20 3316
32 95 2473
6 42 1116
13 62 4617
7 66 4744
36 77 1334
41 71 1326
18 30 1295
10 19 3355
21 35 2426
13 44 410
7 41 2396
48 53 2491
69 79 4490
31 38 3207
0 81 2886
0 44 1986
5 28 3548
53 100 3129
49 93 2670
7 83 3083
33 43 3371
4 19 1762
5 81 4133
29 34 872
17 90 2226
36 38 4566
18 99 191
38 81 2196
31 54 1820
92 97 4351
2 24 761
81 99 3247
2 81 1525
23 57 4305
52 56 4627
55 87 3849
16 93 2325
22 51 2326
4 18 2067
9 48 2943
28 99 3892
64 94 4410
22 71 1752
10 16 3249
10 35 4794
73 79 63
10 26 4897
40 52 615
61 96 4038
55 77 1880
39 80 2753
43 88 793
15 54 4888
73 87 267
9 41 3682
13 19 1555
30 43 1183
11 21 2744
40 88 2387
13 95 3203
10 71 216
34 66 1485
4 11 3227
75 91 4663
39 94 106
71 75 4573
19 60 1123
44 88 4793
49 95 522
5 67 170
48 52 1280
12 21 2408
81 84 75
42 81 2497
85 97 1829
5 95 1422
72 98 455
47 66 3299
44 74 2068
7 15 4026
8 62 2278
20 82 1592
37 46 4869
82 88 4051
61 87 3096
26 28 1880
28 93 2545
17 92 4704
88 92 3032
18 87 2064
50 79 3609
39 49 2715
18 40 3424
99 100 1639
5 86 1145
35 92 4085
33 63 594
20 36 4874
90 99 4341
12 63 3080
4 22 438
31 70 849
52 79 3667
21 61 3131
11 85 272
92 99 4540
1 59 2344
14 61 1634
41 55 2885
27 81 4281
46 47 3222
30 82 3584
7 84 1628
16 34 114
22 64 1265
15 42 2426
30 64 2967
14 26 3104
20 72 1644
57 59 3234
6 94 4388
1 54 883
21 38 803
31 98 338
8 63 2634
52 68 3213
40 65 849
4 65 2618
87 91 4300
19 68 3278
42 47 2822
43 91 711
63 80 93
6 46 4523
23 31 4081
67 90 1419
35 43 237
13 50 381
19 89 1318
55 74 4518
12 26 1193
6 62 4197
25 44 3507
48 80 687
79 97 4872
17 19 3612
8 83 4150
34 44 3855
39 73 4730
16 43 4405
18 60 4299
31 33 2156
13 57 2128
31 87 162
11 39 2915
61 94 1097
4 68 3544
16 75 1459
69 98 4078
75 100 4889
19 21 2063
71 78 520
7 32 3679
11 79 2182
57 95 258
13 37 1097
48 59 3728
17 61 896
50 66 340
45 61 2590
34 64 2097
77 96 4752
13 67 4393
44 67 2564
23 95 1047
25 41 398
29 68 4707
33 55 2594
64 83 841
2 93 3572
67 82 3640
12 75 2640
26 27 3842
54 83 1196
42 93 3417
21 52 1120
43 62 4561
42 82 1553
3 20 1123
76 91 3898
3 24 617
3 32 468
83 87 4720
13 43 4899
1 92 555
2 65 4476
28 75 1060
62 63 4743
10 65 1019
13 82 2285
59 71 3755
0 76 617
25 55 1080
56 60 3846
36 79 2789
13 32 559
27 41 503
48 63 762
3 18 2536
24 47 1453
61 98 405
23 82 2584
20 87 4823
71 88 527
4 86 877
70 83 3775
35 68 2302
28 61 3060
52 86 2585
8 80 947
71 94 66
8 71 1956
83 89 3242
32 61 1885
36 82 2085
11 33 3587
45 47 2556
3 74 4001
15 98 4533
60 69 23
34 93 3880
3 37 1531
71 82 3484
16 23 3297
72 83 432
60 78 4463
32 57 2016
89 91 612
3 79 2517
53 54 369
25 96 4144
76 93 1822
15 45 1954
22 70 3241
5 12 488
9 90 757
45 91 3519
33 52 2563
57 69 1863
50 64 2822
56 64 2862
54 87 1242
16 37 1219
7 90 1623
63 66 3140
77 93 3029
32 74 1657
32 46 3464
69 82 1661
24 80 229
24 32 2396
10 94 8
37 81 4189
54 78 4318
45 88 300
48 75 1547
6 41 4570
66 81 1864
40 67 1802
33 69 3462
67 73 4049
20 46 2700
17 50 4577
68 69 4689
12 99 2086
60 100 868
20 42 1314
21 83 2764
12 50 809
0 92 925
42 88 627
3 88 665
30 83 1381
15 21 3006
87 94 3303
2 28 4132
73 74 3657
9 73 764
13 31 2864
85 100 388
42 84 4312
17 51 2984
32 40 1054
18 49 838
39 64 1467
42 55 4369
9 20 1866
14 71 3321
7 8 1146
18 66 3971
15 61 2901
26 100 3112
0 25 1615
8 99 1693
12 13 2406
2 87 2015
0 70 2360
4 23 3701
13 72 2555
42 52 3152
20 57 1224
42 94 1846
65 90 1634
5 87 1902
43 75 1365
2 19 1876
33 58 3343
7 91 4909
60 75 4925
43 60 1195
33 98 3669
62 100 1411
17 96 400
17 87 3055
3 89 2616
41 53 4447
23 74 3973
11 75 442
70 72 3858
2 12 2230
15 99 4030
6 92 2729
70 100 3752
5 72 1448
43 66 4308
79 92 1386
69 72 3574
64 67 1514
63 99 4401
45 89 4573
63 79 913
16 63 3142
88 94 2324
51 87 3694
18 85 2329
76 82 1736
61 99 4695
57 78 3387
71 89 234
21 53 1578
23 63 1973
23 42 2958
10 25 4488
47 60 730
41 70 2862
7 55 993
14 64 4493
5 55 746
11 82 4388
24 83 4573
18 88 3143
33 51 4548
21 81 3479
4 99 3300
12 18 2407
2 74 4588
45 52 1533
84 94 2686
52 76 1417
56 74 2487
60 62 2297
83 100 2069
30 97 2544
25 84 3697
42 45 3557
57 84 733
43 83 3847
25 80 1006
5 13 1286
11 91 1128
58 76 2016
59 80 970
27 52 2746
42 67 3224
26 58 2625
4 37 378
21 47 4068
9 17 467
86 97 2285
9 87 4267
58 86 2222
3 75 677
66 89 1946
13 92 3491
22 67 2662
48 88 1657
66 100 77
65 95 2240
11 67 2193
9 70 2770
27 33 348
41 92 3099
2 72 3324
24 77 605
71 97 587
41 99 3635
50 92 3154
30 85 1702
38 61 4064
3 6 461
20 28 4794
59 93 673
68 76 4648
15 56 3955
4 14 3609
20 64 200
74 81 1296
10 57 3107
61 71 377
25 59 482
19 84 4213
43 56 4201
49 89 4755
84 93 1279
35 95 4909
14 33 4167
72 86 553
53 69 2891
17 38 3271
95 97 2393
9 12 2730
69 91 4955
0 40 3939
2 50 4296
29 92 4953
21 44 427
4 79 45
36 73 2573
17 86 684
23 43 4642
20 99 2285
3 35 497
4 52 335
6 30 2873
15 50 1940
69 78 3960
28 83 534
78 84 2767
30 69 1951
29 48 3403
29 84 4553
46 98 3450
46 75 1208
64 72 387
13 52 1348
68 83 3677
36 75 3586
37 63 4664
48 73 1356
8 29 3290
21 29 726
25 77 1670
15 31 405
57 81 3924
43 74 1235
14 70 4464
21 43 1276
41 46 593
7 86 4029
15 51 4585
28 56 3065
28 63 1506
8 94 1730
1 7 2983
41 59 4016
79 96 1844
19 94 1282
51 97 2453
40 58 3390
14 92 3692
69 99 1941
17 59 348
6 13 4593
22 48 1991
34 89 3147
2 52 3205
70 81 3757
38 48 4039
18 35 1228
96 99 4253
36 65 3679
16 85 1525
57 64 3184
45 69 2625
34 37 1892
56 77 2107
34 100 2729
14 73 2747
24 33 3998
22 89 4339
8 53 4491
11 36 4946
71 99 1821
16 77 4826
51 75 2408
8 34 3586
73 93 1304
38 79 3054
61 65 1128
72 99 1030
31 62 4223
8 69 3304
11 58 4656
54 58 1259
21 54 703
65 78 1152
6 18 1251
75 80 2763
31 44 1102
22 25 1114
78 97 4674
12 52 4540
6 86 4146
5 35 1653
26 99 4955
24 61 1394
81 82 391
25 65 2104
21 60 2661
24 25 1445
46 79 3680
12 54 3819
6 33 1516
4 47 3534
70 91 3227
4 55 2482
50 90 654
24 43 4401
21 79 2954
22 60 4634
75 97 1030
60 99 1663
48 74 4616
85 98 3548
8 21 4330
48 68 941
21 40 869
4 36 786
53 83 2220
36 92 496
5 41 297
76 96 4006
41 78 4066
45 50 3029
67 75 4477
15 25 1283
15 47 4915
75 88 4746
14 97 267
37 60 1853
29 64 1934
6 87 3473
68 80 2059
26 33 3725
41 96 714
2 92 4136
4 6 2776
5 38 4529
14 47 4427
38 71 4027
29 56 4957
67 95 2536
48 56 3676
13 73 4169
59 74 3530
96 97 2251
25 37 2276
0 60 3787
22 88 4398
2 15 2218
84 92 2513
71 91 1895
4 76 473
5 59 4492
41 66 1463
54 71 4528
3 67 1392
3 84 1807
13 70 1767
24 53 739
4 20 4063
22 99 418
35 64 4005
1 36 2384
80 95 1235
80 96 12
34 53 2265
84 88 2653
1 99 3209
7 34 1916
52 99 2841
59 100 3817
0 51 4603
39 58 106
31 58 3797
3 54 3478
20 74 500
18 90 1805
8 54 325
35 79 1390
50 89 3690
55 75 3956
36 39 3096
35 69 1224
86 99 175
8 30 1039
32 86 3234
7 74 4147
56 67 4361
6 20 1935
6 17 3684
35 71 1019
63 67 1648
25 26 841
43 59 1451
16 82 2829
9 42 2248
54 79 4565
8 11 2852
69 81 440
30 84 2893
3 80 247
63 93 3690
33 76 4296
25 72 1470
1 35 4000
44 59 3371
23 70 191
46 97 3043
36 78 433
47 89 3307
52 75 2749
10 31 3463
14 86 4618
2 47 4607
38 98 1768
16 56 1355
10 80 3283
33 39 151
15 29 3401
40 85 1286
5 97 3002
7 76 2101
31 79 1071
5 84 4460
11 35 3316
18 82 1540
1 78 176
95 100 4764
35 53 4286
29 76 2533
39 61 3260
32 38 3610
21 74 4185
42 58 2761
16 90 2501
19 30 4199
19 42 492
46 53 2112
23 33 475
82 89 4091
57 67 1624
3 71 1965
4 97 2291
19 55 322
7 33 1868
89 96 891
7 88 4763
31 73 2806
22 43 4376
66 71 441
40 75 2665
18 84 4366
82 83 345
26 79 2496
64 99 1433
22 47 1381
27 40 764
39 96 1816
36 83 736
15 75 2728
67 71 2309
42 60 4108
10 15 824
45 49 1964
15 73 2393
19 24 4601
28 74 4466
6 82 218
56 89 3781
14 84 1253
13 83 3681
21 26 4687
68 100 2147
47 79 2398
0 68 2349
8 13 831
64 71 2916
45 94 1412
60 94 178
3 66 2444
33 46 3766
40 73 4555
26 81 1287
57 80 4702
57 68 3716
4 17 3103
17 89 2925
5 22 4291
10 48 1771
48 85 4970
16 28 2749
59 96 3439
20 65 2158
14 24 1404
42 63 2295
8 60 3336
30 31 867
76 92 1407
31 32 2
31 64 1481
19 99 3970
58 90 552
30 95 2872
15 30 1707
41 45 3814
73 100 115
66 84 316
49 52 1799
34 58 3461
70 93 3417
35 46 4032
21 51 1785
15 91 52
10 61 3272
45 53 2102
26 60 1714
36 72 267
12 85 969
31 56 1722
8 15 4818
90 97 2079
28 94 2101
32 53 832
37 79 4145
47 80 908
48 76 1406
13 20 4585
40 100 4897
52 74 2865
73 81 3696
16 55 4904
12 59 41
12 74 2409
59 95 1663
8 47 4309
37 90 116
42 53 2576
45 73 639
33 53 2333
52 82 4494
5 23 1809
25 91 4999
58 78 2185
14 66 4612
56 75 3424
40 78 2782
7 54 4251
55 76 2861
65 76 3228
19 100 1469
89 98 2868
14 82 1722
69 80 4164
17 93 3052
23 96 285
30 75 732
49 88 4049
11 25 4687
52 84 2353
39 44 3199
65 86 2101
33 92 830
39 83 3783
2 90 4991
54 59 297
40 60 4903
24 69 3056
54 74 4033
56 73 1372
26 36 4232
79 91 3215
44 90 4021
13 96 4488
11 44 2681
25 45 1891
34 87 900
38 49 437
27 97 2381
22 72 2769
6 67 4600
40 47 4248
23 56 1159
28 54 2020
27 45 2227
43 71 1390
22 39 4716
14 31 2912
8 57 3370
77 98 2445
82 91 2563
40 50 4168
0 47 2676
43 68 3077
93 100 1160
20 63 3671
73 86 2115
56 69 3271
4 80 2328
32 99 2742
79 94 633
33 35 3956
47 84 2545
2 39 944
42 51 3082
54 57 991
34 98 2852
21 41 4663
27 64 763
40 80 477
31 39 1289
2 7 2361
80 91 3881
5 42 2698
46 65 3933
84 98 2405
27 83 2163
3 41 2252
18 71 3571
0 23 2535
83 93 3731
11 23 3368
56 62 4035
32 83 367
82 92 4827
37 87 1020
17 69 4253
4 42 1249
3 49 3619
30 59 1785
2 36 2663
73 75 4259
26 49 1011
51 95 4151
26 41 73
22 74 3732
8 52 100
0 46 560
18 68 1746
33 70 1942
4 54 3635
42 87 2058
1 17 2884
23 53 2446
29 88 4155
54 62 1440
29 45 4225
57 71 3622
88 95 4601
38 63 3742
9 82 3337
89 99 1304
46 48 3031
41 77 3361
9 39 1822
83 92 3405
52 98 2659
9 33 206
4 13 3052
75 90 4623
1 55 950
59 72 2269
44 75 3702
46 59 1994
56 63 4178
34 73 4890
24 57 4934
21 46 1487
7 77 750
81 90 2993
80 88 1991
8 96 3171
18 19 4087
6 8 4512
52 77 342
26 73 4552
56 98 3198
33 38 1702
69 87 4402
25 66 2984
25 78 1776
18 20 4229
67 69 965
65 75 83
63 94 1237
38 76 4304
39 82 3456
31 81 1576
4 40 3935
29 41 3256
13 47 4884
29 94 386
79 80 735
29 67 4682
5 34 3198
10 44 2742
14 95 1139
6 68 1237
39 67 1685
23 68 499
15 58 3949
62 84 4563
2 10 218
19 56 2323
14 65 3598
72 88 4408
6 47 3827
29 65 4340
20 76 1824
19 52 4409
72 85 2363
31 94 4794
2 26 4047
45 64 3252
7 96 532
35 86 3154
7 22 4389
21 96 2577
1 43 4720
82 97 4054
18 78 4339
71 93 2724
62 73 1905
32 33 2415
27 46 2064
63 92 2119
35 55 479
49 64 1802
4 53 95
41 42 2194
61 80 3511
6 38 3108
34 61 2081
30 80 3496
25 92 3746
75 96 1665
22 77 873
14 60 1295
61 74 161
4 94 2274
47 92 4318
46 99 1780
50 59 3425
9 21 198
80 87 4194
81 96 4130
80 94 2186
50 51 4271
51 65 2760
25 27 352
21 37 4860
75 84 1233
27 85 204
69 95 1356
27 60 2840
9 37 391
64 68 4156
25 93 3899
12 44 463
27 30 2737
32 35 4160
14 35 2347
59 89 4223
1 75 3708
24 67 3920
6 29 3196
27 28 2791
24 90 4361
47 48 781
55 68 4174
21 67 3536
45 84 380
10 62 2168
56 59 3431
77 88 949
15 63 542
35 37 1746
25 34 1419
42 43 3358
51 80 4622
25 46 2171
55 79 4079
7 37 4747
33 41 4993
26 94 1300
1 74 2985
40 93 2915
75 86 1200
25 67 686
7 43 2067
64 70 1739
11 84 550
6 21 1005
2 51 3932
11 27 867
16 76 2049
71 84 1441
43 99 3049
48 72 3989
22 65 4816
1 57 2405
41 50 3120
14 32 1384
31 83 950
79 98 3865
88 93 2185
10 97 2385
21 42 4851
30 65 355
8 79 2392
7 40 1888
52 66 2170
71 90 2230
17 44 4490
4 87 186
12 87 3971
16 61 2305
63 77 2008
40 71 420
2 71 1535
59 81 1260
15 57 706
34 81 3419
53 90 4276
3 29 18
17 18 2685
25 70 4268
12 42 2268
42 83 2597
2 77 132
44 45 784
78 88 1773
93 99 985
11 41 1077
24 59 3329
24 85 2131
10 90 3263
22 96 4493
32 92 3156
45 75 1558
2 86 487
61 82 567
17 95 2012
8 22 255
10 27 2531
47 83 4743
35 100 2369
17 39 339
8 32 3131
51 70 3217
47 94 1675
0 13 3933
57 99 4684
14 28 3996
60 61 3184
28 38 3553
76 89 795
21 80 3942
58 60 3313
71 73 4575
43 98 108
93 98 1672
15 93 4322
29 31 3656
23 93 2691
2 57 1734
17 27 2348
39 50 4238
45 56 2157
63 73 4114
15 34 3567
67 98 233
13 74 2149
10 74 4057
57 63 1334
21 49 3599
37 80 4827
5 39 4546
62 67 3599
7 52 217
46 56 4396
1 34 845
31 40 4091
26 71 3000
18 56 1335
23 85 2520
45 80 1273
54 92 1515
39 55 1874
7 67 677
57 76 2648
73 99 641
7 13 700
12 53 2048
11 97 1851
7 97 1444
12 35 3086
33 83 3271
35 57 77
49 50 2594
10 93 497
9 32 2259
75 83 3434
7 68 548
24 27 3899
39 63 310
40 56 1788
29 78 2567
22 30 4453
44 56 233
12 60 3782
47 91 1456
6 90 2713
38 96 2777
10 60 4165
80 82 4429
20 91 1669
34 91 1249
75 99 1670
4 84 3203
37 70 1921
32 50 2171
2 59 2164
25 75 1803
31 85 2872
7 29 2167
64 80 1258
84 91 4643
60 83 238
46 88 1092
10 34 1443
31 41 2528
19 28 2882
26 32 3404
6 39 3329
11 29 3937
81 85 3525
6 27 4754
14 53 98
11 22 299
7 61 3601
12 30 3773
92 95 1659
32 54 2430
15 65 3945
6 49 3324
57 97 2386
66 85 3838
35 38 3148
29 61 3409
29 66 923
65 96 2269
0 52 3222
54 81 4320
32 80 4574
28 69 408
37 86 1978
25 35 1050
4 56 2247
23 61 3366
43 84 853
28 73 860
73 92 4952
43 94 1241
32 59 1763
26 54 3752
15 33 3844
43 95 212
60 89 1901
11 47 934
20 77 2706
35 39 3698
90 95 2255
74 79 275
88 96 2073
31 77 1075
6 88 3993
30 68 2830
8 26 317
38 40 1858
55 60 3520
41 64 4395
37 82 1665
1 48 1272
64 76 3613
51 52 3100
17 56 3538
11 80 4061
4 34 3675
3 48 4427
31 69 190
8 40 883
44 62 4824
6 60 655
80 97 4242
29 47 4059
26 44 535
30 79 1382
21 84 4477
2 33 3925
79 87 1948
13 25 4614
15 88 4781
0 33 1639
16 86 798
47 88 3870
5 69 1099
38 90 2820
8 38 4454
11 81 2994
13 75 4356
70 76 2224
66 72 3088
75 77 2388
20 27 2751
23 83 797
12 17 1229
66 88 2390
27 69 711
48 78 4324
31 97 756
25 98 575
58 98 4260
70 80 99
25 97 1741
6 77 4348
36 87 4118
14 46 1972
65 68 2623
13 17 4776
10 63 3945
15 37 719
52 53 1535
27 80 2245
11 64 4176
49 69 3867
31 43 1673
72 89 187
31 76 948
35 74 899
78 93 2689
49 91 800
55 67 3924
0 54 2224
62 93 1494
19 32 953
48 96 4173
21 62 715
35 98 4904
52 70 2587
38 78 2475
16 73 2188
54 65 2437
13 100 1224
0 38 4887
39 85 1859
64 87 159
75 94 650
50 87 256
39 76 4039
44 53 237
23 34 772
13 88 4653
66 86 4885
29 35 3862
90 98 3546
18 91 2530
58 100 4754
18 50 4756
65 70 2851
19 67 4894
30 44 2876
62 74 1239
33 37 1894
42 95 1599
68 79 4334
38 94 4838
50 83 1321
21 31 3398
0 53 679
79 83 719
90 91 515
43 44 1743
60 98 1219
18 93 2755
45 87 4990
33 79 1599
74 84 85
33 99 4729
50 100 1464
2 89 1051
49 53 2182
1 40 3723
62 80 2595
57 70 3056
79 84 1208
0 9 693
58 67 1842
1 71 3248
32 84 2582
38 89 78
63 88 1080
35 52 2704
7 36 3589
6 81 4826
46 60 4744
59 76 192
28 41 1939
41 48 823
20 67 3407
87 100 1921
42 79 1677
43 73 2464
52 94 2683
9 28 764
79 86 3951
32 68 1182
61 86 2584
62 92 772
16 91 1505
14 91 3400
39 54 309
19 76 2276
18 69 4085
56 80 4216
74 75 2915
0 7 694
59 73 2681
50 52 3091
78 85 170
9 92 1629
58 92 3229
41 81 2187
0 63 4729
1 20 690
18 52 4269
86 100 4613
56 70 4299
9 35 4054
24 66 4553
32 62 796
4 50 2138
65 97 4043
20 37 909
6 50 2480
48 83 2230
31 59 2985
5 91 1612
23 94 3192
38 57 4514
6 59 2446
3 76 4714
43 97 4265
31 90 4721
20 97 3991
9 78 467
48 66 3618
43 81 4079
21 56 4607
23 48 2089
18 72 244
23 35 2371
21 90 1103
17 47 4133
75 76 1335
12 36 2221
56 92 2741
16 98 2362
18 55 971
19 65 677
2 53 4199
22 52 4621
64 66 1841
10 28 728
22 50 1407
1 87 4103
11 76 2593
54 100 872
1 56 2063
36 93 3559
40 68 1802
61 70 3378
16 57 3217
41 93 2958
19 51 1742
20 79 1748
4 77 62
40 72 3406
49 63 979
5 7 635
44 79 148
28 86 2845
15 72 53
37 72 3849
2 34 4400
23 65 3012
15 40 4228
13 93 3003
68 74 2639
74 90 3850
5 48 1499
13 68 1546
2 66 3812
49 100 1138
77 78 2031
44 63 2381
6 73 227
24 35 4293
31 100 615
40 98 2998
24 52 3533
46 62 2069
14 63 4663
32 94 4968
51 96 2024
46 93 3407
15 43 4814
45 60 3266
41 58 1173
59 64 1982
55 80 4885
1 21 2697
7 23 252
72 95 2712
30 35 4745
36 98 3958
32 43 1488
18 89 1573
46 94 70
64 95 2913
81 100 2589
58 77 596
48 69 4036
55 56 3261
47 85 1712
5 6 1880
7 94 4666
45 98 2106
16 45 1068
64 81 2535
62 64 3250
12 73 1669
27 42 2139
52 55 3879
66 76 1714
3 19 1603
43 46 4102
13 48 4757
53 74 1592
38 86 3003
1 65 3099
37 89 4691
67 88 3796
51 92 772
69 94 1693
65 94 2653
58 81 2072
1 41 3976
29 98 3914
48 92 3240
1 62 855
28 87 2558
13 71 863
87 99 4204
71 98 4431
74 94 2236
35 80 1717
11 60 3978
8 49 3811
4 63 4970
57 86 2169
27 90 3834
27 36 4445
50 78 987
6 28 3560
8 98 4087
23 100 2676
55 98 1045
19 92 1881
42 54 1098
14 36 829
2 83 4433
24 63 4314
5 83 3427
14 48 4395
1 91 890
19 87 3424
82 95 2935
52 81 1171
13 91 4264
18 70 3877
10 72 2137
32 66 3949
12 62 1285
17 84 3084
68 84 4886
14 30 1846
51 53 2936
28 79 1635
7 38 240
38 46 851
39 41 2729
14 27 1497
3 52 644
16 88 4900
82 86 4123
27 32 328
24 95 2335
21 95 4810
46 58 1441
35 91 1583
27 58 3942
25 30 3028
29 70 1516
41 88 347
93 95 602
61 91 2091
46 73 4835
2 20 918
71 79 3929
11 53 3974
0 55 3199
83 91 3125
44 100 1952
97 99 4456
0 82 3944
43 100 4330
10 40 4903
62 86 3421
5 31 4405
70 92 679
20 34 1840
65 82 3724
77 83 352
37 45 425
40 59 3389
16 30 1731
1 38 212
2 42 721
65 77 2555
5 90 617
68 85 2780
21 73 325
7 69 379
9 94 3370
26 64 1616
43 76 1107
64 77 2208
31 50 3353
10 18 1523
24 86 1093
70 78 1852
25 39 487
32 42 3114
61 72 2608
28 98 2177
6 57 4136
21 45 2743
39 87 2261
39 57 694
23 78 4255
26 56 3859
38 91 465
51 71 3085
63 86 721
39 69 1996
21 88 1302
24 41 352
13 28 3922
4 95 2063
1 88 3320
23 52 44
55 78 1161
0 65 1909
73 98 4367
8 84 3812
2 80 505
15 39 2821
29 99 999
25 94 3732
11 52 4438
45 70 938
17 73 289
26 92 1296
72 97 2789
31 52 4991
53 93 3902
3 22 1782
30 100 3358
95 96 2544
74 95 1816
5 88 962
30 91 2598
82 99 1348
28 84 4711
34 68 4948
5 8 2142
24 50 4687
1 26 3149
8 43 1678
33 49 264
11 34 3805
59 84 799
14 68 728
49 76 973
27 100 1499
19 75 2516
9 84 4798
4 96 3586
3 58 1849
58 83 2590
14 44 2131
44 70 2636
59 60 4909
46 77 4864
21 75 4744
27 31 3958
2 16 3814
8 42 4857
11 57 2022
12 71 3905
38 60 778
32 34 1794
32 82 3776
68 73 115
59 63 251
30 57 959
13 94 947
32 37 1595
18 75 2315
60 96 397
74 99 3706
6 24 594
67 81 4834
68 94 4831
4 29 1291
88 90 3146
1 25 4246
1 13 223
1 3 1781
3 55 3076
51 79 4237
32 65 2625
6 22 2203
52 72 423
72 81 1174
39 45 4856
18 25 2069
2 8 822
50 75 2877
17 97 2885
31 51 3583
15 66 2993
35 93 706
61 76 860
11 69 4712
2 30 1835
6 84 1060
41 94 2723
55 96 4789
11 51 645
78 83 3474
3 28 1393
37 75 2749
36 43 2952
30 63 4454
42 76 115
39 95 4411
6 16 461
80 99 3479
85 93 4419
54 76 4768
31 42 4041
35 94 1345
37 55 2750
0 27 2748
67 74 2015
22 69 1362
19 70 2250
8 90 792
8 68 624
35 47 3687
27 71 3829
37 84 340
41 67 999
54 98 4126
65 66 2629
50 55 3641
12 39 2589
1 64 2673
79 89 3366
73 96 1596
17 22 3580
10 85 2205
2 94 854
33 90 4599
35 45 4160
13 87 2331
53 66 4284
47 77 2486
57 79 1011
45 66 4770
41 80 126
50 65 2795
4 93 3030
19 72 1959
32 91 926
26 38 4088
88 89 1522
48 57 429
49 70 3515
43 89 1532
32 41 1758
9 45 1472
0 29 2885
6 72 2152
80 100 1596
6 23 169
11 50 1220
1 2 2782
27 29 2477
20 81 3917
62 70 215
10 77 3723
49 61 207
9 76 4527
4 90 2662
9 38 223
71 95 4634
0 24 67
46 96 4859
23 28 1936
79 90 2777
60 70 3330
54 97 3957
76 87 4765
3 36 2693
34 74 840
81 93 2424
22 34 4314
72 92 1358
3 68 3299
22 58 3759
0 78 2342
28 43 2954
36 59 4350
19 43 1784
17 36 3217
28 89 4199
4 38 3758
79 95 4435
78 94 2448
67 70 300
7 47 4047
0 59 3233
41 98 4044
42 48 4992
36 86 1539
6 53 1499
43 96 1226
33 68 4774
31 46 1555
15 49 2656
41 69 509
57 77 3579
4 85 2135
7 58 2235
44 52 2221
65 79 2963
20 54 4748
74 96 3694
50 99 2298
22 37 1952
19 31 838
19 37 633
58 87 4717
36 94 1464
1 33 3675
7 46 4777
35 78 2238
45 65 2873
19 95 4865
52 58 4411
15 80 2812
45 48 2184
52 88 2157
14 77 1731
11 48 329
4 12 2424
14 29 2501
63 83 4897
42 77 3531
16 95 2174
39 47 650
80 89 1214
0 6 3837
73 77 1539
48 97 3367
4 8 2381
85 99 3952
42 64 4955
7 92 3224
20 70 3651
60 72 2949
13 64 186
8 92 3401
10 59 1859
27 87 3880
23 84 2121
61 68 3322
40 79 3964
58 59 1159
42 50 3607
27 44 2673
25 50 2655
55 73 307
3 70 3783
85 95 4595
62 69 648
6 55 3911
14 93 2140
39 98 555
18 73 830
1 37 1494
9 85 4190
12 79 1461
26 62 4411
58 64 1383
5 54 2631
70 82 4668
63 70 3535
1 53 1016
26 83 1438
26 48 863
12 80 4842
10 66 2496
44 51 525
50 91 2316
63 90 1247
18 48 1109
39 77 1462
37 66 1877
13 76 3433
25 82 1302
25 63 966
6 14 2481
23 99 3534
42 98 2709
84 86 4847
30 99 467
54 85 4951
34 79 3621
70 71 2111
49 55 1508
27 86 579
16 81 2643
14 41 1427
44 55 4895
31 36 378
72 96 984
37 62 208
2 62 4069
87 88 3201
26 52 2246
12 33 4016
30 38 2991
47 53 2725
39 60 326
9 16 1339
1 61 1428
38 64 1695
20 23 3894
39 93 4258
44 46 83
74 76 70
4 26 1675
66 91 3909
65 99 875
14 100 189
20 73 1087
5 75 1744
2 61 1134
22 90 602
27 70 4964
12 34 4397
72 84 738
1 98 3112
60 80 2283
28 70 3476
43 92 2303
12 95 4973
17 67 2878
36 90 2255
12 19 3090
6 83 1229
6 96 4455
48 87 3938
67 87 3807
62 76 2823
54 91 3055
69 97 2031
12 77 4478
16 60 2493
2 41 3223
26 75 2533
59 69 4145
20 75 3870
40 57 918
22 42 4207
23 29 471
24 89 4531
0 85 381
47 74 3517
49 96 3058
70 73 880
92 94 4545
43 63 1028
24 96 1480
22 40 4038
64 97 4944
58 69 1340
85 92 3104
36 88 249
26 72 1823
11 43 3816
25 85 3150
37 47 1744
47 71 3486
59 92 3149
37 68 1078
17 33 2236
54 75 2053
15 86 3068
88 99 3835
45 51 3992
20 83 1565
61 77 1612
22 78 1318
27 79 520
32 77 2959
47 98 3366
55 59 229
41 79 1620
6 56 1000
21 69 3833
57 100 4828
82 90 2350
41 90 745
46 61 1684
9 61 3212
41 87 134
36 45 821
19 26 1647
4 81 1631
2 76 4479
15 68 3082
22 66 2143
53 58 1497
0 73 635
28 60 2324
12 88 3014
58 79 2280
38 42 2280
66 96 4420
1 27 3447
55 99 99
78 79 3185
37 56 2238
4 75 2609
8 9 2851
36 53 2758
36 64 220
58 63 3578
52 89 1356
36 62 3191
31 35 1472
30 72 586
52 61 1137
54 61 1579
62 79 2346
16 100 264
43 49 3238
24 55 4883
29 89 3027
71 72 790
31 60 1940
20 69 92
60 68 2755
4 45 1532
62 85 2496
2 27 2905
40 44 4672
69 100 921
12 48 4878
45 95 584
41 84 2450
52 80 1347
60 97 4372
47 96 1584
51 64 1221
30 98 189
43 78 3570
43 86 507
5 70 894
2 5 130
5 33 4971
18 36 3908
16 38 4344
7 35 4753
23 44 3456
3 42 1651
78 82 847
48 51 1501
65 74 2802
40 41 2408
25 49 2686
4 49 2297
20 61 1060
50 98 896
26 42 995
1 77 2114
9 97 4507
16 21 3715
7 11 286
54 68 1246
40 95 4908
48 81 612
33 85 4872
65 81 2914
7 51 1459
