1 99 4950
0 38 4676
2 0 3861
3 0 4140
4 1 1705
5 3 483
6 1 1621
7 1 4618
8 1 832
9 5 3061
10 4 1911
11 2 1455
12 4 4641
13 3 4347
14 6 1242
15 2 4130
16 1 3228
17 15 1891
18 12 1788
19 8 63
20 1 3442
21 3 1886
22 2 4745
23 9 4074
24 19 92
25 23 1458
26 20 2430
27 14 644
28 13 2851
29 2 369
30 8 1523
31 3 3867
32 17 4602
33 14 1334
34 23 3160
35 11 339
36 17 54
37 14 4701
38 28 3684
39 24 1446
40 27 2750
41 18 180
42 1 4299
43 28 350
44 40 4138
45 19 3164
46 2 997
47 18 3359
48 23 3806
49 8 597
50 11 1160
51 39 3776
52 46 605
53 42 345
54 50 2379
55 49 826
56 45 3305
57 55 3477
58 51 306
59 5 4010
60 40 2372
61 46 3613
62 46 413
63 47 1447
64 0 4132
65 1 1613
66 34 511
67 28 429
68 4 2666
69 66 3261
70 1 4976
71 43 4890
72 5 3854
73 58 4873
74 34 2934
75 63 327
76 39 49
77 29 4394
78 72 801
79 8 2606
80 27 3095
81 23 2469
82 38 1916
83 80 4714
84 73 4557
85 67 2992
86 25 2972
87 45 1604
88 1 2507
89 23 4324
90 67 4919
91 74 4899
92 3 2139
93 82 4290
94 12 2476
95 5 1830
96 92 2324
97 34 1694
98 80 3370
99 19 256
100 51 4471
37 72 4458
59 92 307
52 56 3019
74 92 2396
67 88 1732
27 70 3362
36 55 3175
91 99 418
39 99 2621
31 81 3250
5 40 3747
20 68 4913
7 27 3388
3 26 940
35 45 1749
22 65 942
80 94 2892
5 19 2410
85 96 1170
16 44 1750
65 78 501
18 62 2486
21 85 1163
69 95 1298
77 79 2472
22 98 3289
50 63 4751
24 52 3982
67 93 3884
14 88 1504
9 92 930
70 72 1835
13 84 1261
8 99 1692
21 69 1082
11 43 1842
43 98 295
35 83 2198
48 78 1888
15 67 4777
14 78 2781
9 44 2006
20 83 872
45 51 4011
50 83 4590
7 38 2287
27 78 4765
58 75 2322
25 95 183
85 89 4
73 95 4774
42 57 4831
6 15 2241
63 84 1242
33 100 4357
1 97 189
14 91 3706
57 88 3653
42 85 1022
92 100 4789
74 88 4109
31 79 4747
60 87 3301
66 75 3413
27 35 24
32 96 3547
4 80 2187
8 46 2323
19 86 3287
9 10 3746
39 89 2888
62 94 1028
57 95 3242
2 57 3114
17 80 3234
3 19 656
15 41 3191
4 81 498
6 49 4569
32 84 2730
60 69 4634
4 65 3456
19 71 836
37 98 3181
5 54 4987
11 74 3102
15 53 836
9 77 12
0 94 3998
39 53 2263
21 65 4591
37 50 3307
23 75 3825
35 58 4354
1 13 2915
39 44 2539
3 44 2737
31 94 1052
37 99 4857
40 76 1308
34 92 3785
0 68 794
35 56 3693
14 26 3641
44 60 2065
5 64 208
72 81 4191
12 92 4588
40 85 636
49 85 1031
8 17 3882
78 91 3951
12 38 4608
43 63 3070
59 93 249
17 85 2777
28 55 2701
44 81 3193
59 60 254
46 57 392
36 37 3018
0 71 4452
62 80 3075
5 43 3099
1 60 1242
56 94 1313
18 84 2360
66 83 938
46 96 2054
33 85 2272
90 100 3690
63 83 1742
37 73 4546
12 46 4617
36 71 211
18 94 4897
66 95 788
7 13 1376
20 75 1328
35 81 970
21 49 1438
21 84 4860
9 98 3994
22 72 548
7 17 139
0 35 2373
37 60 337
29 62 3338
15 62 3319
19 65 1456
41 88 4268
45 92 4228
2 10 431
37 65 2735
56 88 2190
15 78 1116
10 11 3700
79 98 4000
91 98 1363
28 39 2157
17 45 200
32 58 2548
8 41 1089
70 90 1134
34 90 3048
23 29 4595
51 57 2130
9 89 1953
17 24 1223
40 91 3454
40 88 225
44 68 51
33 92 4452
1 5 993
25 30 4448
69 80 1766
60 73 3811
35 64 380
5 79 1820
5 73 1230
6 20 1549
55 82 186
9 71 3091
35 78 4915
83 97 983
37 49 1174
47 93 2843
34 53 860
15 35 2612
25 100 3468
49 83 3266
77 78 2696
28 51 2892
25 39 4455
26 88 1674
84 99 2655
53 97 3552
69 100 2471
13 79 3662
30 62 4518
26 92 4024
12 30 4800
9 74 760
32 74 590
24 29 112
31 98 3192
43 53 3699
46 68 3323
64 100 4460
60 96 2052
6 98 990
61 66 1139
31 80 2595
21 51 1952
24 83 3545
14 32 4636
20 27 1006
54 60 45
8 64 2567
23 39 2823
6 54 2147
78 85 3134
19 63 4992
78 81 2326
18 80 1082
1 59 1827
55 59 161
62 89 2451
1 67 256
3 22 4714
16 100 2288
48 72 520
44 53 2620
56 70 718
6 55 4948
15 28 3911
56 80 2523
27 63 549
12 53 4010
21 63 1304
40 86 458
38 72 3151
50 76 2172
58 77 3509
22 55 3411
20 99 2821
20 44 3248
6 96 485
45 93 2803
52 76 1144
23 35 2524
19 79 1182
44 94 656
54 59 2698
44 56 2291
4 74 3444
19 72 848
11 16 4
2 42 344
15 42 882
70 83 1659
76 81 1022
82 83 4384
41 71 2061
38 59 14
11 61 2018
37 47 3692
23 61 1689
13 98 2971
9 64 96
37 86 3077
29 71 1403
22 99 3736
14 46 4107
54 69 2806
69 87 779
7 87 4451
20 81 1189
26 48 4383
57 60 3465
71 83 1746
34 84 2944
53 78 2299
16 53 2461
3 58 3682
16 49 2608
37 46 4087
34 77 1797
79 91 1941
14 86 529
90 97 3659
0 89 4352
22 37 1062
11 70 1275
10 94 919
12 98 2936
11 12 3168
42 49 3165
41 64 802
5 14 22
24 58 1252
57 100 1361
75 95 3301
5 58 637
23 68 1248
57 73 491
21 27 2692
31 34 299
36 50 4257
33 62 4873
9 31 4627
24 31 4995
20 23 4642
28 35 830
21 23 3758
0 93 739
62 85 3542
88 92 3550
43 99 234
13 72 1480
73 82 869
42 59 3271
69 93 3054
32 89 934
26 30 2945
39 96 1117
58 79 1800
27 51 2130
7 84 3484
1 34 790
62 100 4553
25 93 141
2 33 11
81 89 3210
10 60 3759
70 81 2796
7 40 2329
41 53 1151
55 61 1191
15 89 896
25 72 2026
4 100 671
47 98 2448
28 71 104
17 40 1422
14 19 2560
75 84 2342
77 97 1601
3 64 4900
7 97 434
22 80 4718
18 55 2033
74 78 458
80 81 4999
75 91 731
45 98 1952
47 80 3080
47 58 4731
62 92 4115
24 54 4159
25 43 4050
22 79 446
28 60 3154
29 90 79
12 59 2699
43 60 481
37 96 2132
43 89 71
55 84 46
35 61 2759
25 87 1784
63 100 138
48 63 935
85 93 887
36 100 2873
4 92 3965
71 90 2844
43 55 1232
45 72 4337
78 93 4822
20 91 4920
40 82 4435
57 76 3065
30 53 407
19 75 5
62 99 4959
23 37 3938
34 82 4359
83 91 4290
34 49 301
49 80 1882
12 54 3842
29 48 4856
0 78 1273
5 8 1343
76 77 3879
36 85 1258
48 87 2089
4 44 1884
9 79 2961
5 91 1988
51 72 63
30 50 2797
70 71 4522
3 62 3455
8 38 4883
55 63 4463
28 34 2530
37 62 2939
4 49 4593
18 63 479
22 26 1585
20 86 3063
10 72 4163
37 80 1186
46 64 562
34 73 2185
2 34 4372
1 36 269
20 51 1685
38 85 573
72 94 2188
4 95 4259
5 98 4546
36 59 1411
27 34 4636
64 77 2248
6 18 2236
3 25 4126
49 63 444
31 95 4362
20 53 4954
60 70 4584
80 85 2125
0 12 1839
63 95 1309
13 62 2004
32 59 2343
26 69 2061
0 100 4089
8 66 3732
72 91 4064
9 18 269
17 18 394
1 21 1349
12 37 4358
27 50 1832
13 76 3621
14 55 2715
45 55 1873
52 71 3335
23 47 396
30 96 475
68 69 1376
22 53 2560
56 100 2312
75 94 188
46 89 358
7 8 2810
29 84 3362
29 86 1069
9 94 2918
12 51 2772
3 88 3002
19 44 4482
40 56 4690
1 33 446
9 93 1255
82 90 3102
48 70 2695
4 43 4790
22 40 2252
11 84 1317
50 95 310
62 97 3691
18 33 2323
25 74 4718
63 69 711
0 51 2032
16 20 497
1 66 4040
29 39 1642
40 96 1767
4 18 1008
85 92 3285
22 57 3124
20 24 3934
37 44 3399
56 92 840
22 27 781
14 71 1726
48 99 1595
25 99 3958
32 99 3867
43 92 1714
31 83 613
9 34 4179
21 55 3681
10 56 4058
31 43 2052
41 65 2222
26 85 354
3 50 1567
2 53 4926
36 98 4330
57 81 3436
3 39 3264
16 31 4307
32 47 1659
12 34 2397
52 92 183
32 98 3562
82 99 2854
43 48 726
79 85 3377
35 70 1321
53 93 4202
88 99 3924
17 44 627
63 74 302
31 57 4743
13 14 2118
75 89 4127
19 67 4605
69 77 4884
76 96 2813
15 59 4346
57 70 4776
11 92 2723
41 91 226
22 75 1980
18 66 1784
74 99 4258
24 65 2201
35 69 4829
25 91 2107
24 49 3998
1 57 169
30 42 2573
2 40 1440
28 32 1429
10 70 3555
1 51 1980
39 85 597
21 68 4913
11 73 1191
4 66 1219
55 68 2911
24 80 1227
36 78 2163
85 94 1690
48 67 1029
56 99 1270
52 82 4128
20 42 4190
19 74 1591
64 65 2240
13 77 3517
58 88 174
52 64 634
17 27 157
31 61 2770
50 96 1093
38 54 498
18 54 1849
98 100 2463
27 75 1971
54 91 4271
29 53 4660
19 58 652
40 52 126
5 10 1061
69 90 293
62 87 1480
21 41 2282
17 91 906
44 67 3566
53 80 509
5 23 3811
22 33 1523
1 23 4715
20 95 4993
12 65 4269
4 7 2515
15 51 3817
49 72 2098
5 48 3435
8 23 2424
9 55 789
51 95 4919
15 82 3082
15 91 4413
56 95 4478
23 76 2167
58 70 756
21 89 209
13 93 4086
59 88 598
9 37 991
13 58 4706
17 37 1611
68 89 2635
40 97 4894
7 82 4621
80 86 968
37 92 3710
84 86 4374
68 74 3947
42 45 3813
10 25 4915
29 76 2744
12 49 4039
19 66 2399
6 45 1487
51 61 1267
23 58 3037
48 73 2956
25 32 855
88 95 2504
34 96 4396
15 94 2369
7 39 2529
27 69 2279
12 24 3775
88 93 2495
0 62 1205
86 89 3546
9 13 4576
23 28 336
45 82 1986
11 44 310
37 45 3349
16 60 1202
0 86 4364
35 100 2504
66 88 5
85 99 3130
51 74 4715
4 20 1130
28 29 3237
18 85 2083
42 51 4372
20 43 3760
93 96 4210
16 90 3069
16 42 659
7 60 1925
46 53 4623
2 90 2510
8 76 2675
7 52 3204
17 81 1727
57 91 1238
60 63 2359
2 58 1150
26 46 3949
45 60 302
14 23 1786
42 92 2653
17 48 827
8 29 4266
70 80 2762
35 66 4773
9 19 971
11 83 804
10 49 1465
74 82 3898
98 99 1096
23 60 2452
3 87 4692
81 95 4123
49 57 512
47 69 422
89 90 4978
45 100 2739
13 100 1958
8 65 1845
24 82 4168
61 86 1200
91 94 41
51 67 3165
27 72 2672
63 67 2300
32 72 4350
33 82 1471
27 85 600
44 78 1419
13 39 2334
34 78 2212
21 74 1062
33 96 954
22 62 1013
30 90 4479
63 70 3950
11 33 1974
10 78 539
70 91 4575
31 85 4781
50 51 1415
57 99 2606
92 93 2479
30 48 2175
10 85 1502
78 86 3490
1 77 2924
80 88 2252
21 52 485
31 66 3099
9 73 40
4 25 447
15 72 1328
7 32 2120
17 53 2375
12 26 851
59 63 3610
54 93 3786
36 92 2388
16 50 4563
2 64 934
24 47 3233
8 100 4486
16 97 3969
54 74 3369
21 100 2863
49 99 3895
36 99 2936
8 83 4127
7 23 4129
37 69 286
32 63 868
2 98 939
22 97 1857
67 95 1775
2 26 4453
28 33 3286
3 10 461
28 66 4406
44 48 2487
14 62 2111
15 79 194
30 57 3114
6 80 3790
33 88 4018
24 40 2773
27 43 2175
19 91 3536
54 75 4101
12 76 2614
14 90 4310
44 57 2510
33 93 2214
14 43 2558
55 93 4613
1 29 1486
19 34 4527
41 49 952
29 66 3730
22 71 4484
71 91 92
46 88 2908
48 57 3695
7 20 732
18 70 4788
29 89 3518
95 96 3218
26 81 3181
45 80 4779
2 6 23
51 62 3917
26 74 4598
17 61 4723
49 56 2374
34 65 1313
35 79 2794
45 94 2034
11 28 1829
85 91 2760
48 86 1129
11 88 4389
15 26 1606
40 47 651
53 57 4679
11 26 1961
11 14 3747
16 37 2971
37 78 216
28 78 2845
37 63 1349
18 60 176
28 64 2951
65 87 4378
39 61 1281
20 21 3787
40 65 4406
54 77 1160
2 92 4619
31 44 1921
14 60 1093
57 72 271
52 89 2119
83 96 2793
69 99 2454
57 87 2728
23 57 385
13 71 2991
10 95 4376
36 94 4550
17 22 497
65 66 3684
21 25 2671
18 42 4057
13 17 1224
48 53 2460
19 76 2598
49 69 1114
66 86 1846
26 52 1364
61 83 1898
39 94 1756
43 45 871
1 18 1511
32 87 3762
17 21 2401
34 42 894
42 56 4625
41 84 1351
16 36 2890
41 70 4123
70 86 4767
17 41 3638
0 76 3347
34 39 4366
49 95 3632
3 36 1117
99 100 2405
2 75 2227
2 84 1261
17 35 550
9 52 156
31 87 839
58 95 1034
19 56 4142
20 69 584
57 90 4803
5 38 3389
2 54 1918
8 96 89
31 82 856
47 52 3834
50 93 662
3 15 2462
38 48 1859
41 94 4491
3 90 698
46 98 3603
5 80 3772
51 71 1522
92 99 887
24 84 645
2 93 4506
1 9 4616
30 93 2934
34 35 3537
32 57 3891
61 73 3856
11 48 2477
48 83 2622
8 67 3528
11 94 1451
70 76 2222
89 91 2483
0 92 2660
29 37 4287
2 27 4461
81 87 3153
39 43 4271
67 77 1223
9 72 3138
2 67 4882
46 94 2504
26 86 2049
64 88 4092
53 73 4681
43 64 4141
39 40 3627
60 83 2240
78 89 2306
46 49 798
33 91 1714
25 98 2695
37 85 2907
91 97 3007
24 61 4534
72 77 1533
20 97 4544
4 94 1545
55 87 3126
77 89 4824
21 37 2481
38 94 69
33 89 55
64 71 2643
39 64 1004
22 81 3305
54 56 956
2 44 4369
78 94 1534
12 86 3252
5 49 2447
25 35 530
86 90 1247
79 92 2749
82 97 2951
31 88 2376
20 63 2696
9 17 4788
10 92 3492
15 88 4907
47 54 4614
11 54 4606
14 95 786
13 96 3830
72 98 9
41 81 1383
30 40 2022
18 38 648
0 5 2913
61 78 2903
51 76 3214
94 100 3101
17 56 3142
25 81 566
3 35 2595
6 58 1054
20 34 4958
79 90 2984
68 71 4849
39 72 2313
10 19 1581
37 54 297
19 46 1938
5 90 639
19 60 4089
27 56 2302
8 69 4934
41 77 2377
20 98 1869
8 26 1057
49 73 68
5 33 28
26 42 217
5 7 261
14 31 32
8 72 2018
43 50 4897
4 61 2138
70 97 3042
30 74 492
51 60 3791
22 77 482
22 63 3974
14 53 2645
43 66 1371
25 85 1129
21 67 4727
27 52 795
28 59 3037
30 47 3121
54 55 1522
7 26 1284
6 21 2681
10 43 3507
3 91 2819
84 95 2582
17 100 410
28 86 4204
60 81 4922
54 65 1608
50 92 3105
96 99 1271
31 67 3499
57 96 382
24 89 3740
19 85 3279
15 95 1639
30 87 2446
71 84 4611
58 59 2548
69 70 4708
30 85 2163
53 89 3010
61 81 2004
58 98 114
51 90 1433
27 54 1038
15 68 1215
84 94 4133
20 71 4827
44 64 1578
48 61 2907
77 80 4030
67 97 572
29 41 677
3 75 3831
51 77 4829
60 98 3422
71 94 4698
43 83 779
15 57 41
17 55 4190
84 96 2366
55 62 4270
36 74 306
62 91 2585
1 24 1720
26 31 1600
41 86 2426
37 89 4113
59 89 1040
5 66 1753
57 77 4779
4 97 4076
75 85 3310
23 97 877
0 22 4515
1 76 498
50 91 461
4 40 1241
32 81 4032
26 32 2193
21 24 3642
53 100 1192
1 52 423
75 82 2193
8 13 1421
15 97 3244
17 79 3371
24 87 1587
71 88 4349
31 86 2245
35 41 430
17 92 311
8 47 316
31 68 3560
25 55 3790
11 52 3711
3 16 4086
86 97 4711
27 96 2755
33 83 3419
6 34 4526
62 93 317
6 91 2195
33 97 4292
15 99 805
37 93 1194
7 89 1665
9 75 3997
23 93 2776
34 56 341
75 81 3360
26 44 3266
32 48 268
5 53 4866
20 57 3759
52 60 4281
14 25 3745
60 74 4691
37 55 31
43 85 2308
30 88 2087
10 37 4136
80 96 3423
39 55 1700
11 21 1462
17 89 2901
67 91 2442
46 48 4090
1 74 2657
58 97 3582
21 48 1445
0 47 2733
44 82 1529
42 54 869
34 94 949
18 21 4829
75 87 1006
42 61 843
65 82 471
71 78 76
14 81 3816
76 99 3073
44 55 1103
0 33 4718
8 90 426
7 76 4493
38 97 3092
70 96 234
58 68 709
29 95 3392
32 44 2758
28 40 4121
37 42 431
48 92 53
5 92 2542
17 86 2100
0 20 2251
49 97 1764
22 32 2969
16 83 4720
59 67 4831
17 42 113
8 84 4577
25 79 4959
30 44 916
28 47 4420
75 96 940
61 72 1017
30 70 3067
26 55 936
63 97 3786
5 36 4639
14 66 634
5 34 2347
38 70 4987
0 46 1494
34 85 1192
50 68 895
48 49 2004
37 97 1684
60 66 2334
18 73 2905
84 89 962
39 57 3057
53 91 3265
23 87 2699
19 98 1273
3 66 1699
56 98 2924
32 54 2648
35 68 499
9 33 2220
23 50 3624
2 65 2024
45 66 4760
17 71 2815
14 92 1694
48 98 3973
13 40 1379
31 50 3268
48 54 1806
30 56 4347
52 53 3879
42 43 4357
20 33 2040
66 92 1319
71 82 398
19 69 1795
60 93 2748
38 64 1781
38 100 2590
23 88 1496
27 83 2562
53 58 1246
30 58 1810
14 51 3457
4 62 1503
6 97 1107
31 59 1469
3 68 3376
84 100 3499
3 100 1452
71 92 3340
54 87 3421
52 61 265
9 78 3459
23 79 2294
0 61 2690
65 79 4414
51 70 1507
30 68 2068
4 8 4563
18 46 483
34 89 3877
36 88 985
33 69 4581
17 94 3918
33 36 23
1 46 4042
18 97 2573
8 28 4386
53 68 1413
52 83 4018
13 53 916
58 93 268
10 39 1105
26 65 457
61 87 3798
41 50 2124
33 52 2334
36 91 2088
6 26 193
41 92 1006
3 96 254
20 76 272
36 42 4052
15 100 1472
73 94 569
28 52 1618
31 58 1014
51 68 4411
6 13 3801
64 76 1045
3 80 3259
40 53 4314
19 31 4190
28 85 3212
57 63 3821
17 30 1634
68 77 687
57 66 2097
38 91 323
11 37 4874
11 76 1840
65 88 4267
41 43 3835
42 75 4778
7 45 342
72 74 2585
5 13 3823
9 32 3368
43 100 3558
8 62 305
25 26 1318
21 99 2412
52 97 4650
27 67 2810
5 60 4755
47 89 3408
34 80 303
41 82 3420
29 58 1572
20 93 3311
42 79 1392
26 29 2610
18 86 1820
2 86 4532
43 79 2682
54 95 2203
37 41 1148
27 30 3702
53 62 2211
10 12 1135
14 74 3430
21 80 4199
4 76 1523
56 93 1368
37 79 4522
7 91 2004
48 64 3594
25 40 1753
17 28 1745
44 62 2856
83 92 3334
16 69 4174
60 89 2570
12 99 4539
13 23 2455
21 96 3269
1 14 3035
17 46 2673
46 47 3304
24 90 4959
21 77 947
39 46 3036
50 61 2226
54 85 832
43 74 4766
9 53 710
29 72 2202
50 81 3289
43 84 2133
40 59 266
20 48 4815
0 11 4932
7 44 2146
11 47 782
22 88 4521
89 97 533
6 43 3282
16 24 1097
3 57 2726
26 47 1165
34 70 128
34 47 3492
10 58 694
84 91 574
13 91 3389
63 81 3799
24 73 3552
36 41 1723
56 69 2931
58 74 1491
13 30 942
11 81 99
9 87 4371
9 26 684
81 96 4742
42 47 3277
20 50 4884
20 67 2429
13 54 1932
20 58 2028
2 88 2036
15 22 2791
42 96 569
13 51 1971
74 79 4394
79 100 128
59 70 3250
40 99 1078
27 58 2097
6 46 4579
47 57 718
66 85 1145
31 46 940
23 40 4824
59 91 2512
17 62 3275
4 33 3063
7 33 326
76 85 3760
62 82 2110
31 70 1321
24 28 4670
5 83 2671
29 81 1532
4 59 2458
32 85 243
24 100 3345
2 89 4984
17 47 1616
38 41 3999
31 41 4501
14 28 3053
77 91 4010
44 98 3451
4 34 3673
19 37 804
30 32 4646
9 47 41
36 57 53
10 98 4942
9 29 4377
37 87 4163
41 57 289
64 94 3420
26 43 4139
22 68 2891
72 97 973
10 82 4149
25 92 2662
29 35 1432
39 92 3219
66 97 3979
1 91 3304
13 34 109
22 61 3280
12 58 4303
81 83 1425
14 68 4852
45 75 2145
18 26 2733
4 55 2163
84 98 1281
46 85 2201
19 29 1873
31 72 2347
49 84 4124
15 77 3230
16 58 583
22 100 42
26 34 1098
18 57 1863
52 87 2970
3 40 4612
5 100 2611
13 18 2106
38 76 3384
15 33 619
63 87 2406
20 79 39
21 47 3491
45 48 2123
45 63 1078
33 99 3665
48 56 948
23 83 4154
20 49 947
1 79 2662
15 70 2444
10 64 2781
5 18 636
17 74 4570
67 92 1436
43 90 4515
3 81 662
17 29 4446
28 90 333
3 98 2391
9 49 3636
45 97 1215
27 89 4004
50 90 1084
8 14 4220
29 100 3080
13 21 1724
11 55 3133
56 96 2194
29 32 1739
56 61 1393
66 82 3508
15 37 1657
52 68 3417
24 45 2570
39 69 3434
22 74 1909
52 98 2125
32 97 3917
49 79 4411
22 42 4360
65 90 3388
13 94 3112
33 75 1204
28 84 2003
2 13 525
20 39 2587
7 83 4228
11 27 1281
7 63 2717
14 63 586
9 28 3528
76 78 4573
49 76 2718
48 81 918
15 87 4535
59 78 948
37 83 757
30 35 1891
77 99 455
23 54 2398
6 100 27
43 65 817
2 18 902
56 77 4232
82 96 697
19 61 416
10 80 996
0 36 3401
5 12 3777
2 80 2206
47 81 1649
3 79 1386
24 34 507
52 73 2209
7 72 3331
2 87 658
14 77 4929
52 94 4917
29 79 4488
26 45 2659
71 86 4946
14 72 3793
51 79 204
69 82 3446
32 65 152
29 67 440
27 46 2110
41 42 917
29 87 4528
28 49 4503
6 51 1763
7 25 4583
50 60 33
3 49 3476
34 62 1331
59 94 2056
72 80 4455
79 96 472
29 78 2458
3 28 1320
38 68 833
95 98 1651
59 95 72
42 95 2706
32 70 1137
3 11 1371
75 90 33
26 58 3015
25 48 1001
49 74 1956
2 3 1619
57 62 4089
28 75 1160
0 14 3881
0 7 4564
30 43 4231
14 94 3222
7 68 3916
74 87 3504
3 7 1212
18 28 2428
34 52 3754
0 77 3616
9 76 4880
46 81 2110
7 93 2144
28 68 1181
41 63 207
20 94 3819
80 91 989
20 96 4005
20 37 3302
42 94 2605
6 35 1939
36 76 845
80 92 3232
1 81 1907
26 73 939
29 64 4544
20 25 1756
41 47 611
74 85 1789
47 73 1780
29 30 2444
48 91 1577
31 91 1398
6 44 3017
13 67 632
26 96 2633
41 73 2629
40 43 2735
8 58 187
40 78 2406
79 83 162
8 88 4903
55 96 4503
7 41 2614
4 88 1899
63 88 4317
38 83 3431
85 100 2783
51 65 4570
26 53 1735
65 97 578
45 50 2264
12 66 2196
57 93 407
15 31 3954
13 20 1271
41 48 1951
9 66 2006
8 11 2299
13 69 4188
3 94 1560
23 43 4919
60 84 3920
73 76 2552
7 24 3948
9 90 4594
36 77 4028
13 59 432
8 32 1384
53 87 875
19 49 4034
5 50 4211
18 23 4416
28 82 2967
19 83 3504
52 80 1148
16 25 4818
11 67 611
68 99 1752
60 92 2738
0 85 3690
3 93 2873
47 50 2303
66 87 3071
2 20 3093
2 55 4284
57 85 1507
34 43 1612
22 90 2894
85 88 4960
23 78 2584
7 31 346
22 86 2949
5 74 3811
47 56 1923
47 85 1296
41 52 4625
48 76 1794
4 54 1953
19 93 443
27 82 3446
44 72 2271
11 24 1205
16 19 1424
32 37 341
19 64 1754
12 43 4989
67 84 2917
75 86 949
35 74 3914
24 33 4147
15 54 2184
75 76 1718
8 31 3318
17 26 3493
63 94 4608
54 98 678
86 95 4322
2 63 3516
2 47 1597
35 72 385
7 77 4678
11 68 1982
37 67 3332
3 54 4084
35 84 4279
8 97 3280
30 34 3717
16 18 4051
46 56 3283
55 76 3953
14 97 2988
13 52 1947
2 36 3492
13 60 4430
16 48 674
15 25 4506
2 35 946
6 68 3604
67 98 3200
24 76 4632
15 20 1476
9 21 299
8 59 225
12 16 2005
74 80 3349
37 59 1397
12 50 4870
0 67 522
27 77 1207
4 41 4947
6 64 57
6 79 3333
12 71 2964
6 74 4307
6 24 4825
57 80 3239
21 72 3970
2 74 3729
35 89 4662
6 22 1984
24 97 1016
6 48 477
40 68 1433
70 95 504
39 77 2486
26 51 4136
3 47 3312
33 72 3413
44 97 1781
30 41 2416
0 81 828
84 90 1012
63 99 317
45 99 1738
5 27 793
63 79 4930
33 46 637
43 97 545
35 73 4338
62 78 2522
70 84 4281
35 55 577
24 46 2866
6 90 3897
20 64 2032
30 98 503
34 100 288
51 97 4654
15 63 4969
52 88 3170
7 49 4330
2 49 3091
45 49 3707
2 95 3472
33 34 3791
28 48 1051
52 62 3060
64 86 4794
8 56 3294
0 90 3041
12 82 672
57 75 2814
55 88 4079
46 83 3428
69 72 4277
18 100 1629
62 65 1621
64 84 4776
25 60 2535
54 96 4
28 87 2368
1 84 1734
24 98 3932
43 76 603
39 56 3777
14 52 118
5 68 235
57 68 380
56 75 4558
4 57 1251
15 40 1400
6 85 2408
17 25 2943
12 61 2690
19 95 2481
53 54 3723
88 89 3263
28 93 3639
73 88 2072
55 71 4453
16 73 3727
13 29 612
25 67 621
2 76 618
82 89 3388
51 89 2932
30 86 2814
61 67 4675
44 52 1553
76 84 3603
16 78 2372
24 78 3207
46 67 3850
42 66 3938
50 73 1984
13 83 845
46 71 4615
47 83 1903
3 83 1704
8 45 613
49 66 878
39 47 1002
51 91 2724
75 99 4430
66 94 2158
35 86 1270
6 8 3911
38 86 2647
5 61 3435
20 88 1547
9 46 376
12 29 126
52 93 704
15 39 2681
21 70 849
4 24 1833
14 93 100
41 85 3882
12 85 68
48 52 2721
24 64 2281
12 75 883
35 60 3475
6 78 3523
64 97 3374
7 57 4783
79 84 1338
5 93 4604
41 59 1720
31 73 3495
3 37 3780
31 78 1906
39 83 3403
22 93 148
29 36 2270
45 71 2937
28 83 2677
28 95 3284
7 80 2758
69 89 444
4 48 1381
22 73 2509
54 79 4150
59 69 2665
1 2 2347
63 80 3026
68 90 4617
43 57 4775
38 55 3137
47 95 704
24 92 1511
73 100 1841
52 54 3411
69 81 4001
20 77 1173
80 99 3651
6 69 1600
11 51 4465
7 54 3499
6 27 2595
21 92 72
39 79 2532
48 84 2496
26 90 3263
21 45 4601
33 35 1728
8 44 2835
50 84 4304
38 80 957
55 70 281
87 91 1598
3 20 4896
11 57 4449
64 81 3842
12 32 2368
14 73 4631
33 49 2120
32 69 4725
35 49 2997
8 95 258
29 97 2400
35 36 2725
23 44 311
13 42 4940
33 84 3682
44 100 3641
61 90 361
41 44 2228
33 77 3947
52 74 3416
12 84 526
23 53 4895
11 19 1365
55 92 3173
27 79 611
6 76 2775
18 22 2524
29 63 4741
61 79 2827
26 68 1805
40 93 956
71 85 832
67 72 1372
27 38 2274
1 94 4526
14 75 1933
16 93 2952
49 86 612
66 89 3057
9 22 4635
6 37 2189
8 93 484
90 95 1792
52 75 3786
17 77 2594
16 80 37
27 36 460
3 82 4294
46 90 3658
58 81 411
85 98 146
52 63 903
5 89 1240
26 83 865
1 30 2748
13 90 504
32 55 2782
36 69 3561
8 74 2324
23 77 477
36 39 3670
89 99 2721
34 48 2051
49 52 4048
56 91 4591
66 67 817
4 91 1065
29 51 4548
3 73 4292
36 58 2859
64 89 1282
41 66 2268
54 83 978
56 66 2102
67 82 200
66 76 3631
4 39 149
3 34 3136
27 71 2470
15 90 1328
32 56 3373
33 67 833
61 62 3025
41 89 3417
33 70 4009
10 35 1171
2 31 2453
33 40 2534
49 91 3318
14 76 3114
59 77 1923
23 70 910
10 69 755
37 76 982
60 79 2452
4 96 3455
15 55 682
1 27 4297
61 88 653
31 48 3394
0 65 349
1 68 2153
54 64 1697
60 100 3077
62 70 2435
8 25 1380
20 56 1039
48 100 4164
22 29 1248
77 87 1974
1 19 1786
6 7 1120
74 94 209
32 33 3150
22 34 2034
62 63 2539
30 55 2095
8 81 1080
34 67 2045
6 66 2156
10 28 585
1 41 3287
21 88 180
28 54 4347
30 84 4747
2 66 4198
61 63 2791
33 58 1436
54 66 3156
10 14 880
3 45 1557
21 90 2867
3 43 4395
52 99 1825
21 58 4256
29 52 2114
21 82 3323
17 31 3573
54 86 601
51 98 460
2 38 3539
27 94 4427
6 28 2441
33 79 104
23 95 4273
56 89 2133
43 87 3216
68 73 1100
41 99 979
76 94 3017
0 75 1000
7 55 1498
7 81 1659
1 93 3248
26 63 2314
89 92 1153
9 57 870
71 89 3018
90 96 3359
49 70 2528
2 71 4680
31 90 2967
50 87 1234
29 73 2064
4 51 4046
18 75 760
37 90 4320
40 74 2955
16 28 4606
11 22 3041
0 16 3743
30 76 2385
21 29 111
37 95 3743
58 80 4076
14 34 3148
67 100 729
18 27 1113
56 73 3375
32 61 2101
24 30 3075
27 39 3793
4 37 3849
51 85 4940
26 95 3901
31 42 996
17 20 1495
28 73 2423
50 57 4850
59 85 2595
10 27 4561
11 23 2874
23 100 1389
11 56 4260
3 27 4543
22 94 801
78 83 4273
18 76 3397
56 82 3725
8 21 2845
12 15 2864
76 92 1101
12 44 4253
29 44 4436
7 79 4353
41 75 3913
49 58 1909
25 65 3753
32 64 3624
16 87 4159
82 88 4535
52 91 1395
40 41 4699
70 78 125
47 76 861
81 91 3907
56 78 1840
78 88 4399
7 50 4457
28 37 3334
1 87 1550
17 67 688
51 64 2553
47 53 487
0 88 3024
47 99 150
3 53 949
46 97 742
2 28 2490
20 66 4484
69 97 1505
33 87 793
68 72 1834
77 83 522
3 60 758
0 45 3157
18 72 2006
2 78 1422
36 68 1087
86 99 861
26 76 3266
20 65 1371
42 86 4505
25 62 3722
71 96 141
7 14 680
7 69 3251
6 61 1426
37 100 2555
65 71 987
78 79 3844
21 86 4517
65 81 810
29 40 2228
19 21 1926
31 65 1611
91 92 959
31 92 2836
37 91 259
46 100 1051
29 80 200
42 100 754
27 44 3160
9 61 1413
49 78 1216
67 73 1167
0 55 2322
21 28 4024
51 73 2872
74 89 2817
8 68 2247
60 62 4033
20 36 4604
16 27 837
27 86 4765
50 66 4315
1 100 3253
11 59 4515
35 76 256
48 60 4060
76 100 2457
53 63 1357
34 79 3797
4 11 3986
62 68 3669
64 79 1819
6 9 2056
34 91 1603
25 88 1343
13 37 1975
13 88 3208
18 43 2215
40 90 35
39 59 816
34 81 3426
39 75 1447
0 24 2576
71 87 2119
24 74 3422
3 86 4498
48 95 4783
44 76 4732
25 82 1055
15 81 3875
24 36 2883
69 75 2703
4 73 1505
1 98 2690
78 96 2059
18 31 658
13 87 2295
5 37 2243
39 41 864
26 54 3281
5 69 3850
40 48 444
1 10 885
56 62 234
9 27 1869
17 96 1742
29 50 1369
81 84 2863
60 97 3678
51 92 1919
47 62 1597
30 78 4997
34 58 320
16 35 624
21 62 4704
26 99 2730
10 23 1425
18 39 2807
0 8 2625
7 53 4153
82 92 4897
42 64 4577
51 63 3866
8 91 3495
6 33 463
75 80 1040
72 88 394
32 35 900
6 23 1619
6 50 3774
81 93 222
11 32 4182
14 35 2926
48 50 910
5 65 1586
28 53 2043
45 52 878
71 77 3387
12 33 384
28 58 173
68 75 1994
19 48 4475
36 66 731
31 74 1728
32 77 2263
69 85 3824
20 72 4403
76 82 4857
16 34 859
23 31 1936
21 81 511
32 51 2805
14 42 940
1 53 297
8 60 3566
40 98 2107
4 64 4682
8 94 4842
27 91 2218
0 50 1605
4 50 1787
19 41 1184
24 95 2527
22 96 1574
80 89 2628
62 71 4567
25 59 196
0 23 2715
21 75 829
50 72 57
27 59 1180
41 93 2645
45 70 2450
51 88 2991
28 65 959
12 48 3269
22 30 1521
32 67 4768
25 66 1466
1 95 1138
11 86 1062
33 50 591
86 88 391
13 57 2784
30 69 4161
0 42 1274
69 73 4181
23 72 2389
40 62 3897
67 81 2515
91 95 1113
29 56 3304
57 82 1262
21 59 1097
18 90 975
4 5 146
3 69 2342
46 73 4309
27 81 1687
25 37 4874
64 69 3359
42 77 4042
61 91 386
43 93 31
0 83 2945
18 58 1377
68 86 2156
66 96 1397
11 100 4267
6 16 675
41 69 648
33 48 4103
54 92 4668
12 90 3188
24 62 229
42 84 4319
20 100 1278
50 98 727
8 48 493
59 98 42
79 88 249
25 77 2111
73 78 678
57 86 469
57 69 2088
3 24 3494
4 42 4201
5 76 1189
16 54 3592
65 67 1251
74 95 2224
22 91 3584
78 92 472
14 82 2639
55 97 4667
9 30 3295
9 58 677
81 92 1537
2 91 4207
93 100 3855
27 28 2558
9 12 737
38 78 3398
12 64 2236
27 99 1267
30 94 1494
70 92 4613
97 99 4176
10 61 2238
11 64 24
18 87 2938
39 52 4113
10 41 671
5 94 3595
11 36 1417
17 72 2594
23 56 2682
18 35 585
10 36 1630
72 93 1494
40 87 1313
12 89 4500
19 32 570
13 19 2364
29 47 1114
42 91 1902
12 63 982
46 77 33
9 84 2161
8 55 2650
37 39 684
5 84 3747
23 41 51
59 64 3209
24 93 3832
30 39 1856
54 82 1958
9 39 2569
39 88 920
26 62 3809
57 71 4347
46 55 2370
81 94 2026
16 67 516
64 73 1601
75 78 4078
33 38 3749
7 19 4783
55 81 3369
21 39 1838
26 33 1586
13 63 1426
14 54 4610
58 65 1322
16 22 4381
27 66 3128
95 100 4965
8 71 236
81 86 2187
16 68 2215
33 98 1569
19 94 866
57 65 1266
17 84 1672
29 34 2198
29 98 3749
28 100 3509
2 100 1626
1 49 3245
8 80 3758
46 50 3703
12 93 2170
54 76 1512
37 68 3550
38 63 1561
20 54 1464
6 60 1997
49 88 4209
92 97 1859
13 86 4912
54 67 633
14 22 2409
38 61 3042
9 35 2410
45 54 1287
43 82 100
51 78 4471
11 49 215
7 34 2941
53 79 4344
10 97 1810
17 43 4558
45 64 2353
80 90 4496
11 63 2462
44 69 4111
1 38 940
72 99 2907
14 85 2717
18 88 4294
12 28 1848
46 92 1604
0 87 419
25 47 4314
50 88 2924
70 85 1707
45 62 2876
89 93 2983
38 65 2876
13 61 2249
43 72 4970
78 80 4556
56 76 2563
52 86 3913
0 9 2622
24 71 2238
14 57 3109
26 98 2340
1 92 4487
33 68 2622
8 78 1595
5 39 3018
5 17 1016
12 62 2824
0 73 3879
15 49 3350
51 69 3521
50 94 4351
15 52 967
25 69 1309
0 13 1800
31 76 3684
22 66 2420
2 70 1145
5 6 3364
47 88 520
21 50 63
18 64 1071
20 41 1335
26 57 273
16 88 2765
16 46 3272
71 72 4676
24 75 3868
15 16 2628
16 55 546
59 90 3157
16 85 836
18 40 2571
69 88 3019
15 80 3200
71 93 4189
12 78 4824
52 58 1967
10 75 4076
18 82 2841
67 76 2816
26 35 4270
43 75 560
16 84 298
28 74 401
65 72 1711
80 84 3854
24 55 300
47 68 3057
28 99 1188
0 25 696
38 84 693
3 14 1201
45 81 2994
60 71 2878
16 89 4353
73 75 4549
38 92 3456
57 61 3980
1 43 4097
11 17 179
16 72 2215
26 59 2284
63 78 4781
6 93 2285
40 66 1301
41 68 562
61 80 374
58 61 4768
29 54 2902
19 88 3635
93 95 1015
65 68 1602
10 30 3941
19 90 1616
0 58 762
37 66 4863
50 53 4674
49 59 3624
79 81 3145
59 100 3536
37 43 490
37 81 2132
15 65 766
11 58 3547
81 90 3318
53 94 2312
28 41 2998
24 91 1953
36 96 1480
16 52 164
53 67 390
48 58 1589
17 99 2808
32 76 3760
58 76 3605
7 21 349
11 98 2054
5 56 3464
12 69 2399
36 54 3996
28 81 655
30 92 2667
39 50 2497
72 90 3625
33 51 2918
18 61 175
25 54 3981
4 78 1415
0 56 3715
58 99 3345
32 73 3339
87 95 2413
65 93 4850
66 93 4532
18 52 4040
35 88 152
33 39 1049
0 79 1674
26 40 2174
14 59 1534
43 78 1058
62 98 4846
24 79 1737
9 70 625
59 61 3147
3 41 679
4 69 1528
30 46 3693
77 86 3684
87 89 1433
40 54 2077
60 76 4415
5 15 950
47 67 1580
40 51 1094
29 68 3049
2 9 4813
50 80 1309
16 29 396
22 39 3627
52 77 1676
1 85 1457
13 45 513
13 25 4339
47 86 4632
52 85 2284
56 83 380
23 71 1676
4 30 515
57 79 3058
7 65 2146
28 30 332
39 97 4935
54 58 1315
27 95 183
0 57 1544
87 96 3990
53 99 4624
9 86 1278
23 69 110
50 75 383
52 55 2463
76 91 3384
27 74 189
56 84 935
18 30 1513
25 31 3391
22 50 1796
38 53 3671
30 82 3350
51 86 4639
22 31 2736
35 40 4750
32 91 4483
44 59 3473
16 38 1135
9 56 3867
26 37 3208
36 95 2097
65 91 2893
11 97 2869
37 48 4610
24 63 2364
60 68 4512
60 78 1932
35 54 1088
65 92 341
32 88 1692
25 52 4234
1 25 4117
43 47 4729
23 32 1816
25 56 2665
21 36 277
20 59 4442
68 98 2114
33 95 3814
51 96 2042
36 61 3858
34 93 1041
13 55 2984
10 44 4360
37 64 2810
67 94 850
47 84 3395
62 95 1912
56 63 3063
34 75 567
29 45 4532
2 19 684
32 86 4506
26 71 1779
25 34 1764
8 75 2394
47 61 198
27 87 2544
22 24 2960
6 75 546
93 99 3033
35 80 915
44 70 4213
11 71 2223
90 94 1821
50 71 3202
41 78 839
4 93 869
62 72 4567
6 81 4122
58 71 4581
38 39 359
51 66 1387
2 43 3328
21 66 2608
43 86 2405
46 54 4535
15 45 4346
9 14 1022
8 18 4761
24 51 4449
45 77 973
21 44 2948
85 97 419
39 71 899
0 37 4699
43 95 3278
7 64 1492
58 89 4469
42 50 850
44 92 1441
63 68 1867
36 70 1873
26 28 1577
40 70 1586
89 98 2909
2 14 1734
51 93 3336
29 75 2505
65 89 4755
46 79 1361
29 61 2841
36 97 2532
45 76 876
18 74 2498
26 82 381
55 56 3918
25 44 3272
63 72 2049
32 45 3338
5 25 4693
8 42 671
24 26 1182
33 94 2803
24 85 2266
32 90 4725
48 69 3262
2 48 3331
10 47 250
97 98 1362
30 77 506
10 71 594
18 59 1435
1 73 3708
65 83 4992
53 88 665
40 80 961
47 49 4495
57 83 3971
27 76 801
54 80 1079
32 68 2276
15 32 1506
54 84 423
2 99 2251
84 93 2144
52 95 4980
32 46 1883
34 76 3883
1 22 1025
10 59 2554
1 72 1647
70 73 1755
10 74 512
68 94 2452
3 46 650
20 52 4185
11 85 3194
13 89 2905
1 64 4136
27 45 4328
73 79 3979
13 16 2848
32 41 2419
19 47 3927
12 72 3332
36 90 2283
3 74 2729
56 85 4632
88 96 4178
60 72 4907
63 71 1260
7 66 1470
40 89 1228
66 100 1425
31 100 710
18 93 1408
77 94 1942
28 92 647
85 86 4463
8 12 3403
7 92 2967
12 95 2128
26 78 3150
3 99 2699
46 84 557
33 90 1830
84 88 3118
39 81 739
75 100 4634
46 65 4661
28 98 4458
11 30 4713
6 47 4807
28 94 4780
31 35 2969
2 8 2356
1 15 3243
48 94 4900
23 52 4988
59 99 3155
5 55 2485
50 82 418
43 69 2645
69 74 994
35 38 4559
87 100 4115
29 92 2264
46 63 1353
13 36 2583
60 85 696
39 54 3698
17 97 705
31 54 660
4 29 925
0 69 934
21 78 2215
21 43 486
52 65 866
52 100 3958
31 38 4301
34 88 3136
12 77 217
35 95 1834
21 33 2283
81 85 3330
55 79 4970
16 32 118
1 63 3301
64 85 1875
25 64 368
72 89 2431
15 27 3205
21 38 2860
53 85 4988
50 59 4173
28 63 4679
55 77 2209
53 76 4849
4 86 4263
19 23 4988
2 61 364
97 100 4354
11 87 1633
67 87 3407
2 96 264
93 94 1488
59 97 2918
2 73 3420
50 62 4048
36 81 3180
1 54 3349
52 59 2960
18 79 4042
41 62 2734
29 31 2945
79 82 1012
14 67 1600
8 43 223
10 22 1963
42 60 3189
5 97 396
1 82 3073
25 68 1547
37 75 2802
36 65 962
67 80 4401
20 35 4764
17 68 1391
21 97 4929
0 66 3936
23 66 1066
50 79 4473
3 78 676
26 80 1870
78 84 801
34 60 861
37 88 2955
13 41 2054
13 66 1095
64 99 4694
0 17 3571
13 65 1582
13 26 409
28 57 2527
45 78 3989
7 58 2268
0 10 3319
3 29 1294
1 28 963
60 65 4827
31 52 939
28 46 1469
23 84 2079
35 65 557
27 29 1837
52 96 4748
94 95 4010
45 96 2728
14 56 1786
20 22 2886
34 36 3407
2 97 831
44 45 3126
24 86 4790
35 87 2982
34 98 1936
4 67 3815
16 81 4568
16 91 1486
26 94 346
24 57 917
64 75 1756
12 35 3940
50 55 931
87 97 4358
11 96 3358
28 45 345
42 81 554
10 54 2862
30 91 111
2 50 6
1 99 2240
39 66 1411
7 42 2362
63 92 3374
73 98 4697
17 66 3126
33 60 4668
45 53 2656
33 74 3635
42 72 2404
23 38 1740
57 67 1467
14 24 530
73 92 1508
29 70 4646
22 46 2857
32 80 4038
4 31 2376
30 80 347
61 65 199
21 35 2681
40 46 1434
19 35 1888
42 55 4803
70 82 2303
11 25 1345
27 31 3206
22 59 4442
10 66 788
20 30 4210
41 96 660
41 60 3874
4 56 3194
55 78 3077
25 80 3577
37 38 1781
71 98 1434
32 38 3728
12 55 3354
37 58 4648
35 82 3036
83 94 2126
49 96 2877
67 68 1283
88 97 1977
31 63 4346
48 85 613
14 65 233
60 95 904
3 89 3917
9 25 3691
0 72 3828
29 74 2855
55 58 1224
28 70 4319
17 54 1518
40 83 305
35 53 4474
8 52 4266
6 63 2212
5 26 544
6 29 3901
18 45 2876
11 40 2197
3 23 3394
2 39 4901
47 75 3760
40 64 4728
45 88 469
44 71 3401
10 18 4182
79 87 181
10 46 764
18 37 2987
1 50 2085
44 83 4818
23 55 1246
50 78 464
34 45 1516
19 25 2648
10 48 1477
12 22 1186
39 90 3254
86 98 4433
8 36 1860
14 47 1572
30 37 2173
26 70 3422
12 21 3535
13 56 1674
43 88 2991
9 91 4797
19 97 2809
45 73 3456
22 89 3133
54 99 320
64 80 2109
19 70 1253
28 77 4863
24 32 3168
58 82 1263
26 56 3769
74 76 1752
15 84 2344
30 66 3016
61 77 4685
21 83 2670
55 89 3396
50 97 364
31 99 4215
6 65 2442
66 78 1770
42 89 3646
49 65 2291
78 98 2562
46 99 843
39 91 3693
65 94 2530
59 71 4457
6 32 1304
17 83 2397
74 90 1079
6 77 109
4 75 1005
9 48 341
38 50 670
53 69 723
73 86 1202
85 90 1594
23 36 3113
39 65 3996
67 70 3248
2 24 4583
44 85 67
68 81 560
41 97 510
8 39 785
7 15 623
29 42 361
33 45 1329
15 75 3697
19 100 821
12 60 4469
38 93 74
30 71 3188
20 40 904
8 9 4917
33 86 2299
83 86 4278
61 68 3050
61 75 4447
32 62 2757
37 84 1227
36 40 3781
24 42 118
35 52 442
7 86 3028
88 91 4488
25 71 725
33 78 3269
17 73 4629
13 43 4882
5 22 4507
4 13 97
16 95 2632
10 32 4023
41 95 180
26 79 770
23 86 797
16 21 1412
57 97 2599
48 89 4779
22 25 3527
7 11 2704
8 24 1661
8 34 3173
8 92 779
89 96 3564
55 64 2457
68 79 4534
6 25 1697
19 73 1733
66 81 3422
89 94 2050
22 38 1204
16 57 2124
66 68 3598
72 92 3068
67 74 1411
79 99 3072
13 64 3279
9 45 2408
14 29 1280
9 41 456
86 96 4148
10 20 4436
19 20 2003
50 89 2557
70 94 3874
63 90 4959
1 71 4140
10 62 4455
62 84 1780
9 20 2444
65 100 2576
14 79 1377
3 71 3050
44 74 4448
49 87 2317
50 70 1592
26 27 332
22 28 2226
70 74 503
5 85 2268
22 60 4353
17 51 3524
28 79 2222
9 85 1275
15 66 1085
13 99 2112
9 42 2504
5 20 503
16 82 2030
7 16 4774
17 60 899
5 24 3713
81 82 1132
53 95 3425
6 36 4181
35 90 587
69 91 415
27 65 488
4 82 2372
61 99 3393
55 90 4701
17 38 3828
3 42 3215
37 74 2723
34 59 1178
58 84 4384
9 43 832
42 87 3210
36 62 2313
38 49 187
50 56 4999
84 92 4646
12 40 561
42 78 3684
70 75 4573
7 90 3340
14 49 2280
50 65 4482
22 49 2131
26 36 2091
59 74 3147
39 82 1438
43 80 3101
65 75 2802
58 96 2300
17 19 735
12 20 3086
11 99 4611
29 96 4354
39 73 1838
80 95 4492
6 70 4428
58 83 445
94 99 895
10 45 2352
28 31 1494
27 90 497
47 65 3532
42 65 345
63 89 1617
51 75 4903
40 73 2860
27 92 4831
27 88 709
11 82 1363
68 82 1335
24 43 813
34 95 1230
66 79 3251
74 97 1105
26 61 3357
40 50 2433
17 93 3136
19 96 4049
36 87 2169
77 84 544
9 36 4318
45 79 175
52 66 4947
13 81 2348
23 59 813
61 84 2616
56 64 100
33 41 2788
15 85 1284
70 89 843
3 85 3719
0 98 1257
0 39 1678
5 16 1465
75 83 2396
54 81 3532
0 99 4541
65 86 179
6 53 3430
36 79 1809
67 78 1758
17 82 1231
1 17 2114
5 99 3090
82 94 2813
10 51 3926
14 21 3757
48 71 1638
29 88 1287
10 99 2615
23 92 1280
7 22 2797
74 93 368
15 30 73
44 49 1973
30 95 3187
80 100 1339
39 48 208
11 66 824
29 93 2741
43 51 140
58 86 3810
65 77 355
10 29 4544
52 57 2731
46 78 672
49 54 1089
21 91 2983
26 87 2546
36 46 469
17 58 4651
66 80 2460
7 59 1075
43 94 1912
52 90 2518
18 98 2880
57 84 520
61 74 1985
12 67 2537
36 48 4536
6 38 2227
3 38 521
59 96 1538
22 84 504
11 62 3097
64 90 1597
0 54 3562
68 93 1910
68 88 217
58 91 3174
8 57 4262
44 88 2878
66 71 3503
47 87 180
46 58 4356
12 70 1070
42 58 728
31 64 3665
59 72 3680
68 76 3007
49 77 1989
34 57 2248
68 92 4707
44 73 3002
50 67 2386
11 90 751
33 54 3619
27 53 3671
9 67 2972
81 99 4291
83 93 2721
29 99 168
4 53 1271
40 71 1832
44 61 2783
56 81 431
16 71 420
43 49 3679
3 6 503
21 42 1219
45 67 447
18 36 1528
44 95 2892
4 46 1972
39 58 4536
88 94 3707
3 8 4229
26 100 3294
14 98 607
4 16 306
85 95 1030
3 97 3249
35 57 4457
45 86 3549
4 52 1343
60 88 816
29 46 2608
85 87 2066
62 86 3757
47 70 1686
15 34 1613
41 67 3054
32 52 1872
31 53 583
13 74 895
36 53 4323
26 64 1420
33 63 2980
10 55 2402
21 57 48
44 58 2496
8 10 595
0 21 4583
32 93 1579
29 82 4933
14 39 1374
62 96 4855
21 30 1052
32 92 648
11 41 1234
87 94 4248
22 45 176
50 58 968
4 79 3979
40 63 3136
63 76 1376
66 91 1677
7 96 4288
38 52 1740
9 88 447
44 65 1816
12 73 1084
16 43 414
38 74 4357
0 96 3572
58 92 3922
5 82 1211
22 78 3639
13 95 1275
41 100 3073
10 52 1819
53 71 1940
14 18 4427
53 60 4797
29 55 4392
5 86 4936
21 46 2284
81 100 4576
22 54 1973
8 51 2173
84 97 1468
17 76 1385
65 85 2781
46 91 2279
5 77 3961
62 76 4023
30 83 4066
5 52 3813
15 24 3527
82 86 1719
29 57 4350
68 97 240
16 99 1782
32 34 3095
35 37 1583
59 80 3014
31 77 3125
64 92 2651
54 90 612
58 62 3801
65 69 3812
41 45 3448
55 85 1419
76 95 2231
18 65 4096
35 39 3079
16 40 3253
3 84 3656
70 88 3559
47 60 500
38 79 1978
10 63 4316
36 63 849
20 28 1415
30 36 1383
4 70 322
53 83 1027
7 61 155
64 93 653
15 36 2719
7 35 3819
36 56 354
20 87 3803
11 38 4490
55 60 2985
35 71 2528
9 95 498
15 21 4123
45 89 4614
74 96 2439
33 76 2436
66 73 1785
23 33 4947
2 41 2763
76 79 2065
63 82 413
38 58 3869
65 95 1320
22 76 1534
55 91 2634
14 58 2225
64 72 3981
26 66 2151
43 61 4152
38 40 4188
58 100 3362
77 82 716
5 63 2827
51 94 1281
19 36 2953
19 80 72
73 80 1755
10 50 4098
26 97 4302
15 38 822
30 31 1723
25 27 3052
27 48 4267
25 58 46
9 81 211
10 57 2978
7 56 3765
25 90 2275
78 97 1241
15 96 4490
11 60 1198
48 93 4830
67 75 1975
13 85 2027
17 90 3209
10 73 123
15 83 2794
26 89 4825
65 98 2760
32 43 3849
37 94 4671
35 51 238
1 80 2696
19 52 4303
42 99 4904
32 36 296
0 97 289
9 99 4076
47 100 1219
63 93 1272
89 95 2600
23 99 2845
65 76 4361
14 15 2056
39 49 3629
9 65 3859
6 11 1948
21 93 1838
2 68 3006
64 91 3865
2 23 2851
44 80 2912
53 55 4364
48 79 3373
19 62 258
38 47 3320
40 77 4783
31 33 885
74 86 4611
49 81 1523
5 70 575
42 46 2332
83 99 1920
90 92 2260
77 100 2782
59 82 2854
22 35 56
14 17 4851
37 52 578
6 95 3515
7 99 2943
17 65 3336
13 32 2213
26 38 2431
10 34 1630
39 67 1884
4 89 935
11 20 2891
15 44 371
20 80 685
23 30 4402
25 41 4234
0 6 3245
60 67 1993
18 53 1761
20 47 4508
38 42 2444
12 81 2775
0 59 4981
83 100 4021
20 29 1605
55 69 1234
58 63 4170
7 10 2931
15 47 533
12 23 943
68 91 464
8 85 1283
42 67 1910
5 35 3458
65 70 1806
2 82 4812
10 96 4324
21 31 713
35 92 3661
40 69 3694
47 55 1155
0 48 2344
10 76 743
35 59 1740
0 28 3606
2 37 1317
33 53 4978
19 87 2694
83 90 84
11 31 3709
10 65 1467
44 89 1166
13 22 2405
46 66 149
46 70 1659
61 94 2264
25 73 1425
6 71 796
79 94 267
8 37 4497
23 90 4322
25 96 1188
33 80 2301
32 82 2261
34 69 2892
23 73 2121
22 95 126
24 56 912
59 62 3338
17 64 1213
12 88 3288
17 52 1610
23 67 2010
31 84 4849
52 84 4596
30 72 3771
39 42 883
35 98 964
47 78 4164
38 69 2768
14 87 2015
33 71 4233
25 83 3327
28 50 1728
44 47 1298
49 50 2563
42 76 640
42 88 3037
16 92 2751
42 62 265
55 66 2843
36 52 427
2 16 1597
70 79 1201
18 56 3698
88 98 4843
91 100 4402
18 78 4345
90 91 3201
4 77 304
89 100 625
76 80 707
34 44 311
27 100 4058
2 62 838
28 44 4982
37 77 3979
76 90 49
10 77 3619
82 87 1675
62 73 3312
5 78 204
33 57 800
43 77 3860
7 73 2732
1 61 549
4 85 1278
13 27 2419
69 79 4663
55 98 934
28 56 3838
14 45 2936
31 60 2526
22 41 625
35 48 3727
71 80 2208
7 12 563
0 60 859
15 98 819
37 82 804
76 88 1550
63 66 4078
15 93 310
2 60 2098
4 6 3903
12 97 3331
74 84 4789
42 93 3750
70 93 2843
63 64 415
27 93 3975
59 87 3741
38 95 3398
30 38 3059
6 62 4376
47 77 3114
44 91 3553
54 68 2333
38 51 550
10 100 3550
53 90 1902
39 80 3906
48 65 2283
42 97 2271
7 67 4221
35 94 1520
5 41 4791
66 70 3961
57 74 3040
44 79 2821
53 75 3500
9 60 4381
71 79 2684
4 27 129
52 67 2969
76 87 3083
1 26 474
29 60 726
15 43 309
33 73 1344
1 3 346
56 97 1973
45 85 4408
12 83 2975
6 30 685
20 90 4263
35 46 592
32 71 1086
39 45 3170
36 51 449
54 73 766
72 75 1376
23 91 1069
8 35 576
87 92 4420
55 86 1979
16 94 4260
5 87 2037
13 92 4026
11 89 1567
10 79 2015
28 80 3968
27 98 1863
21 64 1449
43 54 371
47 97 4176
6 67 3559
66 99 2327
23 98 4138
24 69 1874
14 50 4284
68 95 532
61 92 3623
30 49 4290
93 98 20
8 40 1019
72 73 4658
73 83 435
3 72 3318
7 95 1743
17 49 3422
38 73 2524
6 10 670
41 79 827
60 91 3353
1 12 3468
25 94 2870
48 68 598
5 45 3392
74 81 1948
12 31 2473
51 84 2963
18 69 861
79 89 2430
51 56 2538
22 67 2561
63 98 161
35 93 2715
16 47 1376
2 4 3581
46 59 3756
12 91 4974
88 100 779
71 81 2906
69 98 2159
47 91 1384
11 18 482
78 95 219
13 24 2723
4 14 1003
37 56 309
51 59 1359
19 27 3131
35 44 2472
77 92 677
10 13 4385
31 56 3092
69 92 3368
40 67 1663
17 59 2965
49 64 2237
53 66 2830
72 96 447
32 83 4002
66 90 1403
55 95 2963
36 83 1384
36 84 4080
0 52 3052
61 64 4007
24 81 3540
13 50 2884
7 98 2669
30 89 4256
41 54 999
39 62 2461
45 68 660
4 63 937
38 46 1659
39 74 288
0 43 4615
53 61 1284
45 74 2465
41 98 1237
58 78 963
10 40 1475
18 92 1786
73 99 2350
16 23 915
52 79 3619
22 58 2052
61 89 2207
73 93 772
9 83 4532
69 94 2313
72 79 1036
72 86 1477
28 72 2835
14 99 4797
46 93 1666
58 60 104
6 42 2436
66 77 139
46 69 1733
4 83 3866
46 72 1772
29 69 3790
92 95 4639
74 98 710
16 79 2609
58 90 2608
19 92 1109
43 91 1889
52 70 4879
19 55 2874
73 85 2070
33 65 3062
4 9 4250
20 92 107
50 86 3792
34 72 316
6 83 118
2 85 2957
87 90 3823
51 81 3314
27 61 3085
78 87 2833
16 65 3448
16 51 4271
9 38 409
38 81 2197
36 80 4935
48 51 659
64 74 1407
8 87 4192
36 93 4
3 17 1104
45 91 1624
77 88 140
6 52 2315
9 96 1634
8 89 1621
49 89 2151
10 87 946
10 17 374
44 90 1029
26 75 19
25 84 2940
66 74 1285
34 40 2923
61 71 303
8 73 4813
30 54 495
33 61 3650
73 81 3516
32 42 102
30 75 1601
41 72 2739
42 90 3835
17 87 1838
49 51 259
40 92 1441
21 98 744
33 37 956
49 60 23
71 95 5
6 72 2236
11 15 3852
12 100 485
76 83 3098
10 53 1412
63 91 2237
17 33 3834
53 98 2022
19 82 4917
32 49 3611
37 53 2504
57 98 2194
14 100 4570
17 70 4437
19 57 2625
4 71 4631
2 52 2404
1 45 4259
48 82 3184
9 69 3260
48 90 550
49 61 313
1 90 2913
62 74 615
16 17 897
71 99 3744
22 85 454
36 44 4533
86 91 1960
12 68 19
55 94 3781
11 53 403
79 80 4182
30 79 3291
23 49 4670
49 68 2432
54 78 3584
31 71 2267
47 90 1471
3 61 1945
80 97 4465
54 71 4867
34 87 1604
59 66 3291
4 28 2817
32 75 3532
58 72 4023
2 83 2699
32 60 4451
1 75 815
23 27 4453
7 100 4951
29 59 820
35 97 3983
48 88 536
25 97 4332
5 62 2375
82 84 2166
42 63 4400
23 46 3430
0 70 754
75 97 1817
38 88 4356
55 99 3537
71 74 881
44 96 2730
46 76 4136
23 74 2618
62 75 4734
41 51 2372
3 9 1555
9 51 2677
27 32 3027
16 45 3261
10 15 2523
11 80 3151
2 77 1731
42 44 2252
37 57 4839
44 50 4572
33 56 4293
22 23 1099
45 69 3690
11 29 4484
22 44 4663
9 16 2371
28 61 1471
23 82 4010
73 91 2459
10 93 725
30 73 4132
30 100 2233
44 63 4977
60 86 3293
48 80 769
35 99 3154
12 74 2422
40 75 775
2 5 1408
73 89 1496
45 46 3133
5 21 988
59 84 2456
36 38 702
9 54 2605
60 80 2127
16 86 1598
45 59 394
38 56 4703
29 83 3050
33 43 3645
34 50 4744
36 60 2325
64 82 2928
3 63 3992
41 76 203
1 40 3880
7 70 216
86 94 841
96 98 2357
38 89 1908
64 83 3111
54 94 1573
51 87 2812
3 30 1745
26 49 4155
73 87 1823
3 52 4414
41 46 2726
39 60 4445
16 33 4481
38 67 2382
26 93 547
30 99 2264
26 91 957
91 93 2463
55 83 3503
53 84 4103
24 66 2642
6 82 4404
3 70 2629
12 41 1081
44 93 4638
30 33 2892
43 59 1526
22 69 1952
52 69 496
11 42 4371
1 78 2916
3 95 4447
28 88 2707
13 47 3105
21 40 3951
29 65 543
8 98 2798
10 84 889
27 60 2166
58 66 867
16 66 1650
0 95 1539
4 47 3050
16 61 237
33 42 4956
14 80 4600
75 93 3876
4 36 3098
15 58 1107
52 81 4130
21 61 4276
14 70 3113
24 94 1695
20 62 3106
9 62 453
14 38 199
6 89 3696
47 59 3085
43 68 3174
13 73 4264
61 82 2393
4 98 2529
63 96 2718
31 89 1478
10 68 781
11 77 2860
64 66 2665
73 74 4512
1 89 1687
11 46 1499
18 32 2755
56 67 1099
69 78 2393
49 82 2351
84 85 2668
18 68 3548
25 45 4678
68 83 2705
9 50 4304
95 97 861
26 50 833
25 42 1041
41 55 562
25 70 4138
25 36 4774
15 76 1967
0 49 4833
25 29 61
12 17 2330
15 19 2292
0 4 4262
58 67 2664
7 46 4572
39 100 3269
25 50 2909
1 35 1955
94 98 1067
24 72 1654
42 70 4284
13 75 4291
21 95 985
17 69 725
25 28 3175
9 80 1219
3 59 1546
61 93 1005
24 60 369
7 28 3399
34 71 3630
70 100 3987
3 48 3237
61 95 3502
14 20 4905
38 45 1253
52 78 600
6 39 1878
55 74 4655
62 77 4025
72 84 2178
83 84 3187
18 34 3484
16 59 1535
12 57 1402
36 67 1139
19 81 1407
41 74 3741
14 61 4463
2 17 2931
70 99 2698
22 56 4887
79 95 3013
94 96 1692
32 100 1815
11 39 1060
1 55 2752
7 51 4113
0 19 3637
49 94 2466
51 80 2955
63 85 902
10 42 718
50 99 1643
35 50 137
15 71 4897
53 77 912
69 96 1280
18 83 4592
67 86 1266
38 96 4828
27 49 555
80 82 4643
31 37 184
39 98 1077
2 12 2585
64 95 531
4 90 250
1 56 4310
72 87 2781
5 71 32
20 55 3371
29 94 2364
87 88 2989
56 86 884
24 37 2754
96 100 1344
13 68 4124
23 85 1538
30 67 4668
31 32 2004
21 54 3868
23 96 1043
46 82 2985
22 52 43
36 75 3404
4 19 2844
12 36 460
4 87 1463
60 99 3570
17 95 4628
38 90 4203
24 35 4873
20 45 4352
15 46 2052
37 70 3858
30 61 636
47 51 498
38 71 458
2 94 1231
23 51 2086
10 91 2902
54 100 2666
34 54 1537
13 70 1289
25 53 206
44 87 3692
63 86 682
6 87 2055
64 67 162
3 56 2723
23 24 1380
45 83 2055
36 43 203
71 100 3102
58 87 266
58 85 4173
22 43 1508
3 67 2659
21 22 494
47 74 4391
5 11 677
61 98 4806
7 18 3139
28 89 939
56 74 3483
24 67 4628
14 64 1773
47 79 1503
57 89 4640
54 89 241
51 55 3651
6 73 4759
20 61 1500
6 99 900
0 41 4520
79 93 2373
42 98 1723
8 50 2027
58 64 4843
4 45 1292
59 76 1731
23 26 1107
53 82 3104
0 44 63
42 71 4892
60 64 1032
16 74 1360
35 91 82
12 56 4265
75 92 3762
27 47 4411
15 64 1206
71 76 2321
2 56 2611
72 100 1681
18 51 2365
74 100 3899
77 85 1926
39 63 4030
5 75 282
46 51 3409
60 90 1696
76 86 3026
51 52 3006
43 44 288
8 86 276
61 70 1832
3 33 3588
35 96 4134
70 77 2282
0 63 1192
47 64 4569
42 69 3958
39 95 2350
14 84 4742
21 34 2952
4 84 2952
49 90 1854
31 45 4433
67 89 2740
34 86 4243
15 69 4127
7 75 425
82 85 2319
19 30 297
6 84 8
2 81 4931
20 73 3030
48 59 3737
8 61 3216
27 33 385
32 39 1143
11 72 1292
20 46 4665
6 92 1056
42 82 2272
7 43 1888
68 100 3234
12 39 1886
36 49 1470
83 95 2830
42 68 522
20 78 2186
25 38 4175
78 100 2653
79 86 1425
2 72 2812
81 97 2862
15 56 1208
18 99 4698
56 60 147
78 90 1496
1 39 2220
11 93 488
36 72 2465
66 72 1054
20 32 406
10 33 2110
32 53 2085
36 73 2875
4 26 2928
28 96 4062
54 97 4704
12 80 1728
72 83 3795
30 65 4582
62 88 4022
33 59 2495
11 78 2143
34 99 4650
40 55 3400
17 78 1114
8 54 2812
4 23 3621
42 80 1209
38 77 4064
10 24 1614
11 65 4187
6 86 3125
21 53 3597
26 39 2590
16 96 1599
50 74 3662
13 80 786
2 25 4583
3 65 3440
81 88 2250
30 97 2176
4 17 4466
13 38 3200
22 51 2195
16 70 3516
12 13 982
54 62 3710
73 77 1207
78 82 181
53 92 326
66 84 1868
6 40 4568
79 97 522
78 99 4980
53 64 905
64 98 1619
59 81 286
56 68 810
0 30 904
13 31 2049
31 47 4975
56 72 1814
17 88 1394
18 24 4143
36 45 3419
0 26 3748
33 64 3247
83 88 1054
46 75 727
1 48 719
46 80 3927
63 77 4423
56 59 2772
24 38 4167
40 61 3845
47 48 923
16 75 1123
39 68 1309
18 81 751
18 67 3138
31 36 22
22 64 4010
62 79 1077
53 56 3531
31 69 1905
48 74 3783
28 91 1503
34 46 4016
9 68 4985
60 94 4363
0 74 333
32 94 3962
30 52 696
55 65 4014
43 58 608
22 47 4502
16 98 3895
77 96 4655
64 68 4811
19 89 2235
13 49 2624
54 70 1392
1 32 1408
43 56 2302
14 69 2574
18 50 1683
28 62 4167
21 79 494
7 47 3653
64 87 3666
82 98 35
35 67 3545
53 65 1764
42 83 4704
63 73 4650
67 79 1319
48 66 2407
53 59 1626
21 32 4147
9 40 637
34 64 2147
31 75 2217
4 58 4805
94 97 4315
57 92 376
39 78 884
14 40 1490
46 74 1823
56 58 3051
20 82 523
5 30 2423
53 86 1134
96 97 245
65 73 868
18 29 2890
0 15 1588
15 92 2691
45 84 3935
56 79 377
38 57 3674
5 67 1372
35 75 2208
31 51 3765
56 57 2323
44 86 3032
30 59 736
25 46 1178
12 52 4406
4 60 3787
67 96 3312
4 22 4345
15 50 84
13 33 1589
14 83 1817
20 60 1425
27 62 2871
7 74 319
9 59 404
1 83 2008
33 55 4075
7 30 4752
24 70 171
5 88 2776
8 77 4220
55 100 2475
19 22 1437
19 33 1201
71 73 3815
6 59 4347
47 66 2372
90 98 4354
92 94 1075
62 67 1084
8 16 4054
27 73 1739
28 42 4895
34 61 4624
39 84 1806
16 62 4109
35 47 651
54 63 560
59 79 1721
11 69 1194
8 22 88
29 38 848
62 81 685
0 53 3984
20 70 2530
24 53 1088
61 85 3592
40 100 2634
37 40 4684
67 99 2029
47 72 4762
13 97 3373
16 56 2538
38 60 2406
19 38 2765
45 61 2605
17 23 2355
30 60 4672
40 45 3820
20 85 949
62 69 1727
9 24 894
49 93 401
66 98 517
13 48 484
83 87 3827
31 62 565
14 16 4767
44 99 3819
69 83 74
57 94 753
18 44 3203
17 39 3196
4 99 2778
18 25 2443
44 51 3762
30 51 4677
34 41 1398
40 94 3213
24 59 3303
15 29 4892
38 98 2599
3 76 2
21 76 1821
8 27 633
27 55 4192
55 67 1540
41 56 2443
19 54 3734
0 29 3538
83 98 708
56 87 3156
43 73 1170
31 49 2681
44 54 172
20 74 4539
12 19 2186
5 44 2429
19 39 503
61 100 2780
49 67 2933
35 42 3923
5 29 3554
22 92 3214
17 75 2472
19 51 2257
23 80 575
75 77 2550
19 43 1978
6 12 1685
54 72 63
31 96 443
51 99 2009
24 41 3948
5 51 1488
48 97 3520
60 82 4148
38 66 1843
4 32 730
31 40 646
19 40 3500
34 63 3743
19 50 4398
25 75 4434
32 79 3436
29 49 2553
26 41 668
18 95 12
25 51 2813
13 44 2206
15 61 3864
45 57 4735
80 87 4177
42 48 1856
61 76 1035
46 86 3137
47 92 92
48 75 3654
55 80 3351
7 36 2214
25 63 1170
22 36 544
24 68 1014
54 88 2192
5 42 909
40 49 2929
31 97 2183
4 21 9
23 65 433
28 76 406
16 30 1331
5 32 2551
23 62 274
25 57 385
23 45 972
10 83 450
14 44 639
50 77 477
9 11 2876
34 83 1558
6 31 791
46 60 1236
7 62 2691
65 80 4628
41 90 4497
87 99 4812
43 52 2099
13 35 3710
76 89 3166
11 91 2008
6 57 1173
28 69 4877
16 41 4348
22 83 2279
56 71 674
65 84 1073
17 50 3303
76 93 2905
88 90 2726
59 83 146
49 75 1767
44 66 521
19 77 3681
75 98 1863
15 48 4155
50 52 902
30 45 3965
22 70 2228
60 61 3192
0 27 739
19 26 2070
10 81 3943
93 97 2304
1 47 1098
26 60 1130
34 38 4810
19 59 4502
45 58 2043
19 78 2379
86 87 2751
4 35 1571
59 75 3791
13 46 4891
18 96 2652
2 51 2620
15 60 3207
38 87 3353
77 90 3063
68 78 1558
33 81 1044
13 15 3963
3 4 3121
11 34 3989
3 12 269
2 45 4884
11 79 3673
14 89 4329
69 86 1245
10 31 421
43 70 2590
19 28 2179
21 56 3009
76 98 405
69 84 1025
45 95 4544
39 70 3024
11 45 2354
45 65 2298
53 81 2727
5 57 3782
41 61 811
6 94 2459
68 85 3579
30 64 1659
42 73 4700
18 49 3453
77 95 3999
69 71 595
27 57 234
7 48 291
48 96 3681
24 50 4510
29 33 4503
49 92 4163
29 85 270
71 75 1454
67 69 1026
84 87 641
35 63 2609
3 18 2648
17 63 3150
92 98 4249
23 63 4359
0 31 951
55 75 3573
16 76 2235
55 73 2360
11 13 2208
24 44 590
0 80 3515
10 21 2783
68 70 365
3 55 4672
14 96 4595
26 84 3932
8 70 4293
49 98 3938
6 41 4602
41 58 2594
80 93 1133
60 75 4623
10 90 3847
49 100 3253
14 41 3594
48 55 3103
12 25 2783
31 39 3608
2 79 2144
6 56 3255
6 17 784
77 93 1421
38 43 1728
73 90 825
10 88 3551
43 81 3809
40 81 1701
27 42 2369
21 73 611
31 93 3900
27 41 1321
8 15 2953
60 77 4429
47 94 3802
61 69 4375
56 65 3092
27 64 3423
36 89 2248
19 53 4740
39 86 2109
51 82 1447
83 89 2906
14 30 3874
18 91 2474
48 62 2949
73 97 1369
14 48 334
12 79 1795
7 37 2469
1 11 1153
95 99 3311
18 19 3780
15 73 2703
21 71 720
42 52 2542
29 43 4832
32 95 100
20 31 374
39 93 2298
50 85 4491
40 72 281
47 71 3001
27 97 1122
24 25 943
2 59 1185
3 77 1961
10 86 4732
1 31 63
21 87 215
65 99 453
59 65 1952
6 19 1510
45 90 374
24 48 173
53 70 4356
12 42 2159
24 88 4651
61 97 3913
50 100 404
44 84 3424
18 77 3993
74 75 3745
65 96 1432
15 18 4192
9 82 3671
7 71 405
70 98 3389
14 36 4461
13 82 731
62 64 4231
24 96 176
87 98 2453
59 68 196
18 20 2255
15 86 559
50 64 4955
33 66 1254
5 81 4301
90 99 1086
17 98 3685
77 98 1252
4 38 2176
6 88 1244
10 16 1861
51 54 4755
53 96 3012
44 75 2571
50 69 3593
72 95 2906
24 99 2797
19 68 2793
90 93 323
9 100 2174
0 82 978
2 30 1103
25 78 847
54 61 4170
9 63 2639
11 95 2214
23 42 2955
57 78 3558
62 90 579
52 72 2456
3 51 4052
16 26 4400
23 94 713
82 95 3076
26 77 3122
29 91 1056
64 78 4230
35 62 4445
59 73 2171
5 28 591
19 42 537
10 38 4223
13 78 3974
0 34 2397
57 59 523
64 96 1952
8 82 4437
1 96 12
58 94 1152
38 99 1052
20 89 4094
86 100 2468
68 87 4971
77 81 4678
1 37 1920
38 44 4121
27 84 332
1 69 1090
0 40 3922
5 96 4769
48 77 507
16 39 2084
27 68 3355
15 23 2744
36 82 3981
10 67 3131
21 94 1896
43 96 813
35 43 1450
47 96 4324
33 44 68
81 98 4550
46 95 558
12 47 2222
4 15 3463
3 32 2635
37 71 3117
7 94 1090
62 83 993
67 71 1131
74 83 1275
34 68 4031
8 53 3462
25 89 2643
47 82 4962
51 83 1612
87 93 3428
42 74 1234
68 80 2674
20 38 2285
40 79 3866
32 66 3733
36 47 3782
56 90 2498
19 84 844
0 32 3543
67 83 4138
38 75 3470
51 53 488
12 27 4562
40 42 2219
18 71 3614
7 88 3222
7 78 1634
36 64 1128
39 87 849
41 83 1600
55 72 952
61 96 2094
40 57 2643
75 79 3559
46 87 2614
16 63 4770
82 100 1151
2 69 826
0 91 2109
74 77 2696
25 33 1387
34 51 2061
12 96 4999
45 47 3038
7 9 3788
49 53 4359
31 55 3724
43 62 2575
28 97 2374
1 62 4980
44 46 2772
