1 99 4950
0 23 3511
2 0 3233
3 0 3911
4 0 3326
5 0 4299
6 5 1711
7 0 4212
8 5 1468
9 2 2107
10 6 4078
11 2 2298
12 9 2687
13 4 96
14 8 4467
15 13 1567
16 8 4466
17 3 3758
18 1 148
19 17 4680
20 2 3355
21 18 3888
22 19 2622
23 1 2524
24 5 3970
25 2 1945
26 14 4213
27 3 2042
28 7 4452
29 16 1714
30 2 2710
31 4 2829
32 10 6
33 20 3880
34 21 3877
35 5 1507
36 3 738
37 7 3456
38 9 617
39 6 965
40 11 1543
41 25 4116
42 8 683
43 8 835
44 21 2213
45 38 4436
46 37 676
47 36 274
48 40 2356
49 15 5
50 37 2489
51 24 3450
52 37 2121
53 39 2461
54 9 2629
55 15 353
56 11 3516
57 1 2221
58 47 3031
59 44 173
60 48 40
61 6 777
62 60 4853
63 15 4857
64 2 1819
65 59 4204
66 47 133
67 62 3401
68 29 2959
69 24 3350
70 3 899
71 53 453
72 2 2035
73 5 4868
74 46 1369
75 0 3580
76 16 4733
77 69 4178
78 42 3910
79 45 2001
80 29 27
81 78 4582
82 49 3130
83 38 3194
84 68 1961
85 56 367
86 14 1433
87 34 633
88 84 341
89 84 3899
90 49 712
91 40 1133
92 32 2138
93 58 1569
94 3 3460
95 4 2602
96 68 3765
97 17 3581
98 89 4752
99 53 2217
100 81 1395
52 84 36
75 90 2891
25 70 1831
17 59 1230
36 90 926
10 62 3254
60 89 974
19 55 2285
4 90 260
7 98 628
83 94 517
60 98 2902
59 71 3399
21 61 811
9 40 1456
68 91 389
38 70 3448
19 76 4122
12 58 4174
0 62 217
31 78 1908
3 43 1222
3 63 1246
29 64 3999
73 93 2549
25 81 4817
50 69 3732
52 64 3058
41 82 2217
41 58 717
9 79 1764
5 81 4368
30 62 2428
2 94 4120
59 86 712
67 79 963
68 100 3882
73 76 3498
4 7 2961
56 70 4607
22 41 1420
6 16 1266
12 31 4333
31 44 3336
14 53 1784
51 73 3553
51 81 859
24 35 1408
25 57 2879
44 55 4358
28 99 1932
82 89 3509
20 36 4283
18 28 3023
71 99 2425
59 87 880
67 74 4735
5 11 714
19 21 2922
72 75 2271
33 54 4365
5 95 608
2 16 2253
16 66 1093
11 20 618
51 52 3096
48 68 1690
22 88 2473
26 82 2420
14 62 3985
20 83 2354
14 43 3562
13 73 1867
40 72 4555
52 74 1306
46 49 2364
32 66 702
75 76 4005
9 98 2918
38 61 4922
64 86 2123
4 64 699
15 32 757
7 47 4781
36 37 3959
11 100 3636
10 51 3656
10 88 2612
2 15 1789
50 55 3570
15 24 3609
5 32 1997
38 76 1454
35 89 2083
42 53 4156
2 24 4301
67 72 3363
10 58 4239
14 22 3707
34 79 1942
13 20 1540
16 36 1533
3 31 2878
5 42 4216
52 76 3860
83 86 182
49 52 4883
11 57 651
61 84 291
48 93 4789
61 94 4637
48 86 3575
13 24 2523
27 79 360
78 86 4033
27 74 2172
15 17 827
77 94 3695
50 65 988
8 46 2105
31 67 4948
10 65 2105
31 66 4276
73 84 3991
42 83 4989
85 91 3672
24 45 854
44 70 974
14 44 2057
89 97 122
8 74 1869
23 56 1811
17 33 899
33 55 3816
56 59 2922
1 66 2149
41 100 1954
31 77 3518
22 98 3104
21 52 694
54 87 3502
38 67 1443
42 67 1106
53 65 3406
48 62 1831
35 73 3082
83 98 719
79 88 760
4 58 3952
0 14 1374
20 100 3183
83 85 3362
22 33 2407
17 95 4685
43 66 1838
30 88 987
41 77 3504
20 53 1568
51 66 3779
3 25 601
7 51 2114
3 47 269
57 85 8
29 30 3143
6 82 2557
52 60 3234
9 24 1023
8 53 4150
10 45 4915
95 99 2668
31 42 2997
32 87 2902
36 50 3365
85 89 4992
30 33 978
14 51 4458
30 81 3760
34 85 4232
73 80 4341
7 69 587
52 99 1463
49 84 1520
66 74 363
28 35 3545
8 37 3164
58 90 995
26 79 3933
9 62 4827
13 35 1074
21 65 867
8 66 1541
11 79 3481
41 63 4809
17 57 1078
21 78 4285
25 44 502
11 97 3334
50 57 1466
32 60 3404
68 86 3554
4 35 1425
8 81 3607
96 98 2748
36 49 1800
34 63 3318
14 79 3514
55 63 4811
5 41 749
26 49 715
55 85 1508
15 83 1417
0 25 1367
9 41 4413
26 45 1958
25 88 2944
7 50 4934
2 67 2209
10 16 1720
11 37 1891
68 72 2905
55 92 1249
61 78 1980
16 50 2818
27 52 2890
8 57 1936
18 98 4032
76 85 4408
4 40 4854
39 84 193
16 17 4085
20 25 2604
37 56 1561
12 43 3691
12 17 10
57 59 695
4 22 545
17 96 1552
62 99 1745
87 92 3539
28 65 3074
30 90 2635
30 48 3636
33 81 1549
5 28 333
44 60 1218
51 80 1499
15 73 2351
38 95 2914
64 67 4164
49 72 4682
45 61 3989
5 75 1095
34 97 4660
72 98 101
5 30 2784
45 66 1768
44 100 2381
46 77 4874
39 97 2147
29 67 2647
1 75 629
46 65 2302
12 33 3890
68 94 4269
30 63 2450
88 100 3981
46 84 4577
22 53 4223
61 98 4117
2 57 4328
59 78 4798
33 42 1960
61 73 1183
16 56 531
29 96 947
0 24 4954
35 54 4626
51 77 4069
61 74 4103
85 96 530
13 86 146
38 63 473
18 25 4458
58 82 2393
51 74 226
61 69 1206
25 68 501
5 98 3440
29 50 1438
12 73 4114
10 21 4511
61 75 3488
20 73 3649
0 73 768
34 40 1181
23 76 1116
30 42 3933
19 30 1864
45 93 4155
38 53 2562
66 92 4123
43 89 1910
0 93 1143
72 76 318
44 90 3822
49 60 79
77 95 3669
59 64 1172
37 90 2393
44 94 2689
26 77 3305
65 77 2369
23 33 253
6 40 216
17 34 2374
45 49 807
31 87 1708
56 67 876
71 72 4790
12 87 2549
9 81 3057
45 67 1308
5 29 4912
69 88 1845
17 69 4493
43 47 2280
40 89 3824
3 37 4735
38 57 1578
15 77 4292
8 72 2952
80 97 3677
44 47 3342
59 97 3359
19 87 1282
15 64 1406
0 98 3992
17 90 2653
51 62 2417
18 76 3681
10 70 1427
27 46 4008
44 77 2699
32 94 3422
4 9 2235
3 7 765
20 89 3529
29 35 2422
40 64 1873
35 80 3966
11 18 2929
78 99 4382
44 86 1327
34 54 1781
36 57 3088
2 43 3986
25 69 4062
62 87 4271
13 79 4805
92 100 2333
0 79 1288
24 52 2642
19 38 2361
66 78 563
7 48 176
15 60 4892
67 92 2682
22 99 3058
32 70 2580
8 40 2269
67 77 4581
37 85 2658
26 91 4678
10 29 4508
28 56 2407
34 41 969
32 54 3982
49 69 3865
6 90 2206
37 74 4129
63 88 4666
58 70 4787
34 38 447
46 66 657
86 96 144
2 46 4750
13 31 3258
15 98 781
16 98 1681
47 82 1137
23 24 4099
52 61 1675
38 54 2742
40 88 1125
47 63 1988
20 99 3782
43 98 4421
18 62 3228
12 56 1997
37 92 870
1 99 188
74 80 3464
25 36 3153
13 83 2462
28 61 2391
28 58 3314
36 51 2951
43 93 2650
1 38 4209
60 72 1230
20 38 445
47 56 3875
8 34 4010
13 33 933
45 68 3900
47 85 2848
10 56 4047
22 75 1368
5 83 350
31 55 2544
20 70 2865
9 76 2787
8 87 3197
47 77 1321
46 52 4602
69 80 4218
31 54 1090
57 73 4179
23 95 332
46 60 1057
27 84 609
40 44 2438
42 68 2777
4 62 2844
34 67 3299
3 76 358
32 100 1894
33 85 4031
54 85 1953
14 97 3465
2 59 3345
6 33 4476
15 94 2459
8 78 1816
33 50 1331
67 88 2317
80 100 1045
1 86 3167
31 69 2152
21 25 2812
5 91 4152
12 72 1255
21 82 4713
30 83 155
71 86 3138
19 48 3397
0 97 2673
91 93 1079
15 31 710
37 98 179
38 99 2271
13 44 4597
19 49 4210
1 69 3314
74 88 82
7 27 3316
23 62 2963
42 98 1018
37 75 2525
59 99 580
34 37 814
26 67 4273
2 51 4919
19 98 3605
29 39 2176
73 90 942
42 49 1178
26 72 4447
23 63 3710
57 78 3539
5 86 78
38 94 2689
4 10 4853
3 22 2706
11 95 1726
32 55 548
76 80 3168
0 34 3543
32 44 1543
80 98 4517
49 85 2961
43 73 4877
9 55 1051
83 95 1404
7 59 888
58 88 4661
42 60 4678
53 77 861
10 26 4676
23 26 2518
1 45 3900
3 16 4663
9 13 3305
18 26 1972
48 75 1594
26 87 3481
3 13 240
39 92 3840
12 74 1984
70 92 3381
52 85 4437
30 71 4016
15 19 2204
20 48 4579
12 95 3799
54 81 1105
57 66 224
31 74 3747
65 87 3656
93 100 4599
6 21 4310
16 42 1205
45 56 3910
30 94 4576
52 78 240
66 97 3049
15 78 383
32 73 4851
35 45 3282
61 83 3817
22 62 821
16 78 1313
47 90 2507
50 90 1631
7 24 2822
19 26 3282
94 100 346
35 64 2191
6 86 3622
50 51 1737
10 87 1000
48 53 3357
15 18 892
15 96 1174
53 70 1038
13 67 948
20 56 1906
47 88 3736
34 55 4524
55 73 643
14 48 3121
32 84 2193
86 100 977
19 92 880
40 80 2840
43 77 1849
0 77 4222
62 96 3526
5 13 2757
46 55 2312
31 100 3721
78 87 4039
25 27 1808
67 86 837
29 95 1731
3 60 129
12 45 2161
41 97 4850
2 71 1719
25 50 1125
37 97 4646
71 96 665
18 99 104
2 40 1368
5 36 4702
0 86 573
36 66 1385
44 85 2530
8 30 3723
27 50 643
9 28 545
41 50 3411
65 84 4266
25 79 2119
3 19 2159
29 83 1046
80 91 214
56 87 102
0 40 4043
6 75 2865
32 49 1439
8 85 2389
5 99 1587
19 23 4353
35 75 3409
59 91 1851
59 73 3168
33 51 999
63 84 3037
53 97 495
77 87 2371
3 62 404
53 80 3730
32 72 1859
54 71 1123
2 75 4328
81 89 4729
22 43 4061
34 69 1799
14 88 1919
31 40 3777
8 50 4665
13 95 2860
46 85 2402
24 38 3641
5 17 2806
31 60 1076
21 67 2653
49 79 2415
5 48 2618
17 63 564
36 70 1139
48 88 1331
87 94 4885
63 89 234
26 88 1321
14 36 1729
14 33 2131
52 71 4836
74 96 4225
36 38 1556
42 47 1370
19 43 2189
26 83 2398
71 76 973
77 88 2400
1 49 1219
50 88 415
26 66 3128
46 100 1626
23 32 4255
27 51 4219
40 47 747
11 30 4290
47 89 492
9 22 4825
4 96 4182
66 91 517
31 75 3785
3 28 252
19 46 1003
41 52 94
66 98 3700
28 78 1635
38 82 3107
33 89 3186
20 46 2257
13 62 2868
15 25 3673
25 39 4124
59 69 3698
10 24 2563
56 91 4798
9 75 1337
14 27 4915
20 32 4633
10 14 1547
20 40 819
67 84 4971
61 82 1179
30 89 3275
11 43 3221
58 84 2760
6 41 2978
8 25 2590
35 90 2532
2 96 2847
11 84 557
18 55 131
39 96 2466
16 69 2606
16 65 238
48 52 730
50 62 2766
37 99 1711
58 60 1924
56 92 1375
44 96 1535
42 82 3069
64 89 3992
42 87 4345
29 93 2150
77 90 1627
14 50 3197
3 65 3468
57 88 1328
89 95 4021
47 70 81
36 74 3243
38 50 1306
10 90 3308
27 85 4998
24 98 875
15 28 2307
27 39 1904
32 80 4053
17 93 1860
25 43 4686
22 45 3183
61 66 1336
54 84 225
75 83 3472
8 58 3669
27 96 75
7 64 3071
2 44 2610
31 50 3953
29 98 2210
22 36 122
22 46 815
25 56 4819
13 100 1838
50 63 782
78 91 3335
18 63 1946
62 98 2669
64 90 768
14 69 2399
16 81 3954
35 92 1828
49 80 1713
56 76 2461
14 18 4740
13 77 3054
24 59 2740
21 63 4586
42 70 2464
22 35 3392
35 84 3776
16 49 245
42 95 2627
61 81 234
12 94 1564
28 86 200
58 73 2665
10 97 3564
6 14 671
38 39 3329
3 69 1337
16 24 2746
4 33 2680
14 20 2144
42 81 1708
64 96 1404
12 39 2578
13 93 4963
49 58 365
60 90 3720
10 22 1087
31 86 1338
1 6 142
37 45 3185
22 71 2602
73 97 2278
64 68 3634
5 68 719
3 85 1185
1 70 1067
17 47 3640
45 63 819
14 31 3251
16 83 3785
20 61 3038
48 100 2889
92 96 1772
33 78 3025
16 46 2459
14 42 3602
43 81 2598
29 31 148
19 37 3184
0 43 1928
30 57 4614
41 83 1324
12 83 2351
4 30 908
26 46 2177
10 96 4348
6 22 3761
39 72 2815
39 54 4092
33 86 1772
84 100 3367
1 90 2995
46 98 2930
73 77 3319
26 86 1423
45 87 549
3 98 3885
32 85 829
65 92 433
38 59 3550
39 52 4550
16 91 2475
30 92 4308
32 34 3287
61 86 3968
3 39 4014
44 50 225
26 78 2860
17 91 4399
14 34 3925
72 97 590
23 66 4562
1 14 4081
24 93 1103
34 88 2265
24 61 1668
29 90 2309
46 82 3842
25 67 3044
51 100 1438
14 41 1993
37 64 1852
22 84 2522
12 82 2351
51 88 2843
85 86 2891
42 80 4668
57 91 3930
15 51 4266
27 32 151
54 82 2391
1 5 166
9 66 745
3 66 649
43 46 294
48 87 143
55 76 2681
44 62 3993
70 81 2440
0 36 2465
8 76 759
32 90 2360
30 55 1100
7 20 1910
37 95 3192
46 92 3988
26 95 2641
4 70 3034
24 70 1390
63 95 587
44 49 3928
54 89 4203
48 96 2708
34 72 2167
3 51 2102
27 82 1440
5 78 1277
4 14 448
69 83 2633
24 91 3094
30 82 1855
80 93 4108
35 42 936
47 71 3332
41 66 4298
50 92 498
54 59 603
68 77 357
19 27 842
21 43 1720
3 20 4965
17 54 1497
64 94 1411
0 76 3980
80 92 3955
34 46 125
50 100 1994
20 87 4106
9 11 1734
2 68 4374
11 12 794
88 95 4834
64 73 2664
42 65 4699
2 81 3708
50 93 3307
32 75 1090
19 69 4659
25 97 2422
2 14 4309
17 42 3192
2 54 4140
41 84 434
29 70 4875
9 36 3384
0 8 776
21 96 3432
10 43 4487
23 98 3383
19 67 1445
8 32 874
54 93 209
56 83 4866
11 38 2692
37 68 1827
92 98 4325
66 85 4412
38 75 1856
53 74 525
39 68 3125
4 39 443
22 49 1511
36 45 243
64 99 2560
40 42 1236
39 94 465
2 56 2271
29 61 3202
32 62 4548
6 51 1145
65 88 4315
43 94 656
84 98 3355
76 88 3893
21 89 2587
5 53 3543
29 100 3812
41 93 4041
12 36 94
39 55 152
31 80 51
89 99 2311
54 94 545
80 96 1992
18 93 53
66 67 1540
75 87 1206
19 91 2411
45 52 2167
3 83 518
78 90 495
54 55 4050
72 96 1209
13 64 1602
57 70 1013
76 81 1672
26 41 340
56 66 287
9 77 337
71 82 566
59 94 1215
25 61 4092
19 89 1204
59 61 1920
18 92 2448
31 97 2411
73 78 3457
24 30 508
11 29 827
63 80 3347
13 25 767
2 92 445
14 65 1887
51 55 3134
2 95 3472
45 69 2990
77 93 1470
19 54 2940
14 81 2741
53 68 4812
18 22 1320
3 12 2319
45 83 2133
20 90 3392
26 98 1506
37 73 3020
18 86 2375
46 79 1715
14 89 1893
8 79 3123
34 57 986
25 74 3382
10 94 698
25 66 1714
44 57 3879
77 79 3940
46 51 895
63 66 573
38 97 3403
63 68 3548
18 43 3436
82 99 1877
12 44 1414
41 47 1254
38 89 1504
52 62 2618
9 68 1037
23 64 2749
30 53 1662
89 91 3337
44 98 1670
25 55 2839
20 63 2888
11 54 2978
23 97 3737
38 42 2804
65 86 1819
33 53 521
0 46 1908
3 55 1631
34 86 669
21 76 3604
15 48 4582
8 48 4200
48 76 1803
66 83 2702
22 27 966
73 83 97
15 68 4503
29 36 3596
37 49 4777
58 74 4359
67 91 2517
33 88 3357
12 54 1386
44 58 3170
51 82 3415
34 78 1599
30 54 3142
3 57 128
8 83 1322
32 35 3650
57 87 343
57 81 2349
37 66 4209
11 86 139
35 57 2781
23 86 3860
15 21 1805
24 97 4590
26 29 693
47 67 1314
67 81 4018
25 48 1242
84 99 2977
1 17 718
9 88 3374
69 73 3748
35 100 3847
3 71 813
10 17 217
2 53 2099
26 59 4659
25 62 3728
64 66 3516
22 38 4718
50 95 2930
1 55 2
20 26 3307
15 70 955
28 89 377
60 79 2904
43 71 699
42 72 287
42 97 1301
35 94 4689
30 87 1755
43 99 4964
45 85 3820
83 88 217
29 92 198
6 67 652
0 35 3338
21 54 1371
25 30 3009
42 93 4514
50 86 4784
45 75 3113
2 90 1824
60 84 4591
81 95 3240
53 92 4938
4 75 3813
66 90 4813
66 80 1917
30 100 3369
3 84 2337
79 86 4248
74 99 1018
6 100 1729
3 4 1157
5 87 683
7 61 1201
85 98 671
3 21 3462
42 71 4734
43 91 4602
20 34 1492
32 63 1516
54 58 2464
0 38 1898
72 73 570
30 46 3551
14 47 1930
65 93 1089
81 87 4868
53 84 3392
7 40 545
6 91 97
76 97 1353
24 92 4602
16 100 3844
84 94 3310
17 98 2792
17 77 4332
20 78 871
75 100 2799
13 54 2378
15 82 998
5 72 1253
30 39 70
36 55 2910
56 69 1141
72 77 2701
39 73 2088
17 40 4598
19 42 308
30 79 2130
0 59 2222
68 79 2556
61 93 2645
5 10 1772
6 34 2875
49 86 2435
41 78 2206
63 64 2189
42 58 1179
67 68 1265
3 29 1797
48 94 922
0 64 3984
21 58 3198
61 71 4383
69 87 3078
13 56 1990
40 74 3310
13 40 2153
31 32 1523
33 71 4651
24 27 3451
3 87 2148
43 95 2181
80 83 3664
56 93 4449
3 97 3203
10 83 547
39 60 2394
62 65 3897
45 98 4637
51 92 4748
28 45 1662
25 98 2858
30 56 1941
36 62 3669
89 96 4281
41 88 2095
11 16 1482
16 53 1468
74 91 3069
21 100 4270
78 79 2965
41 65 741
20 35 138
30 59 3348
2 74 2793
16 96 3477
56 84 943
41 55 616
13 53 4237
18 33 873
38 78 4380
52 67 4167
11 34 670
40 46 1615
62 88 1948
8 59 3074
68 71 1873
23 75 483
79 95 873
28 46 2376
69 81 3221
26 69 4919
49 77 4050
46 86 2738
12 41 255
18 72 4355
55 89 553
41 75 3310
45 81 2226
5 49 3558
45 72 743
8 89 393
2 50 3090
33 39 38
77 78 223
1 77 3332
4 72 412
7 41 3891
7 12 3076
15 99 561
68 75 2186
61 79 625
4 49 4285
3 41 4485
11 74 4482
39 44 3771
41 89 4890
68 90 2474
35 88 108
57 74 4037
28 69 3980
20 28 3741
57 71 4865
12 55 2261
24 72 1394
24 84 1984
14 85 2650
47 73 803
37 93 392
25 37 2150
49 73 1194
0 26 4407
31 61 3638
42 73 4609
52 70 3140
45 91 650
42 90 4953
4 5 1361
38 60 1272
74 93 1855
44 73 4712
2 10 3258
26 73 1544
44 97 4029
4 42 171
18 59 366
24 85 2694
4 100 3174
13 46 2386
47 96 884
8 27 833
34 44 4355
55 70 4539
45 48 4758
46 73 4522
16 62 1614
51 58 2477
21 87 1157
44 56 4155
10 41 3300
91 100 6
5 43 2486
17 84 795
16 74 1717
28 82 3522
15 91 4671
58 78 2364
13 42 1546
18 88 702
47 93 4509
22 72 351
27 97 3996
52 63 4280
19 41 4088
71 89 516
19 90 4007
43 75 3381
65 83 2259
8 41 4767
27 53 547
19 50 3173
34 59 2954
66 81 2310
57 99 1216
26 30 4749
70 94 1950
60 87 2333
14 16 2651
3 30 514
19 95 1009
51 54 2116
46 75 2059
8 99 100
1 59 3672
81 82 3401
8 93 1703
29 76 3313
59 62 4715
69 97 3866
58 61 913
71 78 66
15 76 3726
56 65 2681
31 45 4879
17 37 2593
36 95 2170
43 72 1678
1 40 2864
68 87 3621
62 76 1959
18 34 2322
68 85 1510
5 18 835
19 57 1893
0 55 3079
22 90 3296
22 44 1777
29 99 497
1 63 2116
53 96 1548
32 65 3661
3 49 1813
21 85 3971
69 89 2388
12 21 2644
18 84 1276
11 51 3782
20 49 135
63 74 3490
70 80 2265
88 94 3835
32 61 3784
39 89 4618
1 33 3884
29 75 2002
32 36 724
30 50 4118
74 84 1191
46 54 1623
6 84 1497
5 16 2265
9 59 3486
21 70 61
29 33 1907
38 91 1171
35 79 3214
2 69 1322
15 89 4724
59 67 221
22 50 280
21 79 3995
30 47 4639
43 45 3212
36 78 1678
48 55 3615
88 99 673
39 81 1448
33 64 2858
26 56 1336
38 81 2867
11 23 2525
38 80 4575
75 94 3892
25 58 4537
45 96 4598
5 57 2719
12 50 3529
50 84 1573
45 80 1911
26 37 1497
72 79 1875
4 51 860
78 93 1635
13 65 997
82 86 15
11 53 798
29 87 3022
11 76 664
7 67 3646
66 96 259
70 86 1401
23 89 2898
3 26 3051
38 71 170
58 100 596
4 74 1089
64 98 332
27 67 3191
18 61 394
15 29 4193
58 71 4430
34 93 2318
40 52 3657
7 56 929
9 82 4365
10 67 1026
15 100 4400
9 21 4941
58 85 213
10 53 3425
23 58 2567
40 45 3450
61 67 1763
0 74 1962
34 82 3768
28 44 3393
63 81 1508
16 51 4199
7 68 380
11 66 3073
18 45 2253
71 97 209
24 94 1055
38 62 3859
14 28 3356
6 66 527
31 93 4535
57 67 1330
42 74 4624
72 85 2081
31 83 675
64 95 88
10 42 3234
41 46 1997
18 24 2293
2 52 1023
14 49 1241
0 72 414
32 50 748
1 12 1551
8 21 671
21 88 3172
39 57 4273
13 22 2459
51 65 4844
49 64 4372
52 86 4964
12 47 2701
26 92 111
11 60 4973
5 84 2253
33 63 4383
60 99 2682
32 56 867
97 98 718
18 64 2346
5 33 3419
20 30 4365
59 74 3760
87 99 3228
76 77 3884
35 86 3332
4 99 2858
46 78 2075
12 68 2619
20 50 4055
13 43 4012
37 44 3812
67 95 783
49 51 3035
52 93 3869
23 40 3869
25 91 2803
23 85 600
18 49 37
50 74 4094
66 68 2074
1 95 711
11 33 4319
86 92 874
84 95 438
0 89 3332
0 65 2777
40 66 4498
24 29 1955
29 74 2421
6 9 2914
51 69 3621
8 33 4746
35 36 1058
65 71 1271
3 15 2771
77 92 283
6 96 840
75 93 4881
12 15 4953
11 27 284
20 31 2131
29 73 802
35 53 3965
20 57 1509
85 92 1488
64 84 2274
18 29 3059
46 97 4031
0 45 298
41 43 2676
17 41 928
63 85 4506
6 13 2938
22 55 3686
19 73 3420
7 96 2084
2 88 3078
62 92 2009
27 55 4033
36 81 2380
73 94 4155
9 72 2882
6 68 1996
53 64 3628
72 80 872
12 78 3722
72 88 940
15 71 3024
20 45 4698
4 44 1560
8 94 1928
37 82 327
10 79 2480
15 59 1208
29 60 258
38 41 3524
25 84 4598
57 94 4066
59 95 1573
11 15 2314
52 79 444
18 67 4890
30 64 4301
92 97 3908
68 88 1248
72 90 4988
57 100 1213
33 48 3920
25 90 4501
46 96 2774
2 79 2890
16 75 4817
15 36 4012
6 64 19
70 77 3898
76 84 4972
15 38 2104
33 49 3564
16 40 1032
64 76 2533
4 59 4830
31 47 4079
4 66 2145
82 94 1999
26 34 24
59 82 2901
21 57 4974
28 62 4273
39 47 2903
30 36 4441
82 88 4253
39 45 2364
21 72 4793
10 98 119
21 62 915
11 85 1372
7 21 3284
25 40 2851
20 97 2205
73 100 3754
49 99 4771
5 66 4855
4 63 4992
41 57 3913
88 89 1433
30 86 722
0 60 4108
68 99 1573
1 50 4616
61 72 1878
44 99 3097
23 55 990
47 74 4210
17 44 565
2 76 2419
12 18 2526
40 76 3720
33 37 310
29 37 3734
84 93 1126
0 80 4152
79 84 2614
20 74 4499
61 63 167
33 38 673
79 94 3309
63 94 3909
20 64 1210
8 39 3833
16 27 3628
63 87 2520
55 78 1013
47 91 1158
40 55 1584
48 51 823
20 69 1275
21 81 3247
29 44 4396
70 100 3663
18 20 588
44 65 4484
18 48 2305
49 87 2562
68 76 2264
60 86 1107
40 50 2645
49 71 2590
7 71 1221
9 57 4523
78 84 1823
68 69 2080
72 92 4861
14 91 4685
41 61 3747
23 46 4006
17 61 1988
63 78 4676
31 37 4331
75 85 1966
48 91 3864
56 88 2231
6 20 3430
5 93 4879
52 83 897
0 44 2620
86 90 124
34 96 385
6 31 1002
26 36 3743
33 40 3520
21 60 1488
52 95 2655
23 43 3420
11 22 3190
32 59 4886
15 41 1341
7 70 1523
6 81 1654
6 35 4470
16 90 4851
15 53 3246
4 36 629
54 57 1027
7 36 2263
29 52 1591
18 54 2632
86 89 3484
52 98 1812
1 89 4310
54 66 4588
35 91 2235
41 81 1987
13 76 3562
73 75 4994
22 76 922
7 84 4706
48 99 4412
17 21 2106
26 89 557
20 75 2932
47 60 4507
32 79 4163
76 78 3021
10 73 3165
48 61 2693
47 52 2735
63 73 4969
61 89 2678
42 52 4860
30 77 572
1 19 2015
46 63 3249
27 90 3375
8 55 807
10 61 1471
0 41 4956
17 83 3746
24 88 585
28 57 4728
40 53 4343
73 86 1661
34 62 4919
79 91 3539
15 61 2745
4 85 2629
14 63 4425
7 52 4360
55 75 4247
18 57 5000
28 100 3244
15 27 770
55 84 1813
91 96 4078
61 85 4588
46 99 2022
4 46 4942
3 91 448
21 95 2020
60 73 753
1 54 1894
11 68 4873
45 53 884
13 29 3852
45 84 1701
55 65 3270
30 58 4562
42 99 1398
12 90 1167
52 92 372
7 93 1636
74 78 1003
53 54 2743
25 33 2154
5 71 3175
53 93 4740
4 45 1265
80 85 4707
16 73 3466
63 76 4336
30 69 586
23 74 4360
42 89 2699
70 91 997
3 42 1295
30 99 4408
12 86 3523
64 72 3192
49 55 2675
25 60 4918
1 100 4744
67 71 4190
42 84 4998
36 92 1202
25 76 3277
11 65 4801
20 85 2933
7 97 1837
44 93 3053
10 64 2308
10 75 4504
6 87 1168
46 83 1570
16 18 3217
2 89 892
4 16 4450
22 91 1696
13 21 3905
46 87 789
0 61 2240
44 78 1159
51 83 1945
7 83 254
7 94 3240
21 91 2610
15 87 4669
11 19 2898
65 70 1317
70 87 3514
13 26 3404
24 28 137
6 37 3696
74 89 4070
1 56 1032
21 49 3728
10 19 2769
46 69 672
17 18 2873
56 97 3284
73 96 2084
16 28 4377
39 67 654
31 82 2173
63 79 2232
64 91 4090
53 79 39
40 95 1593
33 66 3123
27 37 3471
74 82 3017
16 87 4499
54 69 2751
11 61 3321
48 89 2788
39 70 596
58 91 2503
33 46 2355
87 97 4522
24 76 3626
14 90 2217
71 85 529
14 30 323
31 85 3117
12 42 2933
2 97 493
7 29 4950
95 96 1952
46 48 786
73 81 1678
21 31 1548
2 49 1186
44 79 597
1 53 3113
82 87 1702
48 69 2311
66 87 2109
20 88 2433
82 95 4108
27 95 2934
4 86 4039
57 77 4341
21 51 5000
14 59 1669
5 47 3818
28 32 547
20 98 2019
60 71 4785
44 75 1732
20 86 1522
0 30 1377
73 88 2777
19 61 406
34 94 1366
40 49 4659
77 98 2931
56 64 4988
9 90 1364
23 68 4128
77 82 4183
6 53 4708
34 61 2620
58 68 3324
25 45 2825
69 85 405
48 83 3290
16 34 1711
52 65 4237
70 89 1566
54 88 4723
14 72 3455
35 67 1024
3 35 1115
28 72 225
34 75 2530
35 72 559
22 26 3370
29 46 4752
11 80 3581
44 91 2907
12 63 1405
22 74 4064
5 74 2703
20 84 3221
15 81 3238
5 77 2021
59 60 4226
10 34 723
54 65 4443
43 96 4360
74 86 2695
35 46 1765
71 95 2620
50 85 4132
44 48 2933
54 97 866
20 59 4244
25 95 123
78 85 3819
6 23 897
85 99 2767
20 94 3251
42 64 1920
14 60 4912
45 74 1688
8 92 4226
4 94 2277
37 88 2000
19 80 4160
6 49 595
46 50 245
12 35 1835
7 62 406
61 91 3038
13 34 939
16 54 3972
46 80 4206
19 82 384
34 71 3616
18 80 4495
0 53 731
81 88 2298
14 35 760
22 68 1717
8 86 1690
1 41 1138
77 89 16
12 98 1692
25 86 3431
39 83 2026
42 62 93
13 90 1547
18 37 1313
89 90 210
23 90 3993
39 91 2837
27 54 2158
44 84 3865
69 78 1832
34 66 1273
36 58 873
52 54 1234
18 82 2452
2 86 4833
13 92 1955
11 44 2651
40 100 3190
60 77 2276
3 67 4983
38 86 567
71 77 1103
23 71 2306
19 72 238
6 85 1781
34 45 1761
23 41 2622
55 87 4525
44 92 77
28 63 220
9 69 462
18 74 305
20 29 3056
30 65 3586
31 76 247
4 57 4010
48 59 2361
48 78 3621
8 67 3737
8 61 523
8 12 1315
25 29 4471
94 96 780
62 66 248
50 71 4967
6 24 3810
55 81 3442
48 63 405
7 38 1692
41 79 3579
19 86 4190
34 77 3629
17 67 3904
58 86 2147
62 68 3921
28 88 121
14 55 2072
24 26 2108
35 71 4180
57 65 3404
11 58 4075
88 90 2505
80 89 3947
73 98 1853
47 100 1058
15 75 1592
17 56 3779
83 90 4137
7 57 1444
1 34 2106
8 70 1153
66 75 1837
74 97 1702
29 77 4513
50 70 2567
20 96 2305
58 62 3952
13 19 3410
22 100 4235
36 100 620
28 33 2804
5 44 850
19 51 2562
60 94 4813
65 85 189
55 60 3260
1 21 1046
31 34 23
63 70 309
64 69 3396
25 59 1168
62 78 3091
94 98 1766
13 58 2871
33 77 2561
11 59 2510
78 92 2863
32 57 1128
39 43 3364
48 58 1362
8 31 2470
23 34 3378
25 92 3757
44 63 2245
13 84 3499
60 74 3828
23 92 4010
6 94 4136
36 64 4422
63 98 2524
1 28 1349
44 81 2168
37 77 3155
74 76 184
38 87 4664
12 93 3952
26 71 3060
60 66 3244
55 72 4777
13 96 3151
43 80 955
77 84 969
51 59 3588
6 74 991
15 84 837
7 73 4275
12 27 3166
79 92 1337
35 59 3266
12 84 4644
69 82 2101
13 82 1059
6 28 4460
0 96 3579
16 30 4199
23 37 2561
25 35 962
65 91 881
40 87 895
61 68 876
14 56 1182
27 29 4189
8 64 4168
17 30 4191
5 26 2146
72 94 4366
0 88 4777
28 83 3697
48 74 3985
24 57 4407
11 26 3235
75 80 1757
0 20 1975
34 52 4717
22 58 1768
20 41 3780
86 88 3362
39 85 3555
32 37 979
22 79 4511
40 59 1730
21 86 1419
45 99 4306
20 76 1035
14 76 1655
3 6 2771
61 90 1940
42 59 4344
5 65 1366
6 63 4664
12 61 3664
44 52 2501
8 54 3360
34 73 4314
4 15 2462
36 67 3247
56 63 3471
38 48 3297
4 55 3283
24 62 294
26 68 2861
37 54 213
18 65 2602
20 71 842
61 92 1902
34 89 1198
0 100 428
86 93 3677
7 26 4855
35 39 2066
57 97 2806
32 97 2389
5 40 3102
41 92 610
23 54 202
16 70 1464
28 29 2949
22 95 1839
56 82 4337
75 82 1855
7 66 224
39 50 1040
58 79 4716
1 2 4613
14 66 1339
37 70 1480
6 25 546
30 98 99
37 40 1413
40 99 2015
66 76 2980
67 75 918
57 60 1218
15 39 2174
52 81 700
30 38 3472
32 39 980
78 98 884
6 65 3151
35 99 4626
31 38 446
36 75 1933
33 93 1213
57 72 2985
34 84 4187
60 70 1927
90 95 3294
50 82 1947
34 42 462
38 49 2943
38 56 3068
7 30 4917
8 24 1322
60 95 2342
40 62 1265
49 98 3141
28 75 2014
71 73 2496
1 76 969
35 83 2
22 69 295
55 94 3028
29 97 1388
7 11 3305
17 81 2211
16 72 2765
0 95 3952
28 48 3342
11 93 1205
10 11 2432
61 64 4712
65 79 3865
37 89 2030
80 84 2846
10 74 4600
75 92 3804
32 81 4590
18 51 321
54 70 1820
97 100 1007
60 91 3884
6 18 1833
9 20 3292
20 42 2869
32 91 1217
30 84 3419
54 80 4100
90 98 2647
16 19 4506
3 46 3654
10 100 3050
28 50 2562
17 51 4475
9 87 2865
2 26 1739
51 89 4845
12 40 4535
82 97 345
36 69 4281
44 74 1214
53 82 4526
13 57 2168
42 48 2626
21 22 4137
79 85 4090
25 94 1141
52 56 4793
62 64 3415
3 40 3083
42 55 128
52 59 1565
39 58 4508
28 76 2858
27 65 2994
0 19 2505
75 97 1826
19 79 2819
85 94 69
73 82 1996
74 83 4307
4 81 1334
35 40 1780
47 99 1110
13 70 1643
70 72 3017
33 74 1322
0 87 809
0 18 4237
33 69 556
3 68 1310
9 35 4319
24 48 546
72 93 3686
4 68 1391
70 97 2852
13 18 2260
37 83 4732
63 91 309
7 79 3632
11 70 850
54 83 2218
67 80 4336
6 89 4642
41 90 4651
40 83 2329
7 44 1801
9 53 108
42 100 121
16 61 2608
18 35 3586
84 87 3292
7 81 4418
19 63 4420
48 73 3834
34 68 3300
23 39 4716
16 22 2275
36 65 3817
0 71 196
15 88 796
29 72 3136
15 20 3863
13 27 145
54 61 738
30 31 2273
23 83 4914
44 64 3910
2 47 3487
11 31 573
23 73 3217
4 32 4964
93 99 3107
18 42 1315
47 50 1980
29 51 181
37 71 3678
8 62 4579
28 70 3182
0 17 143
20 62 288
38 74 4612
49 75 4116
60 61 844
30 44 905
44 67 1060
55 62 340
24 82 86
15 43 4562
19 74 3605
37 47 977
13 81 2072
17 87 2747
19 56 1584
59 83 980
62 82 934
5 94 10
71 75 4312
67 96 4925
27 94 2343
67 82 2901
71 98 466
4 82 656
14 32 101
69 74 3816
13 41 3152
27 83 977
9 95 4975
22 40 1558
16 85 4881
39 86 1144
17 62 3205
8 97 1070
54 75 4196
6 7 4229
53 98 2173
23 42 4268
3 92 1661
1 22 3911
7 8 2146
33 82 3075
36 60 2477
16 38 3434
18 23 4059
54 74 1341
6 46 3147
31 58 1175
14 46 3862
10 68 564
32 42 3449
50 87 2547
20 47 2470
50 89 3899
5 97 3940
8 17 566
41 51 3490
37 67 771
2 83 4631
6 19 3522
24 25 4044
5 61 1081
9 78 4857
42 56 1561
12 100 2105
18 100 1394
12 38 629
36 73 2837
88 93 1893
21 75 2631
19 71 4733
19 53 526
8 68 3030
59 75 1321
17 73 1383
1 20 441
26 75 3548
61 100 2884
57 76 3283
7 10 3308
21 73 1370
15 65 3983
62 73 2093
11 14 3432
54 67 3027
3 100 48
36 99 1392
22 39 301
79 87 1880
83 89 134
4 61 4263
68 70 2741
8 15 2199
72 95 1192
39 78 1428
4 83 4217
3 18 3290
70 82 528
45 54 2581
9 84 2781
57 90 3566
83 99 4938
41 44 4429
27 43 2243
55 74 2843
11 13 948
82 98 4912
14 38 3478
23 30 557
17 92 2512
32 67 180
1 62 4023
16 31 1998
5 89 3491
46 89 2336
32 45 4344
44 54 2192
52 88 259
22 78 528
39 71 1568
31 63 3213
58 81 2590
63 90 2325
14 70 1665
50 83 4813
5 15 4394
16 88 4451
91 95 1826
24 74 2971
9 56 2671
18 31 876
39 48 1967
8 19 2454
12 75 2246
31 64 3038
45 71 355
0 56 297
45 90 4634
51 87 4636
7 77 598
48 65 2696
41 80 3377
20 58 1817
57 79 2463
1 47 3349
43 68 4318
36 83 312
90 96 1015
36 46 881
1 29 2006
89 100 3714
80 88 2541
88 92 768
22 51 4511
32 74 283
44 45 1166
29 48 4958
42 85 733
7 49 2039
18 40 2107
10 30 4971
5 63 1732
13 51 4209
17 58 4073
93 97 494
9 99 2440
78 83 2595
26 48 3268
27 56 1400
45 86 4652
26 40 1952
39 93 2052
12 49 473
59 79 1948
11 92 654
27 68 3043
26 64 1075
49 67 655
32 86 3134
16 33 3651
88 96 351
69 75 1761
81 83 1678
2 36 409
34 91 2197
20 77 1850
22 54 2404
59 72 3691
15 86 1992
48 79 661
30 95 2270
9 52 4801
87 88 549
16 26 4368
22 65 1294
39 88 974
44 83 2107
87 91 820
26 33 3794
28 92 691
69 94 1189
28 55 4687
56 80 4344
52 97 2759
22 61 199
75 84 3520
13 55 2777
83 100 2041
4 23 3334
17 88 3166
26 44 3498
13 72 1561
34 47 4515
9 91 3163
9 42 3924
21 84 3591
46 90 453
8 71 3534
36 59 843
14 25 1244
29 66 468
3 9 394
19 75 3083
22 63 2047
41 48 3391
63 83 2864
7 13 1232
79 90 799
19 77 2330
7 42 514
49 92 2850
53 89 1458
6 78 4882
22 77 3064
15 46 2098
17 53 3312
29 84 2197
67 100 724
4 6 349
9 73 827
28 91 74
66 69 3010
9 18 887
4 11 2264
4 24 3250
21 64 1451
76 87 2308
93 96 1074
11 28 3944
48 98 2168
39 79 2476
2 73 1770
22 82 1745
33 58 1378
12 76 1242
18 58 836
70 88 1907
7 60 3727
32 51 909
58 99 4793
13 14 4995
10 52 4469
10 39 3470
84 92 610
35 58 3257
32 64 1382
1 9 747
55 90 4673
18 85 3795
44 88 1796
27 49 1100
15 72 332
47 51 4546
11 41 810
10 89 3951
30 35 4201
8 38 393
45 100 3737
9 47 211
82 85 3780
39 64 4552
9 43 4713
72 81 3281
0 70 1384
3 74 3818
11 73 4818
21 46 4855
52 96 870
13 48 1669
83 96 1119
59 89 1316
15 33 2397
91 99 1996
2 45 2297
45 77 4956
33 47 4597
1 30 4988
26 100 3739
12 92 137
36 94 3090
76 94 3363
63 93 3065
2 39 43
21 90 4487
76 86 1858
65 82 4798
68 74 503
19 34 3493
1 25 2479
68 95 4264
2 60 3114
6 92 1421
19 60 4103
24 79 2410
87 93 2376
54 62 4179
48 67 1680
29 89 1725
48 54 2244
48 82 3846
19 58 3469
23 47 1974
10 54 506
43 51 1344
46 64 1756
17 65 3071
62 63 488
12 89 3778
7 75 697
61 88 3263
7 85 2728
52 75 4381
44 76 3971
35 95 679
49 63 93
9 10 3054
26 62 811
10 31 1143
86 98 486
25 83 1307
22 89 1353
55 64 2238
2 58 1188
0 92 796
2 5 2068
0 42 2930
68 83 4152
4 37 4438
16 89 460
18 44 4424
79 81 1045
31 96 3931
60 82 478
47 94 1414
9 83 889
16 67 2482
34 60 4589
59 76 1435
71 81 598
12 69 4394
23 59 4852
6 32 4238
18 69 3788
10 72 4478
36 77 46
50 61 285
43 87 4088
13 75 1103
24 36 846
9 74 2021
33 97 4703
35 76 2550
16 52 4395
22 73 3392
9 46 605
26 80 3152
10 77 2690
56 78 598
65 99 1657
80 94 2111
48 64 653
9 44 1272
33 52 3301
16 86 1952
28 42 3109
36 68 701
63 71 4984
31 79 4983
14 100 2875
33 79 3181
32 46 4999
18 19 3121
37 58 3439
56 100 1921
47 64 1943
33 75 2820
44 87 2834
28 38 3497
35 87 3990
19 35 21
63 99 2663
41 99 2579
55 58 596
51 71 2418
18 41 2406
48 80 1776
53 73 1513
27 77 1578
66 94 3080
8 90 949
9 29 4915
39 99 3515
7 54 1204
35 85 173
34 39 3832
70 84 4042
35 81 3494
17 22 2537
4 34 3684
61 97 3805
56 95 216
9 64 4484
6 44 3761
19 83 2088
23 28 1818
34 65 527
2 77 1508
47 79 121
28 66 1657
28 85 1779
47 62 1592
50 96 365
31 36 1663
57 84 409
39 51 4082
61 99 2057
38 96 1940
23 88 776
55 95 1394
30 78 3870
51 94 2178
55 71 1749
18 36 2226
21 42 3834
42 69 3876
36 88 4887
43 90 4990
31 52 1738
66 89 2531
10 82 35
19 97 4400
3 78 951
24 32 2841
23 48 1686
24 66 1220
22 28 4141
60 65 4416
99 100 2918
20 23 3420
22 48 3287
12 79 2799
7 34 4956
0 6 4190
80 81 1529
85 97 1579
65 90 694
43 44 2406
19 65 2482
47 48 4663
33 91 788
25 52 4629
10 40 3249
31 98 578
73 92 3728
3 80 3866
8 56 49
16 44 4703
30 66 239
21 26 4492
2 48 753
75 81 1007
37 76 1551
53 66 619
50 66 2176
19 44 772
27 80 1120
9 49 2667
40 68 4649
21 93 2737
3 32 3921
49 100 4855
42 45 4500
94 95 1728
90 99 2242
3 23 3143
41 98 4598
59 81 4793
36 48 4221
3 8 3568
24 55 2833
27 40 2133
6 71 1564
30 52 1752
59 93 4240
69 91 3591
13 52 152
9 100 1776
42 94 1214
5 51 2414
40 81 2651
24 34 4323
6 15 3224
10 93 4939
47 75 1285
62 69 1668
67 70 2829
27 63 3991
60 92 2312
46 81 3583
7 19 946
46 91 3448
23 93 4621
58 75 4677
7 23 4653
40 85 491
16 41 2641
27 76 1712
31 43 2495
2 55 4257
24 47 3043
39 87 666
10 81 2917
4 76 1122
19 59 3897
12 60 3959
56 79 4115
5 79 4688
69 98 3925
1 98 4022
52 87 48
62 86 99
54 63 2896
6 17 626
13 17 2136
13 39 1363
8 88 2627
20 54 554
24 81 1256
38 79 3875
64 78 1658
25 46 718
2 6 3682
3 56 2303
65 94 2694
19 20 2856
27 89 3834
29 41 1964
19 85 4744
29 55 2341
11 17 1885
6 97 1092
32 68 3401
46 47 2988
34 80 1735
21 83 4096
70 85 2721
12 57 859
41 71 3190
35 69 1112
29 88 3991
28 80 288
50 73 3579
40 69 3600
15 35 4939
10 57 4478
14 24 1543
8 69 2366
15 45 3401
46 62 4619
6 48 2842
29 63 4658
32 33 3013
16 43 1535
0 21 2975
2 37 2405
9 37 1541
23 45 220
47 55 3667
63 75 3210
51 60 4794
58 83 2502
5 69 4226
41 68 134
33 73 4983
50 99 1234
64 80 2725
53 67 2738
3 10 4416
62 84 3844
81 86 2921
43 92 86
32 40 2996
78 88 3343
77 85 1998
4 47 3085
47 61 2159
26 76 542
77 99 4554
54 72 441
69 84 3785
42 79 2698
11 48 3952
19 36 4815
41 70 4686
77 86 1740
23 44 4874
35 96 2765
42 66 3520
19 78 4490
19 93 3057
70 74 1523
41 69 4724
39 76 2913
30 45 4944
71 83 4979
16 94 2057
8 18 2855
7 35 3395
57 86 554
36 41 988
11 64 3506
5 60 3786
62 91 898
28 37 3435
72 87 452
1 58 1893
66 86 3968
51 93 807
41 60 2995
62 90 1426
42 77 3741
66 93 3713
35 66 2188
65 78 2239
59 80 303
2 78 4466
1 84 4812
1 36 4214
11 98 4512
32 77 3075
31 53 2465
67 76 4851
16 82 3499
44 95 608
11 42 469
58 63 782
92 94 3210
79 97 161
18 68 4111
34 92 1431
6 72 2632
5 56 3182
43 74 890
9 16 612
54 68 4770
21 47 1684
38 44 2283
4 50 1227
26 32 3846
18 27 4948
33 98 2415
20 95 4145
54 56 1310
51 68 2624
28 79 1969
0 15 121
73 74 4779
33 34 2642
37 65 106
16 97 4919
34 81 4150
16 63 4953
52 55 3576
16 47 2323
36 56 162
5 100 4158
6 99 3781
38 40 1971
19 47 4539
34 64 2585
48 72 3291
70 99 1837
7 46 1697
25 100 681
3 50 655
56 89 3674
29 85 4951
19 32 3322
85 93 1358
25 38 1999
67 90 189
87 90 201
20 27 391
59 92 4699
62 72 769
15 95 231
9 93 4802
38 84 398
69 93 2426
46 57 896
17 29 2616
49 78 2839
76 98 3653
80 99 1378
38 73 289
57 96 1159
23 94 4937
45 50 4489
28 67 525
46 76 3528
6 98 658
13 36 4191
6 77 2559
22 24 994
34 35 1841
16 20 1622
29 65 4481
16 58 2814
69 86 2249
28 98 1565
4 69 1244
46 61 2450
5 21 3576
45 47 4622
92 93 450
66 70 2867
26 93 3748
81 85 1682
26 74 4086
25 31 2216
65 95 2952
39 62 584
36 44 2452
32 53 3284
51 67 4574
12 37 1772
39 75 1200
0 94 2990
3 14 513
60 93 2125
16 71 2431
73 99 3223
57 92 702
49 96 3916
65 68 806
27 30 2368
33 59 4613
26 99 1274
61 62 1556
7 91 3378
47 49 3338
64 97 2147
31 49 232
0 11 3453
54 90 4857
47 69 1910
40 98 1001
12 71 3801
87 100 4682
17 52 3361
33 35 3411
13 85 977
12 32 337
70 83 3657
2 70 2987
26 58 3200
85 88 3361
4 29 2333
32 99 1681
28 54 3001
72 100 1702
36 91 1518
38 43 2091
30 75 3602
5 7 1691
4 84 2279
36 89 1244
27 100 3975
24 64 2458
68 78 4126
11 71 1750
2 33 444
54 95 2425
47 95 2870
21 97 2888
31 90 4917
54 98 3735
49 54 9
67 98 3972
10 36 4034
52 94 4246
76 100 1259
53 90 33
16 92 2900
21 39 3512
53 78 2542
21 24 1992
7 82 940
23 78 4764
48 97 1183
32 83 3286
66 79 3259
36 76 3415
17 94 3139
10 20 2643
38 77 3345
60 80 663
11 83 3204
19 28 1594
0 48 4356
11 87 4389
5 92 4855
0 81 3795
15 92 4436
2 99 2898
22 30 1391
7 25 2663
29 58 1274
11 36 544
56 57 4036
43 70 4247
59 96 4023
9 96 1591
48 84 2794
36 98 3951
10 86 615
17 38 3400
41 42 3628
39 42 3597
65 80 4019
60 88 2875
14 98 728
66 77 1801
72 99 1781
24 42 3126
60 97 4755
49 62 4288
41 62 1137
22 94 145
62 79 3958
83 87 199
5 96 4156
16 39 3943
11 55 3014
67 78 3940
69 76 29
3 52 3198
9 58 2092
65 72 556
17 43 3955
56 98 232
50 76 4181
5 46 4765
22 70 3162
20 43 900
39 90 4181
0 49 508
18 60 4576
30 93 2946
37 55 2375
29 78 2307
52 53 2871
18 46 3619
6 58 1029
21 53 3348
27 48 657
4 91 66
21 71 1037
49 83 1787
68 93 3222
1 10 1782
52 69 3247
56 72 781
49 65 466
5 52 219
38 64 3188
5 90 2067
33 43 1162
27 72 2993
24 33 2637
96 99 1154
33 76 3562
42 88 3134
86 94 1970
39 56 4753
69 79 1556
34 99 2706
22 97 1512
69 70 2784
72 74 4364
90 92 2229
32 52 219
25 99 2397
53 76 1166
59 88 1680
4 77 1014
7 39 2232
1 13 2678
57 80 3452
43 50 2149
41 73 3851
20 81 330
20 22 3574
26 61 1475
98 99 3804
53 81 4894
10 55 62
16 45 3001
23 49 128
13 63 2187
40 92 524
23 25 4640
41 76 3105
24 63 4480
34 58 1634
48 50 861
64 81 4464
50 97 2159
19 68 343
3 82 3713
46 58 3520
24 44 1040
46 67 4003
55 82 353
78 97 4272
26 81 836
0 83 28
3 90 3110
43 76 2439
70 71 3281
12 77 3477
30 40 1322
19 62 1282
64 92 4029
55 91 4216
21 98 4026
26 39 2718
46 94 3707
45 97 3567
64 93 4379
68 81 2170
2 85 62
76 79 1918
59 84 1668
76 95 1633
58 87 5
18 30 2948
26 84 1762
33 44 508
0 28 2995
52 77 3374
64 88 1528
32 43 4394
8 47 3584
54 92 2794
28 74 736
74 81 3340
58 77 921
6 55 4007
17 26 70
62 95 645
5 38 3370
84 91 3894
9 33 1750
31 72 3307
4 97 4475
32 89 1995
17 72 1186
15 37 1245
53 95 2173
25 28 4450
94 99 493
29 59 3287
71 74 73
6 30 4626
12 64 2561
23 77 943
24 95 4032
64 77 4090
10 60 3400
31 65 3134
35 44 1783
58 92 3634
76 99 1727
36 72 4802
17 39 1092
52 68 4024
87 95 4620
18 38 1756
1 92 3682
12 88 3724
26 28 760
17 86 3548
35 48 3358
29 94 4843
21 35 4463
14 67 141
35 63 4463
25 71 4435
9 94 2160
7 76 1093
11 50 1564
28 94 2517
1 96 4269
58 72 3941
30 70 1511
50 68 4758
24 53 4338
14 58 631
27 36 2338
11 67 4032
8 29 2044
15 40 1819
7 88 2476
25 49 4511
14 37 2679
17 23 4342
89 92 4162
43 56 517
21 48 3826
6 38 1908
66 100 1223
22 81 165
7 87 124
64 79 185
65 81 243
2 98 4032
50 80 4822
6 95 4243
33 45 3921
70 90 2125
30 96 80
15 56 1571
21 33 4855
8 51 2164
65 66 2861
17 55 4540
53 56 3580
7 92 4491
11 35 3903
23 100 108
30 76 1832
6 80 2378
33 96 4839
27 87 82
35 55 1923
52 90 4876
41 64 4846
17 99 3214
93 95 3621
9 92 3451
14 96 3822
12 20 1377
6 93 1857
84 85 1181
35 41 4134
20 67 3275
27 33 569
56 90 331
26 55 3929
72 89 3329
3 34 2872
34 36 1038
65 73 1576
28 87 1853
0 78 2199
21 27 3244
43 61 3620
31 91 51
40 60 2480
38 69 567
16 57 4008
40 75 4996
56 77 2386
17 28 2731
33 90 4887
8 26 3627
80 87 3323
91 94 921
42 63 3077
3 96 1312
30 51 1519
8 11 39
55 77 759
2 93 1536
50 56 179
41 86 437
37 87 2331
36 82 1902
35 50 2524
0 13 4086
21 29 380
10 33 295
7 32 3160
43 53 2528
41 45 2925
43 63 3210
45 59 3188
13 60 3942
14 73 4910
44 89 3979
9 60 3391
80 95 4098
5 64 3666
24 39 216
47 92 324
0 58 2872
22 86 1251
44 72 355
3 54 1134
48 90 2556
27 66 4611
69 95 1912
75 86 3125
62 83 748
76 96 258
50 75 1539
23 67 2573
26 52 2392
41 49 4439
16 35 4043
43 83 497
57 58 1731
25 51 4676
10 76 2369
48 71 573
81 90 3665
17 100 4416
35 60 952
72 82 728
57 89 4296
9 25 4765
1 39 2327
36 79 4207
37 69 4882
0 22 584
6 69 3714
17 75 1236
40 96 2385
29 47 4435
12 99 2771
33 62 2962
56 86 4846
7 15 1784
36 40 300
60 75 14
40 58 3966
78 82 2912
41 94 2017
53 60 1983
2 28 2081
26 51 3985
86 99 3922
59 63 3476
57 61 289
32 95 2937
69 100 4518
29 42 784
51 76 1046
3 53 1929
65 100 2247
28 81 3413
24 71 3713
19 81 208
43 69 2730
7 18 4657
14 75 268
39 46 2197
28 84 3337
1 31 3124
25 89 947
14 29 470
58 64 3384
21 94 2022
37 61 2084
70 76 2932
22 85 537
26 60 3923
5 54 3657
1 67 4293
8 28 3791
27 31 4946
25 73 2880
47 68 1335
37 59 614
26 65 1608
35 43 20
9 61 634
38 55 1714
11 24 1179
14 94 2968
67 85 4829
1 80 4368
21 66 1461
71 90 518
17 48 914
1 78 3837
51 78 3691
30 72 399
4 26 135
28 68 302
49 89 1538
43 78 45
31 39 3258
32 82 927
57 63 73
6 47 2641
40 56 1130
8 45 3532
23 87 4835
6 43 2093
24 77 2018
24 50 1872
19 70 1308
75 96 3894
92 95 4237
52 57 2802
47 54 2853
19 66 2892
19 25 4469
17 70 1583
5 14 1538
1 16 4066
47 59 1000
22 29 4972
23 50 1992
57 83 3365
2 32 3705
45 51 608
71 92 953
7 14 4116
36 39 3698
65 97 1133
14 39 4335
1 73 4419
14 23 335
76 82 4289
36 52 2851
82 91 353
1 64 4037
16 95 3423
62 80 4905
50 52 4796
10 35 4583
23 84 3232
53 85 1820
21 45 1575
19 31 817
31 33 2301
35 61 2565
0 99 2296
38 46 1003
33 80 940
7 31 4963
20 39 2059
28 73 4099
51 84 1658
9 51 2049
13 71 280
11 32 3693
36 54 20
9 65 2641
4 79 427
60 96 1486
42 96 404
58 65 3790
18 95 214
27 57 3539
56 73 884
48 81 3210
11 91 758
73 95 1800
51 64 1987
57 95 111
49 91 1165
31 73 4408
62 77 1165
36 63 4047
58 76 1663
46 72 834
17 80 878
62 74 1145
83 84 1901
5 80 604
27 69 4269
29 57 4926
27 78 3751
8 60 2292
20 80 2025
66 99 4440
8 44 3154
15 67 416
26 85 1787
31 95 2591
0 33 4839
62 70 1708
24 87 4324
56 68 1127
4 53 3515
12 51 3466
1 83 3141
33 72 4373
26 38 4120
83 93 2150
89 94 2154
63 100 4843
33 92 2404
0 31 3465
54 100 4410
73 79 2363
33 95 2482
20 72 1192
90 97 2427
62 85 2814
9 80 2514
22 92 1790
27 99 1624
24 31 73
51 85 2022
30 80 3362
55 57 1975
49 97 4846
52 82 1318
14 52 3746
41 72 3395
17 60 2899
37 57 4562
72 86 1432
27 62 4814
55 67 2028
3 81 1769
12 70 4574
31 59 3135
50 79 1589
2 12 4657
8 36 555
79 99 4816
71 100 2505
0 50 571
86 87 4483
34 98 1636
20 93 2658
50 59 4170
56 71 4667
9 97 4398
90 93 1785
1 3 3634
3 99 4199
23 61 977
11 21 3565
29 43 2232
36 80 3721
24 54 146
7 22 3558
61 96 3168
19 52 4258
24 40 3093
54 86 2724
33 57 3404
29 40 3505
5 25 1203
58 98 217
7 55 3454
49 76 2544
43 88 2209
44 51 643
43 97 2023
81 94 2207
61 87 4195
25 72 2571
4 18 3836
2 13 4589
27 81 4536
1 85 2877
32 71 4294
3 75 3618
20 21 1149
55 80 1593
82 92 3381
19 40 988
49 56 770
39 61 688
12 91 3006
55 69 2473
7 100 3567
39 63 687
50 78 1047
15 97 1391
91 97 3600
35 78 3003
23 69 378
22 67 3090
60 85 3709
82 83 537
53 59 4755
11 78 8
36 42 1554
7 9 3358
28 39 1164
22 37 4011
24 75 3204
47 83 746
14 57 1074
1 46 3473
17 85 2714
12 65 1233
4 93 516
80 86 47
15 80 4880
24 83 2466
6 70 25
16 55 495
19 99 1090
4 98 993
49 70 3828
1 24 1110
41 74 102
67 87 4552
15 42 665
18 52 209
39 74 257
13 68 2391
5 19 3930
37 100 4456
37 79 675
49 53 3612
45 60 3634
4 60 307
2 38 3335
27 45 4598
10 59 3147
11 94 2189
19 24 2377
75 79 4426
47 86 437
28 59 4814
50 77 3772
26 96 2324
28 43 2925
30 74 844
50 67 4022
14 15 3058
12 67 364
35 65 2083
64 85 4686
27 98 1133
11 99 666
2 100 2969
8 63 4805
68 80 910
40 82 2291
18 47 4217
30 68 3798
10 71 539
1 15 4410
1 42 632
1 93 2104
67 73 2724
15 30 1455
11 49 3846
61 77 4564
91 92 1818
32 69 1300
1 8 1524
74 98 835
45 62 4287
31 88 1990
45 57 1450
34 56 4944
14 21 138
24 46 2376
68 97 666
5 59 344
47 84 2278
18 90 404
7 89 210
7 17 2984
21 68 153
82 90 4167
31 84 4177
10 84 820
83 92 1865
0 54 4138
36 86 2815
2 3 4358
12 29 3014
56 81 2071
43 100 4510
29 91 3382
35 51 2627
43 79 3449
37 84 1356
13 80 1256
45 95 2104
15 58 468
31 62 4762
27 93 356
57 69 902
14 71 4488
23 96 4625
67 83 1849
49 59 2762
27 71 4996
74 95 1195
1 71 2047
15 23 1383
19 39 3095
59 85 2332
6 62 3191
13 37 4583
31 41 1322
23 65 3680
10 23 502
47 72 2528
52 58 170
31 94 1359
29 62 3699
44 71 3429
39 66 2335
58 97 18
39 69 3983
27 70 473
23 82 3164
53 58 1920
31 56 2090
2 35 3677
21 41 1693
59 70 1150
69 99 2114
74 92 1596
16 77 4415
16 59 4316
14 87 1037
15 52 1612
55 66 4259
31 35 1752
11 62 2008
2 62 1201
26 43 3464
0 9 993
2 82 930
11 46 1371
45 46 1487
13 45 1789
40 86 2254
16 93 457
56 74 1477
15 22 857
8 20 2687
0 16 4939
9 85 277
85 90 597
63 72 600
85 87 1237
24 67 2701
1 68 2451
40 54 2855
10 80 4769
43 64 4715
20 51 3745
62 100 3144
20 60 3584
23 29 1717
0 69 1837
48 56 3961
10 49 935
44 66 2028
14 61 4337
34 51 4415
8 82 1509
1 60 3065
15 54 745
25 54 3198
54 73 2758
79 82 2998
6 79 3395
41 59 3510
53 83 3997
45 78 4376
17 74 4568
1 72 4282
45 58 3357
19 94 2474
69 90 3880
2 63 3744
4 65 1066
91 98 3511
49 95 4516
13 38 925
30 85 2091
21 50 3890
7 80 3217
25 34 926
45 89 2340
55 88 2341
4 12 2150
5 70 4856
78 89 4905
16 64 4770
43 58 1268
47 78 474
9 26 3792
34 83 1728
9 45 4573
5 67 4251
22 87 4423
31 48 3267
61 95 1628
3 61 1211
14 45 2688
54 96 3169
39 59 2326
7 43 1199
59 98 2218
15 66 729
12 97 4426
89 93 2084
15 44 3224
17 24 1848
56 75 2488
28 60 496
55 86 2658
39 77 4870
70 93 672
15 85 2284
10 69 3003
1 61 1235
26 57 3916
8 73 171
59 68 3186
75 88 2357
35 62 286
55 56 3039
4 8 3777
52 72 2779
5 37 4642
43 86 4138
65 96 3434
45 55 3197
2 8 3757
3 95 1417
52 91 4060
20 65 3146
10 18 422
7 58 446
46 59 1784
5 9 3727
0 47 2351
18 79 690
23 38 3260
3 59 131
72 78 4348
18 87 4158
93 94 2052
6 12 4674
41 53 4746
3 48 509
13 66 55
13 74 1976
15 57 1514
5 22 1921
31 92 1666
12 25 2453
44 80 3761
14 77 1858
24 37 524
25 82 1126
63 69 2132
63 77 3771
83 91 3049
37 51 2315
18 50 2285
81 93 4787
46 71 4640
0 51 2448
6 57 4750
51 97 2841
55 83 2280
58 94 3192
29 32 2622
10 85 1218
23 79 664
13 59 1795
56 62 4197
22 47 4612
94 97 2004
24 73 3228
45 94 1611
3 45 1520
34 70 4771
34 53 3441
8 35 718
43 84 204
55 100 1848
40 73 3204
50 54 4426
51 90 435
27 88 1688
1 94 4227
22 80 1807
27 86 4396
71 87 3523
2 41 3939
40 67 2070
73 87 3069
27 73 4765
53 87 1812
16 25 121
55 59 3819
38 66 1206
29 34 2708
5 12 2758
26 63 4234
74 94 2534
10 12 4753
28 93 2088
23 27 254
60 78 2
13 91 3815
45 70 2753
27 38 1687
30 32 2664
2 87 1165
17 71 155
8 84 3506
3 44 2449
48 57 3794
84 96 4196
13 69 2113
50 60 4834
36 97 2923
65 76 3594
13 16 698
28 40 4394
9 50 1097
81 97 887
23 99 1404
8 75 2289
36 43 3733
19 45 593
10 28 3687
10 48 6
21 55 1281
72 91 1666
19 64 3079
65 69 314
38 93 2607
35 37 4633
34 100 2769
10 91 4331
9 34 4676
37 38 135
28 71 575
48 77 7
52 100 2181
27 59 346
24 90 1662
1 91 2648
77 91 2559
5 31 3807
74 90 3851
75 98 739
38 98 2917
9 89 3143
9 17 2427
55 93 1832
2 61 1054
40 97 2793
64 74 3291
33 84 2991
1 81 2931
18 97 2369
47 53 2181
66 95 4373
29 54 2153
72 83 3992
21 99 4501
55 99 2647
32 98 1429
3 58 2186
43 59 4418
22 60 3966
65 89 4118
43 57 2907
0 12 1903
14 92 1331
69 71 1977
44 69 4173
49 88 2365
37 78 1604
2 4 511
98 100 2258
25 87 4692
37 91 4186
23 51 1838
12 24 2273
3 33 2255
53 69 307
40 94 263
24 56 1198
4 92 1477
49 57 3313
88 98 3567
2 7 1125
79 80 4697
26 50 3505
80 90 3708
22 83 358
44 82 1025
28 47 4458
7 72 2492
28 53 1424
6 11 4488
17 49 4087
21 23 428
22 34 1545
28 36 3442
43 54 1308
39 49 321
63 67 1198
20 55 3316
43 82 1719
77 97 861
13 89 1247
13 50 2356
29 69 807
23 91 3407
8 13 3881
0 82 2655
30 67 2214
6 29 828
29 56 716
14 68 750
82 100 899
44 53 3149
25 80 2027
9 48 43
57 75 853
38 47 2519
39 98 3511
67 94 481
61 80 1891
24 58 904
51 98 2004
33 56 3728
4 56 4057
12 13 1037
43 85 4151
49 94 2733
14 82 683
85 100 1453
10 78 3463
48 95 989
42 91 4819
14 64 1278
24 65 845
6 59 4314
25 65 2299
7 33 569
0 90 149
79 83 668
36 96 4746
51 61 979
13 47 343
83 97 1906
0 67 1186
17 25 2213
22 32 4691
33 65 3103
0 52 4106
21 37 1437
0 63 2689
36 93 1568
71 91 2732
79 89 144
24 99 1151
29 82 3358
60 83 1954
0 91 674
40 77 4092
48 70 3784
23 53 3963
33 61 495
21 59 3840
29 53 3287
69 72 3978
2 80 1635
74 75 3019
20 92 2549
22 57 3725
35 68 121
53 61 3930
28 52 3124
19 33 4107
42 51 3560
29 38 4346
63 65 1666
24 68 2163
32 96 4045
75 89 529
46 70 3161
0 32 4950
86 95 984
64 71 3474
27 58 3588
25 63 743
12 80 3101
24 78 763
41 85 2359
61 76 1447
17 76 240
26 27 3011
39 40 2106
37 80 2927
4 78 1003
8 96 4690
64 82 1442
55 96 3721
54 64 4577
9 19 891
4 17 4351
20 68 1244
28 95 4850
16 99 4327
64 65 105
69 96 4379
58 89 1552
23 57 3724
39 41 4328
58 67 4503
25 47 3893
51 72 372
4 27 3144
42 92 4820
2 19 3923
51 53 872
26 70 626
70 78 119
9 67 190
18 91 690
78 80 1620
17 79 341
29 86 2008
62 93 1790
51 91 3301
35 77 3776
2 34 3892
96 97 2627
31 51 4770
64 75 4285
3 89 2967
15 93 2294
50 53 3065
21 28 1960
48 49 658
60 69 2852
25 26 4662
16 37 3493
1 82 2858
3 24 3488
87 98 1306
58 69 2186
8 10 4023
55 97 3885
5 20 2785
18 78 370
3 93 2551
90 100 3853
31 68 4136
33 67 4196
9 23 599
2 21 4152
30 73 3334
15 62 336
51 96 3733
47 81 4887
93 98 3759
26 35 4737
30 61 3394
4 20 464
23 81 3214
40 63 192
8 91 1401
9 70 4573
43 48 2233
84 90 897
38 85 864
27 35 3375
5 62 2721
54 91 3560
28 90 1399
11 96 3961
12 46 2182
14 99 717
54 99 4214
11 89 3421
17 82 1955
81 99 2725
37 72 4257
17 78 2592
4 38 3346
32 38 2975
55 68 3042
49 81 3406
62 71 541
82 93 4581
53 55 3152
11 39 679
85 95 2923
41 87 4846
5 23 3433
76 83 4736
17 66 3647
34 90 2453
76 91 4785
6 76 1239
27 47 3700
28 77 2116
3 86 383
6 26 768
12 81 3257
18 70 4767
16 68 4628
18 75 1806
0 37 1695
53 63 777
27 60 4646
36 85 1386
66 71 3093
30 43 4754
1 88 3863
7 99 3738
70 96 4805
9 31 3257
11 75 3162
25 96 4599
77 81 842
7 78 3876
31 57 4841
6 73 457
27 41 4388
8 9 363
5 27 4764
29 45 586
10 50 3742
63 86 187
75 99 2187
33 100 3608
20 44 2433
27 44 3126
3 77 4628
51 95 4658
0 85 3034
9 27 1389
86 97 3825
60 81 2471
16 32 3111
34 95 2184
72 84 1967
57 82 3443
71 94 2626
47 65 4715
39 100 1063
77 96 3760
3 38 1457
31 89 2359
54 78 3982
16 23 4249
86 91 2011
87 89 2352
64 100 3164
22 66 3531
75 78 1774
15 50 289
39 80 820
38 52 4897
8 98 4756
11 82 4478
4 21 4316
49 50 3855
6 88 4426
43 52 4333
57 93 357
23 52 3352
26 42 4794
28 64 110
37 62 4690
40 65 4699
53 91 1860
1 44 3294
5 58 630
35 97 1134
0 66 2609
2 22 1204
28 97 2209
37 53 1994
18 94 1784
12 14 3955
37 94 2184
34 74 586
8 80 3043
1 52 579
25 53 4461
60 76 4556
11 63 2238
53 75 2133
90 91 610
51 63 4661
30 60 609
51 99 1198
23 35 3952
21 40 2027
13 98 4631
27 34 914
60 100 778
49 66 82
37 39 290
38 100 2004
79 98 495
12 30 4602
8 23 3802
32 48 3915
13 88 756
58 80 1079
30 97 899
12 66 217
51 56 4457
80 82 3483
8 22 3672
27 42 1023
4 28 1135
57 62 1123
38 92 12
17 35 2779
42 46 4423
63 96 3718
33 36 1162
10 27 1958
40 84 3519
24 100 2174
1 26 4226
17 46 2986
54 60 1488
4 25 4583
34 43 3535
12 52 311
22 93 2861
1 51 2427
28 30 2924
14 74 1399
24 96 3171
50 94 3057
55 79 3806
46 93 1237
17 64 456
10 37 3265
42 43 2195
11 81 3646
35 38 1409
7 90 1708
38 90 3893
13 97 3703
70 73 4014
74 100 4950
27 75 2336
30 49 3680
17 20 302
17 68 1868
1 97 1941
19 100 1062
82 84 3700
11 45 2646
76 92 99
21 74 1596
18 73 3054
66 82 3168
43 62 855
67 69 423
15 26 3669
26 47 4911
3 88 2792
4 19 671
2 66 3394
2 29 2221
12 48 2356
30 41 3217
2 91 410
44 61 3731
17 89 718
9 14 2385
4 41 1918
0 10 4185
7 74 4860
23 80 395
87 96 4111
18 53 2852
54 76 1444
43 55 4932
68 92 4509
81 98 4341
95 100 2163
1 87 241
47 76 3987
40 61 4959
58 95 2044
4 73 460
45 82 250
1 11 2913
19 29 1639
13 87 2640
25 78 3145
25 64 3959
35 49 568
49 68 4958
9 63 3638
26 53 3706
3 11 507
18 39 573
40 78 325
5 82 1450
13 30 4931
37 43 2315
7 16 1763
36 53 1603
17 36 1240
4 80 1841
25 32 4333
34 76 2823
63 82 3645
15 79 2813
24 80 2965
60 67 4196
67 99 2171
50 98 2902
6 36 360
67 93 893
59 77 2714
0 68 766
50 81 2633
46 95 774
56 61 1600
10 63 3207
14 95 3756
76 93 2303
55 61 1108
8 52 1643
4 43 433
4 87 4602
56 58 3195
23 60 3072
73 85 1982
40 79 2010
8 65 3703
28 96 1832
48 85 4308
12 34 4607
10 95 3419
45 76 667
26 97 4122
73 89 1457
33 60 689
23 31 1474
43 60 1105
11 25 784
32 76 3864
42 50 4588
14 54 4225
21 92 1980
38 51 3523
23 36 1740
41 95 4897
53 94 64
11 88 2324
2 17 1470
53 88 2225
21 80 3287
12 16 1049
49 61 4024
34 49 112
84 86 4181
65 74 3966
66 88 2876
42 75 4387
33 83 2960
12 85 2645
3 79 1554
6 54 3042
21 38 4321
40 43 2561
10 13 2274
0 84 368
3 5 1332
1 43 3318
24 49 4856
55 98 4337
22 31 1932
1 32 334
7 95 3145
56 99 1124
75 77 965
18 89 4231
53 62 2653
3 64 4739
52 73 200
22 23 460
71 79 4497
60 63 2768
13 78 54
66 84 3750
9 39 2953
21 36 117
63 92 4362
68 82 2932
14 17 2986
15 74 1601
43 67 784
35 52 1727
16 84 556
34 50 3902
16 48 2905
44 46 4425
6 50 4415
17 45 1114
49 74 4830
35 70 2011
18 77 2819
54 79 1772
88 91 1563
70 75 3332
50 91 1887
47 98 1951
5 55 2983
40 51 358
14 84 4654
57 68 3776
75 91 3649
77 100 4753
53 100 4433
36 84 2380
68 89 4859
54 77 4229
38 88 1644
65 98 1551
77 80 482
13 28 1730
62 89 290
58 59 2436
25 75 1922
29 71 460
51 57 3372
59 66 877
5 34 707
41 56 1359
4 89 2703
6 27 1579
62 94 315
5 50 4285
6 8 139
5 45 2335
40 41 4740
50 64 2446
24 43 1180
79 96 4911
27 91 4902
45 65 3983
29 49 1983
60 64 391
64 87 3993
47 57 2097
28 41 4094
12 26 3565
48 66 4725
2 18 1474
35 93 1391
28 51 517
2 84 2253
9 71 576
74 87 3404
18 96 3032
36 87 612
9 30 2238
32 41 3005
24 60 4676
70 79 620
12 59 4407
51 86 2524
42 44 125
21 56 506
2 27 2611
33 99 1910
45 92 4618
47 87 1100
78 95 1086
14 83 2307
30 91 3572
51 70 1592
9 86 662
37 42 1460
59 100 3128
56 94 2017
43 65 3133
15 47 2229
10 46 2307
2 65 1240
18 83 4073
20 66 4052
73 91 2041
6 52 1236
65 67 5000
1 7 130
12 23 186
38 58 1849
79 93 3123
37 96 289
96 100 3215
68 73 352
0 29 875
81 84 4792
42 76 1656
16 60 4213
65 75 4321
5 85 3628
74 79 2361
13 61 2648
1 4 1609
14 40 420
21 30 3141
71 80 1073
26 54 3294
10 15 2426
25 85 2424
36 71 2525
1 37 2904
71 84 346
15 90 138
22 42 2351
95 98 4538
10 47 2843
33 87 3293
74 85 1555
12 19 556
76 89 703
0 27 2317
70 95 3016
6 83 4250
22 56 4677
23 70 4081
12 96 336
11 52 99
52 66 4237
21 69 1387
53 86 3468
10 92 2772
39 82 4314
1 79 4383
46 56 1369
8 49 4759
1 35 204
34 48 1815
58 96 4007
1 27 906
33 70 1128
24 41 3063
28 31 4232
17 27 4393
32 88 426
22 52 4362
21 32 4913
6 56 4569
33 41 4001
13 94 2196
33 94 1467
6 45 3439
12 62 958
76 90 2848
46 88 4225
37 48 2414
70 98 3677
75 95 4473
64 83 3684
9 32 4690
37 60 2509
81 91 2238
42 57 3119
1 48 3349
23 72 3936
37 63 2657
4 48 4589
40 90 756
11 72 439
10 99 690
17 31 2017
21 77 4129
18 56 1564
20 91 4766
13 23 3897
42 54 3103
25 42 817
60 68 3662
68 98 1438
5 39 2961
17 32 3353
47 97 3724
3 73 3450
15 16 3709
1 74 1316
45 64 4324
32 58 938
32 47 1983
56 96 3791
42 61 1014
27 61 3613
78 96 4778
97 99 3341
7 63 675
8 100 246
6 60 4319
7 65 2961
29 79 1396
78 94 467
26 94 1790
19 96 2737
41 67 135
18 32 2371
4 67 4925
27 28 2297
15 34 2160
71 93 4148
51 75 4444
37 81 4896
39 95 2133
52 80 125
16 21 247
44 68 3430
95 97 142
62 97 1496
66 73 4283
10 25 2419
10 44 2783
40 70 2206
4 71 4905
56 60 3548
53 57 1942
15 69 2941
20 79 3230
84 97 4408
57 98 1618
10 38 3718
88 97 3648
79 100 3706
20 37 2011
41 54 3671
6 42 4124
28 49 2336
2 23 2279
35 74 4764
35 56 4941
29 81 119
63 97 4868
71 88 243
67 89 1196
38 72 2244
47 80 1956
3 72 535
14 19 2211
67 97 97
18 66 3919
37 86 4653
14 80 3537
64 70 1875
43 49 3463
35 82 441
42 86 289
1 65 3632
22 96 3532
13 99 3069
