40 31 71
1 41 2120
2 41 2120
3 41 2120
4 41 2120
5 41 2120
6 41 2120
7 41 2120
8 41 2120
9 41 2120
10 41 2120
11 41 2120
12 41 2120
13 41 2120
14 41 2120
15 41 2120
16 41 2120
17 41 2120
18 41 2120
19 41 2120
20 41 2120
21 41 2120
22 41 2120
23 41 2120
24 41 2120
25 41 2120
26 41 2120
27 41 2120
28 41 2120
29 41 2120
30 41 2120
31 41 2120
32 41 2120
33 41 2120
34 41 2120
35 41 2120
36 41 2120
37 41 2120
38 41 2120
39 41 2120
40 41 2120
41 42 2120
42 43 2120
43 44 2120
44 45 2120
45 46 2120
46 47 2120
47 48 2120
48 49 2120
49 50 2120
50 51 2120
51 52 2120
52 53 2120
53 54 2120
54 55 2120
55 56 2120
56 57 2120
57 58 2120
58 59 2120
59 60 2120
60 61 2120
61 62 2120
62 63 2120
63 64 2120
64 65 2120
65 66 2120
66 67 2120
67 68 2120
68 69 2120
69 70 2120
70 71 2120
0 71 2120
