56 8 64
1 57 4614
2 57 4614
3 57 4614
4 57 4614
5 57 4614
6 57 4614
7 57 4614
8 57 4614
9 57 4614
10 57 4614
11 57 4614
12 57 4614
13 57 4614
14 57 4614
15 57 4614
16 57 4614
17 57 4614
18 57 4614
19 57 4614
20 57 4614
21 57 4614
22 57 4614
23 57 4614
24 57 4614
25 57 4614
26 57 4614
27 57 4614
28 57 4614
29 57 4614
30 57 4614
31 57 4614
32 57 4614
33 57 4614
34 57 4614
35 57 4614
36 57 4614
37 57 4614
38 57 4614
39 57 4614
40 57 4614
41 57 4614
42 57 4614
43 57 4614
44 57 4614
45 57 4614
46 57 4614
47 57 4614
48 57 4614
49 57 4614
50 57 4614
51 57 4614
52 57 4614
53 57 4614
54 57 4614
55 57 4614
56 57 4614
57 58 4614
58 59 4614
59 60 4614
60 61 4614
61 62 4614
62 63 4614
63 64 4614
0 64 4614
