23 24 47
1 24 2034
2 24 2034
3 24 2034
4 24 2034
5 24 2034
6 24 2034
7 24 2034
8 24 2034
9 24 2034
10 24 2034
11 24 2034
12 24 2034
13 24 2034
14 24 2034
15 24 2034
16 24 2034
17 24 2034
18 24 2034
19 24 2034
20 24 2034
21 24 2034
22 24 2034
23 24 2034
24 25 2034
25 26 2034
26 27 2034
27 28 2034
28 29 2034
29 30 2034
30 31 2034
31 32 2034
32 33 2034
33 34 2034
34 35 2034
35 36 2034
36 37 2034
37 38 2034
38 39 2034
39 40 2034
40 41 2034
41 42 2034
42 43 2034
43 44 2034
44 45 2034
45 46 2034
46 47 2034
0 47 2034
