10 78 88
1 11 241
2 11 241
3 11 241
4 11 241
5 11 241
6 11 241
7 11 241
8 11 241
9 11 241
10 11 241
11 12 241
12 13 241
13 14 241
14 15 241
15 16 241
16 17 241
17 18 241
18 19 241
19 20 241
20 21 241
21 22 241
22 23 241
23 24 241
24 25 241
25 26 241
26 27 241
27 28 241
28 29 241
29 30 241
30 31 241
31 32 241
32 33 241
33 34 241
34 35 241
35 36 241
36 37 241
37 38 241
38 39 241
39 40 241
40 41 241
41 42 241
42 43 241
43 44 241
44 45 241
45 46 241
46 47 241
47 48 241
48 49 241
49 50 241
50 51 241
51 52 241
52 53 241
53 54 241
54 55 241
55 56 241
56 57 241
57 58 241
58 59 241
59 60 241
60 61 241
61 62 241
62 63 241
63 64 241
64 65 241
65 66 241
66 67 241
67 68 241
68 69 241
69 70 241
70 71 241
71 72 241
72 73 241
73 74 241
74 75 241
75 76 241
76 77 241
77 78 241
78 79 241
79 80 241
80 81 241
81 82 241
82 83 241
83 84 241
84 85 241
85 86 241
86 87 241
87 88 241
0 88 241
