82 13 95
1 83 610
2 83 610
3 83 610
4 83 610
5 83 610
6 83 610
7 83 610
8 83 610
9 83 610
10 83 610
11 83 610
12 83 610
13 83 610
14 83 610
15 83 610
16 83 610
17 83 610
18 83 610
19 83 610
20 83 610
21 83 610
22 83 610
23 83 610
24 83 610
25 83 610
26 83 610
27 83 610
28 83 610
29 83 610
30 83 610
31 83 610
32 83 610
33 83 610
34 83 610
35 83 610
36 83 610
37 83 610
38 83 610
39 83 610
40 83 610
41 83 610
42 83 610
43 83 610
44 83 610
45 83 610
46 83 610
47 83 610
48 83 610
49 83 610
50 83 610
51 83 610
52 83 610
53 83 610
54 83 610
55 83 610
56 83 610
57 83 610
58 83 610
59 83 610
60 83 610
61 83 610
62 83 610
63 83 610
64 83 610
65 83 610
66 83 610
67 83 610
68 83 610
69 83 610
70 83 610
71 83 610
72 83 610
73 83 610
74 83 610
75 83 610
76 83 610
77 83 610
78 83 610
79 83 610
80 83 610
81 83 610
82 83 610
83 84 610
84 85 610
85 86 610
86 87 610
87 88 610
88 89 610
89 90 610
90 91 610
91 92 610
92 93 610
93 94 610
94 95 610
0 95 610
