4 36 172
0 26 7
2 1 304
3 2 1140
4 1 4577
5 0 203
6 3 2389
7 0 3458
8 4 1704
9 6 3193
10 8 1914
11 0 3815
12 9 935
13 0 835
14 6 608
15 4 4086
16 14 22
17 6 784
18 4 2587
19 3 2038
20 13 4699
21 0 1322
22 15 1859
23 9 1114
24 11 1524
25 5 4180
26 24 3955
27 12 4487
28 10 303
29 7 3830
30 21 4235
31 15 1662
32 8 4422
33 0 3017
34 20 139
35 28 1282
36 31 3700
37 9 4780
38 25 4223
39 10 3344
40 9 3946
12 15 1186
4 13 2681
1 39 2830
17 37 4241
7 27 4557
7 21 4475
18 30 530
2 11 1150
11 14 2023
29 30 2045
22 31 4329
12 23 499
6 35 3538
13 18 4139
11 19 4729
2 40 664
3 37 4719
4 25 2381
6 24 1018
12 32 3291
7 25 52
4 32 11
36 38 4693
5 6 3968
3 36 1469
26 34 3978
7 24 1033
12 29 2057
15 24 3446
24 27 3430
4 29 4267
20 28 2103
6 27 1167
3 32 4122
2 17 2451
28 39 1808
14 21 2558
13 15 545
4 16 1648
30 37 1623
16 17 4206
16 31 4530
1 24 4226
2 6 3860
35 40 2277
22 33 612
21 31 1367
8 39 236
3 20 205
8 12 4980
27 34 2834
24 35 1657
3 21 2472
0 27 4359
6 33 4906
1 21 4362
5 14 4207
8 29 284
12 22 3563
9 28 2372
1 19 3754
2 38 756
17 19 4246
18 21 4497
28 38 1816
11 39 3950
7 14 4967
18 28 4947
26 28 2205
12 30 1278
27 29 207
19 22 743
23 29 273
5 40 3389
3 25 167
15 16 2866
7 34 1505
26 40 1797
0 38 3410
11 26 3586
6 7 4347
10 33 3134
32 40 641
22 34 4219
5 35 2339
0 24 538
8 36 2589
4 39 169
32 36 2764
9 29 1761
23 36 3568
9 35 4938
0 39 2696
2 35 1226
15 28 4780
1 37 4434
30 34 2673
2 31 2478
1 14 4992
3 13 2957
12 21 1116
25 34 868
3 30 917
2 16 1018
14 26 803
4 5 567
33 35 1598
16 33 2202
8 20 1217
11 34 2571
9 39 4718
2 23 3198
2 4 942
3 39 2419
4 33 2523
26 33 1775
33 38 1927
4 22 4457
11 38 4569
1 33 3887
20 33 3774
19 25 873
9 38 2064
5 20 2435
11 32 256
13 22 341
24 32 4028
30 40 125
19 39 210
19 38 3840
2 8 811
16 22 306
