828
1 2 264
1 3 264
1 4 264
1 5 264
1 6 264
1 7 264
1 8 264
1 9 264
1 10 264
1 11 264
1 12 264
1 13 264
1 14 264
1 15 264
1 16 264
1 17 264
1 18 264
1 19 264
1 20 264
1 21 264
1 22 264
1 23 264
1 24 264
1 25 264
1 26 264
1 27 264
1 28 264
1 29 264
1 30 264
1 31 264
1 32 264
1 33 264
1 34 264
1 35 264
1 36 264
1 37 264
1 38 264
1 39 264
1 40 264
1 41 264
1 42 264
1 43 264
1 44 264
1 45 264
1 46 264
1 47 264
1 48 264
1 49 264
1 50 264
1 51 264
1 52 264
1 53 264
1 54 264
1 55 264
1 56 264
1 57 264
1 58 264
1 59 264
1 60 264
1 61 264
1 62 264
1 63 264
1 64 264
1 65 264
1 66 264
1 67 264
1 68 264
1 69 264
1 70 264
1 71 264
1 72 264
1 73 264
1 74 264
1 75 264
1 76 264
1 77 264
1 78 264
1 79 264
1 80 264
1 81 264
1 82 264
1 83 264
1 84 264
1 85 264
1 86 264
1 87 264
1 88 264
1 89 264
1 90 264
1 91 264
1 92 264
1 93 264
1 94 264
1 95 264
1 96 264
1 97 264
1 98 264
1 99 264
1 100 264
1 101 264
1 102 264
1 103 264
1 104 264
1 105 264
1 106 264
1 107 264
1 108 264
1 109 264
1 110 264
1 111 264
1 112 264
1 113 264
1 114 264
1 115 264
1 116 264
1 117 264
1 118 264
1 119 264
1 120 264
1 121 264
1 122 264
1 123 264
1 124 264
1 125 264
1 126 264
1 127 264
1 128 264
1 129 264
1 130 264
1 131 264
1 132 264
1 133 264
1 134 264
1 135 264
1 136 264
1 137 264
1 138 264
1 139 264
1 140 264
1 141 264
1 142 264
1 143 264
1 144 264
1 145 264
1 146 264
1 147 264
1 148 264
1 149 264
1 150 264
1 151 264
1 152 264
1 153 264
1 154 264
1 155 264
1 156 264
1 157 264
1 158 264
1 159 264
1 160 264
1 161 264
1 162 264
1 163 264
1 164 264
1 165 264
1 166 264
1 167 264
1 168 264
1 169 264
1 170 264
1 171 264
1 172 264
1 173 264
1 174 264
1 175 264
1 176 264
1 177 264
1 178 264
1 179 264
1 180 264
1 181 264
1 182 264
1 183 264
1 184 264
1 185 264
1 186 264
1 187 264
1 188 264
1 189 264
1 190 264
1 191 264
1 192 264
1 193 264
1 194 264
1 195 264
1 196 264
1 197 264
1 198 264
1 199 264
1 200 264
1 201 264
1 202 264
1 203 264
1 204 264
1 205 264
1 206 264
1 207 264
1 208 264
1 209 264
1 210 264
1 211 264
1 212 264
1 213 264
1 214 264
1 215 264
1 216 264
1 217 264
1 218 264
1 219 264
1 220 264
1 221 264
1 222 264
1 223 264
1 224 264
1 225 264
1 226 264
1 227 264
1 228 264
1 229 264
1 230 264
1 231 264
1 232 264
1 233 264
1 234 264
1 235 264
1 236 264
1 237 264
1 238 264
1 239 264
1 240 264
1 241 264
1 242 264
1 243 264
1 244 264
1 245 264
1 246 264
1 247 264
1 248 264
1 249 264
1 250 264
1 251 264
1 252 264
1 253 264
1 254 264
1 255 264
1 256 264
1 257 264
1 258 264
1 259 264
1 260 264
1 261 264
1 262 264
1 263 264
1 264 264
1 265 264
1 266 264
1 267 264
1 268 264
1 269 264
1 270 264
1 271 264
1 272 264
1 273 264
1 274 264
1 275 264
1 276 264
1 277 264
1 278 264
1 279 264
1 280 264
1 281 264
1 282 264
1 283 264
1 284 264
1 285 264
1 286 264
1 287 264
1 288 264
1 289 264
1 290 264
1 291 264
1 292 264
1 293 264
1 294 264
1 295 264
1 296 264
1 297 264
1 298 264
1 299 264
1 300 264
1 301 264
1 302 264
1 303 264
1 304 264
1 305 264
1 306 264
1 307 264
1 308 264
1 309 264
1 310 264
1 311 264
1 312 264
1 313 264
1 314 264
1 315 264
1 316 264
1 317 264
1 318 264
1 319 264
1 320 264
1 321 264
1 322 264
1 323 264
1 324 264
1 325 264
1 326 264
1 327 264
1 328 264
1 329 264
1 330 264
1 331 264
1 332 264
1 333 264
1 334 264
1 335 264
1 336 264
1 337 264
1 338 264
1 339 264
1 340 264
1 341 264
1 342 264
1 343 264
1 344 264
1 345 264
1 346 264
1 347 264
1 348 264
1 349 264
1 350 264
1 351 264
1 352 264
1 353 264
1 354 264
1 355 264
1 356 264
1 357 264
1 358 264
1 359 264
1 360 264
1 361 264
1 362 264
1 363 264
1 364 264
1 365 264
1 366 264
1 367 264
1 368 264
1 369 264
1 370 264
1 371 264
1 372 264
1 373 264
1 374 264
1 375 264
1 376 264
1 377 264
1 378 264
1 379 264
1 380 264
1 381 264
1 382 264
1 383 264
1 384 264
1 385 264
1 386 264
1 387 264
1 388 264
1 389 264
1 390 264
1 391 264
1 392 264
1 393 264
1 394 264
1 395 264
1 396 264
1 397 264
1 398 264
1 399 264
1 400 264
1 401 264
1 402 264
1 403 264
1 404 264
1 405 264
1 406 264
1 407 264
1 408 264
1 409 264
1 410 264
1 411 264
1 412 264
1 413 264
1 414 264
1 415 264
1 416 264
1 417 264
1 418 264
1 419 264
1 420 264
1 421 264
1 422 264
1 423 264
1 424 264
1 425 264
1 426 264
1 427 264
1 428 264
1 429 264
1 430 264
1 431 264
1 432 264
1 433 264
1 434 264
1 435 264
1 436 264
1 437 264
1 438 264
1 439 264
1 440 264
1 441 264
1 442 264
1 443 264
1 444 264
1 445 264
1 446 264
1 447 264
1 448 264
1 449 264
1 450 264
1 451 264
1 452 264
1 453 264
1 454 264
1 455 264
1 456 264
1 457 264
1 458 264
1 459 264
1 460 264
1 461 264
1 462 264
1 463 264
1 464 264
1 465 264
1 466 264
1 467 264
1 468 264
1 469 264
1 470 264
1 471 264
1 472 264
1 473 264
1 474 264
1 475 264
1 476 264
1 477 264
1 478 264
1 479 264
1 480 264
1 481 264
1 482 264
1 483 264
1 484 264
1 485 264
1 486 264
1 487 264
1 488 264
1 489 264
1 490 264
1 491 264
1 492 264
1 493 264
1 494 264
1 495 264
1 496 264
1 497 264
1 498 264
1 499 264
1 500 264
1 501 264
1 502 264
1 503 264
1 504 264
1 505 264
1 506 264
1 507 264
1 508 264
1 509 264
1 510 264
1 511 264
1 512 264
1 513 264
1 514 264
1 515 264
1 516 264
1 517 264
1 518 264
1 519 264
1 520 264
1 521 264
1 522 264
1 523 264
1 524 264
1 525 264
1 526 264
1 527 264
1 528 264
1 529 264
1 530 264
1 531 264
1 532 264
1 533 264
1 534 264
1 535 264
1 536 264
1 537 264
1 538 264
1 539 264
1 540 264
1 541 264
1 542 264
1 543 264
1 544 264
1 545 264
1 546 264
1 547 264
1 548 264
1 549 264
1 550 264
1 551 264
1 552 264
1 553 264
1 554 264
1 555 264
1 556 264
1 557 264
1 558 264
1 559 264
1 560 264
1 561 264
1 562 264
1 563 264
1 564 264
1 565 264
1 566 264
1 567 264
1 568 264
1 569 264
1 570 264
1 571 264
1 572 264
1 573 264
1 574 264
1 575 264
1 576 264
1 577 264
1 578 264
1 579 264
1 580 264
1 581 264
1 582 264
1 583 264
1 584 264
1 585 264
1 586 264
1 587 264
1 588 264
1 589 264
1 590 264
1 591 264
1 592 264
1 593 264
1 594 264
1 595 264
1 596 264
1 597 264
1 598 264
1 599 264
1 600 264
1 601 264
1 602 264
1 603 264
1 604 264
1 605 264
1 606 264
1 607 264
1 608 264
1 609 264
1 610 264
1 611 264
1 612 264
1 613 264
1 614 264
1 615 264
1 616 264
1 617 264
1 618 264
1 619 264
1 620 264
1 621 264
1 622 264
1 623 264
1 624 264
1 625 264
1 626 264
1 627 264
1 628 264
1 629 264
1 630 264
1 631 264
1 632 264
1 633 264
1 634 264
1 635 264
1 636 264
1 637 264
1 638 264
1 639 264
1 640 264
1 641 264
1 642 264
1 643 264
1 644 264
1 645 264
1 646 264
1 647 264
1 648 264
1 649 264
1 650 264
1 651 264
1 652 264
1 653 264
1 654 264
1 655 264
1 656 264
1 657 264
1 658 264
1 659 264
1 660 264
1 661 264
1 662 264
1 663 264
1 664 264
1 665 264
1 666 264
1 667 264
1 668 264
1 669 264
1 670 264
1 671 264
1 672 264
1 673 264
1 674 264
1 675 264
1 676 264
1 677 264
1 678 264
1 679 264
1 680 264
1 681 264
1 682 264
1 683 264
1 684 264
1 685 264
1 686 264
1 687 264
1 688 264
1 689 264
1 690 264
1 691 264
1 692 264
1 693 264
1 694 264
1 695 264
1 696 264
1 697 264
1 698 264
1 699 264
1 700 264
1 701 264
1 702 264
1 703 264
1 704 264
1 705 264
1 706 264
1 707 264
1 708 264
1 709 264
1 710 264
1 711 264
1 712 264
1 713 264
1 714 264
1 715 264
1 716 264
1 717 264
1 718 264
1 719 264
1 720 264
1 721 264
1 722 264
1 723 264
1 724 264
1 725 264
1 726 264
1 727 264
1 728 264
1 729 264
1 730 264
1 731 264
1 732 264
1 733 264
1 734 264
1 735 264
1 736 264
1 737 264
1 738 264
1 739 264
1 740 264
1 741 264
1 742 264
1 743 264
1 744 264
1 745 264
1 746 264
1 747 264
1 748 264
1 749 264
1 750 264
1 751 264
1 752 264
1 753 264
1 754 264
1 755 264
1 756 264
1 757 264
1 758 264
1 759 264
1 760 264
1 761 264
1 762 264
1 763 264
1 764 264
1 765 264
1 766 264
1 767 264
1 768 264
1 769 264
1 770 264
1 771 264
1 772 264
1 773 264
1 774 264
1 775 264
1 776 264
1 777 264
1 778 264
1 779 264
1 780 264
1 781 264
1 782 264
1 783 264
1 784 264
1 785 264
1 786 264
1 787 264
1 788 264
1 789 264
1 790 264
1 791 264
1 792 264
1 793 264
1 794 264
1 795 264
1 796 264
1 797 264
1 798 264
1 799 264
1 800 264
1 801 264
1 802 264
1 803 264
1 804 264
1 805 264
1 806 264
1 807 264
1 808 264
1 809 264
1 810 264
1 811 264
1 812 264
1 813 264
1 814 264
1 815 264
1 816 264
1 817 264
1 818 264
1 819 264
1 820 264
1 821 264
1 822 264
1 823 264
1 824 264
1 825 264
1 826 264
1 827 264
1 828 264
0
