825
1 2 30
1 3 171
1 4 107
1 5 120
1 6 34
1 7 24
1 8 72
1 9 1
1 10 128
1 11 189
1 12 101
1 13 221
1 14 167
1 15 36
1 16 229
1 17 105
1 18 269
1 19 19
1 20 250
1 21 262
1 22 179
1 23 6
1 24 8
1 25 52
1 26 171
1 27 196
1 28 144
1 29 52
1 30 279
1 31 264
1 32 288
1 33 197
1 34 59
1 35 134
1 36 155
1 37 292
1 38 245
1 39 167
1 40 116
1 41 71
1 42 249
1 43 287
1 44 133
1 45 270
1 46 110
1 47 7
1 48 272
1 49 179
1 50 76
1 51 138
1 52 224
1 53 277
1 54 139
1 55 210
1 56 49
1 57 196
1 58 85
1 59 283
1 60 219
1 61 27
1 62 196
1 63 223
1 64 167
1 65 210
1 66 225
1 67 63
1 68 174
1 69 98
1 70 150
1 71 104
1 72 249
1 73 45
1 74 291
1 75 81
1 76 299
1 77 117
1 78 125
1 79 229
1 80 186
1 81 239
1 82 149
1 83 125
1 84 122
1 85 51
1 86 46
1 87 214
1 88 113
1 89 128
1 90 181
1 91 164
1 92 31
1 93 228
1 94 34
1 95 170
1 96 237
1 97 174
1 98 140
1 99 101
1 100 134
1 101 172
1 102 277
1 103 83
1 104 28
1 105 261
1 106 129
1 107 235
1 108 134
1 109 45
1 110 154
1 111 133
1 112 163
1 113 50
1 114 75
1 115 19
1 116 292
1 117 64
1 118 164
1 119 256
1 120 31
1 121 131
1 122 254
1 123 77
1 124 80
1 125 17
1 126 269
1 127 47
1 128 42
1 129 195
1 130 254
1 131 296
1 132 138
1 133 140
1 134 67
1 135 15
1 136 18
1 137 70
1 138 271
1 139 259
1 140 180
1 141 212
1 142 288
1 143 221
1 144 80
1 145 88
1 146 182
1 147 143
1 148 284
1 149 18
1 150 268
1 151 20
1 152 265
1 153 141
1 154 5
1 155 29
1 156 54
1 157 273
1 158 81
1 159 238
1 160 20
1 161 153
1 162 229
1 163 297
1 164 232
1 165 79
1 166 246
1 167 291
1 168 64
1 169 149
1 170 46
1 171 297
1 172 238
1 173 82
1 174 108
1 175 69
1 176 3
1 177 173
1 178 182
1 179 63
1 180 120
1 181 162
1 182 234
1 183 175
1 184 14
1 185 221
1 186 92
1 187 129
1 188 289
1 189 243
1 190 78
1 191 97
1 192 236
1 193 79
1 194 299
1 195 174
1 196 202
1 197 86
1 198 85
1 199 227
1 200 185
1 201 123
1 202 84
1 203 223
1 204 59
1 205 220
1 206 182
1 207 196
1 208 53
1 209 18
1 210 212
1 211 77
1 212 192
1 213 292
1 214 235
1 215 15
1 216 238
1 217 109
1 218 225
1 219 130
1 220 135
1 221 225
1 222 47
1 223 49
1 224 124
1 225 31
1 226 11
1 227 76
1 228 174
1 229 149
1 230 116
1 231 53
1 232 182
1 233 255
1 234 187
1 235 267
1 236 6
1 237 130
1 238 196
1 239 280
1 240 146
1 241 1
1 242 28
1 243 92
1 244 222
1 245 43
1 246 225
1 247 91
1 248 80
1 249 177
1 250 19
1 251 86
1 252 182
1 253 212
1 254 17
1 255 109
1 256 90
1 257 266
1 258 16
1 259 106
1 260 270
1 261 120
1 262 284
1 263 117
1 264 75
1 265 212
1 266 263
1 267 285
1 268 205
1 269 208
1 270 204
1 271 58
1 272 20
1 273 295
1 274 271
1 275 90
1 276 65
1 277 242
1 278 23
1 279 151
1 280 91
1 281 194
1 282 88
1 283 281
1 284 148
1 285 4
1 286 139
1 287 105
1 288 169
1 289 211
1 290 283
1 291 252
1 292 122
1 293 53
1 294 295
1 295 273
1 296 143
1 297 221
1 298 74
1 299 111
1 300 210
1 301 223
1 302 224
1 303 24
1 304 30
1 305 90
1 306 259
1 307 257
1 308 120
1 309 65
1 310 175
1 311 104
1 312 108
1 313 165
1 314 61
1 315 81
1 316 149
1 317 169
1 318 232
1 319 2
1 320 56
1 321 259
1 322 260
1 323 154
1 324 284
1 325 37
1 326 146
1 327 35
1 328 296
1 329 60
1 330 24
1 331 127
1 332 93
1 333 225
1 334 98
1 335 38
1 336 151
1 337 149
1 338 254
1 339 20
1 340 83
1 341 56
1 342 5
1 343 5
1 344 72
1 345 229
1 346 136
1 347 216
1 348 268
1 349 159
1 350 172
1 351 32
1 352 82
1 353 193
1 354 164
1 355 174
1 356 41
1 357 278
1 358 275
1 359 176
1 360 128
1 361 193
1 362 192
1 363 60
1 364 236
1 365 5
1 366 254
1 367 24
1 368 296
1 369 90
1 370 295
1 371 61
1 372 121
1 373 31
1 374 245
1 375 130
1 376 99
1 377 176
1 378 183
1 379 140
1 380 285
1 381 240
1 382 267
1 383 129
1 384 18
1 385 189
1 386 74
1 387 50
1 388 295
1 389 173
1 390 215
1 391 169
1 392 9
1 393 233
1 394 281
1 395 191
1 396 84
1 397 164
1 398 0
1 399 250
1 400 108
1 401 223
1 402 87
1 403 120
1 404 143
1 405 171
1 406 92
1 407 224
1 408 159
1 409 75
1 410 0
1 411 300
1 412 274
1 413 262
1 414 132
1 415 235
1 416 259
1 417 83
1 418 281
1 419 103
1 420 34
1 421 182
1 422 66
1 423 228
1 424 226
1 425 244
1 426 192
1 427 276
1 428 98
1 429 283
1 430 203
1 431 104
1 432 245
1 433 157
1 434 73
1 435 181
1 436 196
1 437 167
1 438 56
1 439 92
1 440 177
1 441 280
1 442 107
1 443 206
1 444 107
1 445 32
1 446 117
1 447 5
1 448 232
1 449 208
1 450 38
1 451 229
1 452 137
1 453 182
1 454 241
1 455 172
1 456 265
1 457 35
1 458 169
1 459 108
1 460 284
1 461 107
1 462 118
1 463 66
1 464 35
1 465 55
1 466 58
1 467 167
1 468 159
1 469 87
1 470 72
1 471 79
1 472 145
1 473 180
1 474 229
1 475 53
1 476 283
1 477 167
1 478 177
1 479 49
1 480 200
1 481 250
1 482 198
1 483 224
1 484 6
1 485 200
1 486 281
1 487 62
1 488 274
1 489 31
1 490 267
1 491 15
1 492 101
1 493 36
1 494 63
1 495 170
1 496 294
1 497 75
1 498 27
1 499 214
1 500 31
1 501 256
1 502 181
1 503 202
1 504 222
1 505 284
1 506 7
1 507 271
1 508 231
1 509 29
1 510 206
1 511 26
1 512 64
1 513 71
1 514 217
1 515 229
1 516 81
1 517 194
1 518 124
1 519 243
1 520 195
1 521 234
1 522 224
1 523 134
1 524 77
1 525 161
1 526 204
1 527 40
1 528 287
1 529 92
1 530 7
1 531 93
1 532 178
1 533 97
1 534 36
1 535 148
1 536 208
1 537 64
1 538 109
1 539 92
1 540 158
1 541 160
1 542 107
1 543 224
1 544 220
1 545 247
1 546 208
1 547 137
1 548 280
1 549 270
1 550 103
1 551 201
1 552 114
1 553 85
1 554 210
1 555 114
1 556 231
1 557 191
1 558 85
1 559 198
1 560 91
1 561 98
1 562 183
1 563 38
1 564 239
1 565 0
1 566 144
1 567 118
1 568 70
1 569 98
1 570 72
1 571 242
1 572 11
1 573 22
1 574 263
1 575 248
1 576 107
1 577 298
1 578 70
1 579 20
1 580 37
1 581 149
1 582 194
1 583 103
1 584 200
1 585 241
1 586 292
1 587 215
1 588 20
1 589 92
1 590 14
1 591 120
1 592 4
1 593 30
1 594 14
1 595 128
1 596 202
1 597 113
1 598 286
1 599 201
1 600 109
1 601 252
1 602 82
1 603 28
1 604 231
1 605 4
1 606 6
1 607 230
1 608 70
1 609 143
1 610 33
1 611 170
1 612 96
1 613 208
1 614 129
1 615 227
1 616 8
1 617 156
1 618 159
1 619 72
1 620 80
1 621 161
1 622 250
1 623 236
1 624 299
1 625 256
1 626 158
1 627 269
1 628 129
1 629 126
1 630 233
1 631 107
1 632 149
1 633 215
1 634 236
1 635 148
1 636 272
1 637 245
1 638 152
1 639 53
1 640 97
1 641 35
1 642 105
1 643 134
1 644 287
1 645 195
1 646 235
1 647 219
1 648 231
1 649 68
1 650 299
1 651 189
1 652 242
1 653 222
1 654 278
1 655 152
1 656 247
1 657 101
1 658 41
1 659 160
1 660 274
1 661 221
1 662 205
1 663 211
1 664 51
1 665 257
1 666 155
1 667 212
1 668 271
1 669 120
1 670 130
1 671 232
1 672 141
1 673 273
1 674 255
1 675 137
1 676 157
1 677 280
1 678 277
1 679 142
1 680 33
1 681 3
1 682 130
1 683 163
1 684 167
1 685 170
1 686 16
1 687 107
1 688 237
1 689 264
1 690 223
1 691 121
1 692 110
1 693 202
1 694 227
1 695 88
1 696 120
1 697 134
1 698 52
1 699 110
1 700 114
1 701 152
1 702 84
1 703 156
1 704 217
1 705 80
1 706 142
1 707 96
1 708 148
1 709 78
1 710 107
1 711 202
1 712 230
1 713 291
1 714 16
1 715 280
1 716 283
1 717 180
1 718 200
1 719 29
1 720 33
1 721 289
1 722 62
1 723 43
1 724 164
1 725 284
1 726 32
1 727 144
1 728 241
1 729 124
1 730 207
1 731 110
1 732 294
1 733 195
1 734 144
1 735 278
1 736 266
1 737 193
1 738 242
1 739 169
1 740 39
1 741 160
1 742 74
1 743 48
1 744 112
1 745 295
1 746 77
1 747 269
1 748 268
1 749 78
1 750 247
1 751 64
1 752 128
1 753 263
1 754 30
1 755 242
1 756 62
1 757 44
1 758 263
1 759 108
1 760 149
1 761 192
1 762 262
1 763 169
1 764 133
1 765 85
1 766 284
1 767 79
1 768 205
1 769 95
1 770 269
1 771 142
1 772 289
1 773 147
1 774 222
1 775 135
1 776 17
1 777 139
1 778 148
1 779 105
1 780 5
1 781 248
1 782 253
1 783 22
1 784 21
1 785 162
1 786 141
1 787 126
1 788 14
1 789 280
1 790 232
1 791 153
1 792 243
1 793 212
1 794 152
1 795 33
1 796 288
1 797 177
1 798 152
1 799 230
1 800 142
1 801 278
1 802 129
1 803 251
1 804 165
1 805 109
1 806 286
1 807 59
1 808 28
1 809 72
1 810 127
1 811 114
1 812 271
1 813 131
1 814 137
1 815 114
1 816 211
1 817 124
1 818 178
1 819 59
1 820 9
1 821 259
1 822 55
1 823 203
1 824 68
1 825 255
0
