107
25 47 233 20 167 97 208 56 215 31 78 103 156 48 292 88 63 91 235 19 247 69 127 77 280 60 250 28 62 99 52 53 182 104 65 54 219 17 138 32 217 57 237 19 146 3 229 100 243 7 44
40 30 60 30 62 59 266 53 16 49 94 23 141 102 236 14 202 21 180 8 182 95 41 102 167 64 127 14 41 102 72 46 66 106 271 95 156 64 215 51 211 96 193 48 95 8 125 67 233 99 38 21 55 106 250 18 35 8 120 25 197 84 130 101 94 36 219 8 84 34 219 11 231 21 147 90 167 18 288 7 84
15 35 250 79 40 24 212 100 27 95 127 82 268 51 64 57 170 22 224 24 80 2 280 63 179 27 172 18 72 27 274
29 52 115 101 144 43 37 15 172 67 29 15 46 52 294 101 84 52 168 101 257 67 224 101 86 43 299 67 231 52 204 99 279 52 153 23 245 52 141 52 137 101 288 67 290 67 49 23 176 101 98 43 260 23 13 99 20 15 293
25 33 287 75 179 16 212 8 198 18 284 46 185 15 229 88 274 59 265 29 126 79 18 19 189 69 130 82 172 84 229 2 265 96 266 32 175 64 230 105 99 32 263 19 239 29 266 14 2 42 41
22 96 211 21 141 21 49 18 164 104 35 15 138 43 222 30 234 99 268 23 246 52 128 101 291 96 282 22 5 89 300 89 102 37 78 15 276 52 248 96 60 96 173 4 119
21 36 12 86 184 49 13 15 85 103 291 25 17 95 249 15 193 95 160 48 23 21 105 90 222 67 243 21 68 30 73 46 138 101 193 40 51 77 256 38 175 55 280
20 25 44 49 197 43 289 18 206 86 2 14 221 64 36 104 242 6 196 37 242 15 115 99 129 55 257 14 174 10 248 103 38 43 29 84 285 103 251 41 32
22 4 150 99 34 30 123 22 61 37 110 99 14 86 266 64 112 36 239 15 55 37 267 67 49 96 43 64 123 96 241 67 58 18 46 6 251 52 220 48 209 15 56 30 250
15 42 233 37 24 84 162 52 201 89 23 14 222 14 225 55 201 52 18 14 118 48 126 31 77 78 88 102 63 89 34
17 89 172 67 44 44 202 41 99 48 289 46 218 86 258 4 222 104 60 44 31 38 157 46 34 38 159 15 209 44 292 70 1 18 294
19 79 154 38 59 89 14 79 56 90 40 102 110 4 68 41 177 23 101 49 44 2 190 2 11 86 192 49 127 22 26 43 54 89 210 88 119 49 8
48 68 291 58 155 80 137 92 159 35 13 39 261 41 159 53 102 9 67 58 192 89 122 70 267 15 118 46 223 9 89 23 38 16 82 10 54 65 84 36 247 69 295 27 97 14 55 92 260 41 14 84 119 104 102 30 261 65 46 22 172 64 122 25 124 89 158 103 212 37 119 34 10 102 263 60 36 48 36 35 226 51 135 34 69 7 220 104 60 84 186 80 124 99 299 92 192
17 103 182 55 54 23 299 90 171 9 30 4 153 18 246 89 0 79 221 89 188 49 291 106 35 18 224 4 11 103 88 44 219 53 0
19 67 37 99 265 23 61 99 205 23 40 67 24 99 146 23 169 67 108 99 34 67 98 99 288 99 300 67 282 67 193 67 24 99 222 67 198 67 175
50 50 261 70 138 86 231 22 110 6 38 107 240 2 66 48 253 7 148 40 74 40 222 11 114 70 6 18 40 101 11 101 158 61 203 25 116 6 272 6 255 106 30 95 187 81 179 11 14 62 95 23 9 4 78 42 137 27 240 42 297 69 57 22 222 77 47 77 42 48 113 38 127 79 275 76 298 55 40 72 1 40 86 25 123 39 177 65 90 42 116 7 102 53 95 66 262 14 115 40 134
28 32 197 27 43 40 126 76 123 7 66 87 167 100 266 24 129 100 288 75 182 78 244 81 274 21 38 89 76 29 138 35 119 60 96 78 209 66 236 102 11 65 106 46 166 29 6 6 119 32 16 3 289 76 114 68 278
40 23 77 4 35 43 76 43 84 101 174 52 201 4 13 48 239 23 3 4 75 48 67 101 195 101 240 48 233 15 152 15 136 67 119 23 14 43 24 99 14 99 6 101 212 101 174 43 215 15 203 52 30 52 216 48 149 23 55 23 97 52 222 4 204 15 267 43 220 23 105 43 233 52 193 48 160 4 170 4 179
31 84 21 54 106 41 133 24 250 86 162 10 164 91 199 27 217 6 71 9 276 80 228 107 183 70 86 2 283 107 164 38 143 16 36 59 151 100 105 90 182 27 142 89 245 27 268 67 203 59 176 14 223 86 119 50 69 38 16 69 151 62 291
24 17 257 3 187 8 288 25 56 15 216 30 93 41 64 101 273 48 110 72 4 105 49 35 170 9 76 10 197 59 92 23 45 68 141 46 125 32 158 7 133 43 3 68 70 33 290 3 156
18 52 145 67 254 37 28 37 163 104 249 79 236 64 172 48 166 23 192 79 184 96 25 34 199 96 177 37 109 101 208 101 37 52 39 18 166
27 4 136 89 23 43 106 48 114 64 40 43 300 37 27 96 197 43 269 23 68 67 60 21 40 36 98 99 78 64 126 18 213 67 234 64 216 99 21 36 127 37 273 64 237 43 97 15 249 104 133 4 198 104 86
45 99 150 67 258 67 190 99 274 67 175 67 28 99 269 67 216 99 215 67 97 67 274 67 117 99 1 99 200 67 30 99 90 99 218 67 115 99 225 67 300 99 195 67 3 67 117 67 33 67 13 67 208 67 184 99 85 67 97 67 268 99 136 67 270 99 234 99 7 99 95 99 120 67 242 67 209 67 157 67 0 67 268 67 166 99 125 67 227 99 16
41 35 247 65 120 90 135 59 244 86 63 52 157 77 144 8 12 69 144 18 149 13 218 46 205 8 234 107 210 84 37 4 221 2 174 69 255 44 51 27 285 13 82 62 290 90 204 30 247 86 217 79 13 88 178 68 26 72 207 50 244 62 16 64 254 60 67 76 284 104 17 101 167 12 172 65 163 29 69 30 233 12 22
20 53 101 15 267 79 171 34 25 67 192 101 99 18 13 30 66 43 157 18 106 15 123 44 28 43 144 38 235 48 120 90 218 37 140 43 128 99 21 38 207
15 71 277 16 4 39 92 104 207 24 8 90 32 85 265 88 96 82 96 67 93 25 181 48 27 33 220 74 193 29 232
47 104 206 6 170 25 213 51 98 4 244 7 12 96 14 21 147 23 233 84 190 86 69 79 203 96 161 64 275 69 295 69 204 104 152 89 65 101 295 31 289 69 130 67 184 51 291 23 292 104 247 12 248 38 135 8 69 40 292 62 25 101 281 39 146 18 1 55 130 18 205 18 258 64 276 12 114 10 270 48 66 48 238 23 244 37 281 38 112 59 98 9 125 2 209
29 89 134 104 119 29 144 88 252 103 264 34 284 43 164 65 14 95 93 84 3 82 211 95 56 67 113 6 40 105 269 19 130 74 53 34 11 13 136 103 87 66 92 74 205 69 15 58 64 29 185 66 36 22 224 70 245 82 98
33 104 181 30 160 96 138 2 142 79 159 6 47 79 176 95 113 102 171 69 141 41 234 69 223 9 52 59 207 99 121 11 92 95 293 102 220 14 139 53 222 34 56 44 209 18 108 39 209 103 238 59 284 44 61 31 236 104 161 23 269 84 173 89 210 11 182
16 4 181 96 24 18 134 52 38 79 80 48 52 89 216 89 288 79 225 48 120 23 284 4 262 36 299 21 89 99 191 104 249
29 23 145 53 289 37 242 34 261 67 137 86 267 90 235 6 288 99 296 67 129 64 288 9 196 96 30 37 15 102 108 101 160 90 108 52 121 48 290 99 183 37 296 102 118 104 289 34 5 86 228 95 175 21 36 67 222 6 200
37 87 246 57 180 54 225 9 295 22 199 86 174 77 253 44 1 74 157 92 257 58 202 69 81 99 248 57 7 23 199 98 97 40 213 18 36 31 10 42 78 28 213 21 153 22 155 50 107 28 64 67 209 58 263 15 249 50 67 106 208 45 93 70 18 48 8 105 230 44 78 88 10 103 229
50 63 59 76 282 89 296 19 28 6 90 77 164 30 299 70 197 58 16 90 129 29 232 27 188 67 179 8 265 79 201 39 242 15 27 102 175 76 116 27 111 90 39 59 300 68 194 64 265 66 120 24 21 42 168 67 235 58 2 60 193 77 218 4 14 44 68 74 234 6 146 84 86 48 289 12 120 101 16 25 120 106 177 36 201 37 10 8 69 62 83 13 199 46 265 63 174 13 204 103 10
26 18 179 99 258 23 104 48 127 18 260 52 95 23 212 23 29 101 88 48 231 67 99 99 207 43 256 48 65 4 79 67 78 18 195 99 244 18 255 4 29 43 193 52 125 52 264 67 290 18 73 48 291
50 78 131 102 12 104 169 25 36 37 212 42 289 53 12 18 269 30 135 7 271 104 192 51 243 106 231 79 221 65 154 34 191 106 46 102 181 6 189 18 166 21 229 106 12 27 99 84 177 6 272 6 87 95 17 65 84 51 40 52 136 103 90 46 183 55 177 96 29 39 25 84 92 90 31 95 273 12 193 51 232 27 221 2 167 46 240 52 141 84 67 99 147 50 148 99 44 40 125 62 272
48 37 119 43 132 18 176 53 246 15 77 104 131 52 51 99 281 15 272 37 32 15 124 101 18 43 269 15 12 101 174 48 161 23 237 23 149 15 229 104 240 18 161 52 133 96 209 101 3 52 241 23 150 52 37 18 157 101 204 34 269 52 28 96 180 64 27 67 175 34 109 64 63 23 76 52 278 52 106 34 215 99 40 15 153 99 114 15 273 34 137 21 0 52 214 99 151
24 101 166 96 133 23 28 15 152 23 101 67 174 67 296 18 16 53 148 101 282 79 12 67 114 67 232 15 223 4 189 52 31 53 204 53 32 53 119 43 81 23 63 99 52 53 117 43 116
19 86 192 95 62 99 20 22 278 95 213 36 84 64 255 77 132 77 26 99 250 52 186 79 131 4 49 102 266 90 42 36 241 30 291 15 151 22 71
17 44 191 89 173 96 296 2 148 64 255 69 203 21 231 2 71 40 142 43 136 4 264 84 62 104 50 43 14 69 64 104 195 9 73
33 46 264 89 162 22 185 22 33 22 227 18 229 64 109 23 253 99 183 104 35 38 220 34 28 22 231 46 274 36 182 21 218 44 40 6 93 6 70 9 143 104 137 67 242 52 277 18 293 96 264 18 141 99 202 59 23 86 18 48 168 30 84 96 213 52 179
16 22 212 53 107 43 113 37 189 36 36 48 161 104 97 4 190 96 149 6 9 64 14 6 198 34 197 104 225 89 161 22 128
44 59 232 67 296 15 288 15 297 84 253 23 103 70 14 52 166 52 75 67 261 96 290 55 49 64 196 37 179 55 26 9 117 25 119 43 49 52 243 48 258 6 113 67 178 99 234 22 297 43 144 37 141 11 81 96 16 99 41 86 150 37 64 52 117 104 86 79 6 86 43 34 91 48 266 64 215 18 53 79 184 55 119 40 218 18 220 99 68
48 99 252 23 124 99 152 15 61 52 113 23 175 67 45 15 2 67 3 23 125 52 191 15 9 99 249 23 81 67 271 99 59 23 112 23 123 67 201 99 20 52 25 67 176 23 29 15 255 23 67 99 19 23 104 15 107 52 236 23 228 67 297 99 42 52 79 23 90 15 113 99 203 15 299 52 18 15 122 99 297 52 130 67 299 99 2 67 147 23 88 99 176 99 186 15 3
17 77 201 90 57 43 253 36 38 46 235 95 198 22 46 38 14 37 179 41 290 30 72 21 160 15 193 48 175 67 264 43 187 18 190
49 23 26 65 18 86 205 72 38 55 83 36 252 29 300 88 76 49 171 78 21 30 18 96 85 9 182 76 35 13 293 52 115 54 93 8 135 88 155 54 26 7 279 15 259 96 157 60 130 52 67 67 6 10 210 99 88 61 259 59 243 104 29 53 70 68 78 100 186 101 268 95 159 70 239 92 192 86 20 86 183 10 117 74 82 31 263 52 259 30 6 9 197 13 103 62 6 25 228
23 22 100 99 299 31 262 21 201 43 96 102 116 67 299 53 275 90 107 6 34 101 209 99 265 53 94 95 253 41 91 53 111 104 180 55 47 55 138 21 58 99 218 79 170 55 272
38 94 23 26 99 5 19 15 101 50 288 44 249 66 262 41 45 43 23 96 270 50 71 49 156 32 19 103 163 11 70 104 177 98 95 45 116 79 58 16 134 69 243 8 168 67 76 103 40 92 162 79 264 97 235 26 170 89 152 24 26 7 258 65 69 52 271 13 70 73 99 89 88 32 266 18 239
48 15 241 23 121 23 82 67 195 23 56 67 186 99 171 15 199 99 168 15 168 15 204 99 194 15 111 52 200 99 205 43 60 43 108 52 68 99 216 67 41 23 246 99 169 15 63 15 217 15 72 99 163 52 17 99 282 15 199 52 37 23 168 23 99 52 255 15 240 15 31 99 229 99 28 99 241 15 8 23 292 43 241 15 207 43 186 67 288 43 78 67 7 67 43 23 221
49 96 87 37 0 44 37 95 46 4 66 67 281 103 239 84 158 42 126 15 81 104 141 55 127 99 215 55 128 55 191 48 219 21 56 103 131 9 240 55 260 31 294 9 6 9 170 53 201 64 226 101 169 70 88 41 280 64 186 23 5 23 42 23 130 31 290 67 71 42 277 44 12 86 216 42 134 21 126 37 114 30 291 99 57 31 191 55 268 30 249 78 288 70 120 96 187 25 261
49 64 284 46 77 23 173 31 118 103 291 6 77 12 269 48 162 18 9 30 169 78 91 10 206 102 283 70 257 79 124 48 55 48 44 86 133 103 265 4 170 96 142 44 16 21 255 62 247 29 292 41 165 10 106 39 99 64 241 72 127 62 282 21 166 84 87 31 57 95 114 95 105 70 228 48 127 42 39 43 101 102 191 21 171 42 126 29 266 41 3 7 237 46 199 65 200 38 139
25 86 119 96 267 41 150 37 3 4 125 84 225 40 259 7 14 23 167 102 86 23 261 9 146 90 286 23 298 38 8 101 237 49 182 106 269 21 251 55 116 31 45 42 289 25 75 36 210 67 280
38 23 111 15 165 23 7 15 31 23 222 23 289 15 125 67 94 15 297 67 157 67 235 99 143 23 87 99 87 99 249 67 266 67 159 15 58 99 55 23 197 99 200 99 27 15 103 23 236 15 119 99 14 67 300 99 29 67 113 23 157 23 188 15 36 67 268 67 166 23 269 99 0 99 81 67 207
23 101 70 101 136 43 272 4 97 96 87 67 214 23 136 48 300 101 198 52 279 34 165 67 255 43 192 101 198 67 167 4 89 101 100 18 294 23 154 34 93 48 15 96 283 23 5
49 55 115 89 161 84 183 84 284 72 43 65 76 104 119 37 263 79 94 107 276 104 248 102 85 37 189 59 66 60 216 99 76 77 278 59 41 107 55 86 175 92 84 50 129 99 263 59 253 79 152 79 58 43 291 43 239 49 255 99 24 37 283 41 214 64 151 62 168 65 69 9 252 38 282 7 238 102 33 89 243 92 34 38 192 39 191 55 7 8 197 62 5 39 244 30 140 67 244
37 101 276 95 286 31 300 9 145 101 119 37 235 21 24 18 149 104 205 6 169 37 234 86 97 96 159 31 219 4 123 31 258 48 202 6 87 30 123 101 183 96 209 53 288 23 7 95 102 53 299 36 297 30 269 67 1 104 228 77 277 43 254 86 227 104 141 36 81 99 216 64 292 43 86
15 14 175 36 199 104 186 34 49 10 271 19 241 24 187 62 171 89 1 23 98 45 46 21 198 55 253 37 244 92 217
46 105 131 37 247 86 29 40 169 52 21 50 250 38 275 84 262 21 74 55 275 34 148 48 150 86 98 80 124 43 138 81 163 11 192 22 69 74 273 55 136 30 100 58 205 78 78 55 112 66 24 10 203 96 129 88 266 9 136 73 252 50 0 11 142 75 284 72 141 105 294 55 6 38 72 27 36 68 243 95 240 39 8 74 181 105 144 68 5 65 287 84 146
45 95 128 54 250 60 74 53 173 29 297 99 151 88 180 70 293 69 49 10 118 44 117 39 89 41 169 64 31 77 126 78 261 8 167 69 248 84 17 15 89 77 191 99 285 21 218 41 129 103 107 8 121 27 95 42 3 21 219 79 203 52 196 80 224 2 72 34 64 4 104 44 280 62 75 37 32 29 261 79 102 65 28 42 288 39 126 52 255 65 143
45 4 229 22 182 79 100 34 259 95 66 34 41 38 120 31 95 52 27 15 41 102 34 43 64 46 187 67 106 43 281 55 100 43 36 79 213 34 21 102 239 89 75 48 25 53 256 104 181 48 230 18 300 101 181 86 56 23 256 34 280 53 191 31 113 77 52 15 62 90 91 67 57 4 247 101 39 4 56 102 241 90 183 79 186 55 164 95 141 48 10
39 4 77 106 272 6 270 103 230 4 26 59 69 40 213 38 175 37 211 52 270 102 174 36 209 95 101 10 150 34 276 6 230 46 143 37 257 21 238 72 131 95 181 106 154 86 96 53 214 30 100 11 265 8 68 25 131 22 52 25 93 4 231 31 40 88 194 103 117 67 247 4 240 34 111 29 195 107 70
26 66 181 54 44 34 193 95 286 96 55 11 288 36 79 66 160 95 138 51 174 46 147 106 111 80 81 55 172 35 192 78 142 86 196 67 180 27 191 22 80 60 227 65 211 84 262 53 261 101 65 60 71
31 29 223 6 166 30 225 21 213 12 270 90 220 42 300 31 160 42 282 106 31 46 13 34 74 9 94 11 221 69 161 99 119 64 29 41 299 64 256 101 50 84 62 22 189 90 117 7 94 44 142 101 225 37 145 84 199 36 156 88 138 25 3
25 78 149 62 6 80 33 101 78 92 193 42 295 64 44 39 3 46 161 4 97 40 222 101 204 61 62 35 51 55 48 50 295 107 245 69 32 107 174 52 186 103 291 96 133 43 130 91 135 74 142
31 37 84 53 131 15 246 18 233 48 99 4 274 99 203 53 74 34 66 23 231 18 82 15 192 34 135 48 178 79 87 96 273 18 160 23 45 37 300 15 213 23 77 43 219 79 185 4 257 53 85 4 198 34 58 34 13 79 211 99 92 53 236
50 90 60 34 4 21 169 23 76 70 178 51 97 6 106 8 25 55 78 79 37 101 87 9 166 46 258 89 11 40 71 90 276 41 209 40 83 46 271 96 71 25 250 31 41 14 42 22 298 102 83 77 261 101 280 69 240 78 48 22 189 42 56 89 264 23 296 90 275 31 195 7 116 12 214 51 181 42 237 39 55 29 172 38 239 77 36 29 33 7 66 77 238 103 257 11 108 38 52 46 230
26 106 219 7 72 96 19 103 62 96 211 29 58 77 237 99 223 99 135 10 277 2 88 34 245 104 188 37 297 92 42 34 33 90 26 38 230 89 247 72 214 55 64 86 194 35 176 22 126 23 221 59 84
49 99 97 99 223 99 190 99 238 99 57 99 212 99 43 99 157 99 281 99 219 99 56 99 253 99 108 99 44 99 145 99 53 99 71 99 151 99 25 99 228 99 58 99 219 99 290 99 67 99 113 99 97 99 137 99 83 99 216 99 119 99 165 99 213 99 220 99 14 99 235 99 182 99 217 99 73 99 264 99 136 99 42 99 184 99 195 99 118 99 11 99 166 99 207 99 165 99 61
32 51 99 21 37 55 29 53 169 50 251 18 300 84 269 44 180 15 265 8 22 7 202 70 70 59 155 37 217 18 114 44 122 30 248 79 124 61 4 54 108 55 268 21 182 31 99 67 265 69 20 49 93 53 137 9 104 102 149 52 178 41 28 104 135
28 88 172 25 129 44 39 7 248 36 7 96 216 41 86 95 19 53 282 67 93 99 101 37 163 78 45 11 210 102 179 95 224 43 118 37 147 104 103 88 23 21 110 10 98 106 185 7 40 36 41 67 168 52 267 9 11
20 79 231 55 116 43 6 43 265 36 62 46 239 77 145 52 12 95 237 22 47 22 128 15 290 46 103 86 47 23 160 96 11 79 61 15 157 21 162 9 106
40 44 107 98 257 31 160 95 31 88 279 98 218 82 131 68 274 63 191 25 294 52 269 66 126 80 132 75 289 58 34 2 171 48 56 12 104 14 127 69 210 32 235 104 12 3 111 4 4 65 3 27 110 27 110 70 50 77 73 67 41 45 24 56 230 53 82 73 80 18 33 85 233 8 260 44 237 38 5 19 99
22 38 111 23 252 43 151 6 156 10 24 86 14 38 234 29 242 52 265 86 180 40 120 23 20 78 251 43 16 41 49 29 40 103 248 88 238 64 20 55 196 103 229 90 237
32 19 10 45 180 61 250 99 22 19 252 15 226 84 3 34 32 25 33 49 92 13 41 92 222 105 214 39 163 92 174 35 257 76 219 55 181 72 30 30 274 79 80 39 263 59 283 50 150 38 198 82 42 86 56 22 41 91 237 46 98 38 201 12 282
38 8 211 49 52 7 246 40 224 49 290 54 55 25 172 39 119 23 132 99 286 52 39 92 193 42 278 34 157 18 257 40 79 104 44 106 241 31 258 31 265 104 231 22 292 49 121 16 199 66 103 37 238 67 61 50 253 6 286 10 15 44 283 76 111 41 68 27 240 48 144 9 102 58 89 39 214
18 98 165 2 124 67 291 18 230 72 116 90 70 78 29 40 72 8 294 2 54 101 241 53 128 90 153 64 223 61 15 16 55 40 174 42 112
17 107 212 41 66 96 69 40 39 81 76 22 17 44 169 70 157 99 92 8 47 79 248 44 166 89 89 42 16 86 50 43 221 4 270
36 34 193 43 8 21 275 6 279 67 225 37 46 36 155 30 154 53 73 64 222 9 201 18 63 53 149 9 36 99 199 22 283 36 122 21 31 4 154 6 238 41 176 34 263 21 233 18 79 18 275 43 54 96 250 9 128 9 203 48 87 96 22 9 160 67 143 96 130 30 85 18 168
40 11 226 9 44 34 161 104 18 36 235 22 173 40 185 64 72 48 183 43 261 55 265 43 53 38 165 104 190 95 35 89 173 99 29 52 133 48 234 48 117 101 176 18 29 67 19 25 294 21 73 38 91 15 41 6 71 90 53 101 246 79 57 23 235 77 222 11 101 59 236 15 154 84 273 84 30 77 81 95 207
50 67 293 34 186 99 107 48 101 43 103 67 158 4 10 67 224 43 288 4 289 99 126 99 161 99 271 99 26 53 142 101 273 48 23 4 118 18 283 48 283 99 123 52 236 18 254 4 295 18 16 67 236 52 130 23 181 15 64 52 266 23 180 67 241 18 176 52 279 99 105 96 166 52 110 43 72 67 166 34 288 67 63 53 35 67 117 18 188 34 145 99 276 96 239 23 85 67 127 23 95
18 81 8 18 265 14 58 6 258 2 16 101 124 53 106 11 38 25 246 15 190 11 145 9 45 70 81 53 68 8 223 81 193 65 201 39 192
22 62 36 22 208 51 102 59 242 69 288 4 260 30 157 103 250 70 152 25 244 10 150 99 41 46 107 36 293 15 213 48 179 31 223 43 134 4 153 72 62 37 197 60 250
34 100 294 12 16 38 13 69 236 16 10 106 13 104 113 21 282 52 287 99 227 72 111 10 96 14 129 64 43 7 238 29 165 2 32 38 194 50 12 46 218 12 241 42 20 9 137 58 31 52 112 40 239 75 16 11 171 31 10 49 59 68 147 54 210 19 149 107 291
20 93 23 73 64 69 99 48 106 17 177 106 97 17 87 105 220 31 245 80 267 24 174 44 135 46 14 23 89 36 220 25 33 3 237 82 3 6 231 74 104
46 86 90 55 206 96 11 67 230 41 90 67 14 52 181 55 185 4 205 79 49 25 176 40 162 21 209 90 228 77 69 15 156 25 267 48 211 52 190 46 42 4 26 95 91 4 180 30 177 90 280 9 162 43 59 23 235 99 290 44 205 15 236 55 244 90 232 38 178 6 273 99 139 31 289 38 201 48 9 104 38 22 6 46 106 101 93 34 20 21 76 25 279
18 91 291 31 107 76 299 104 230 67 252 10 38 37 112 33 257 91 5 84 33 21 165 91 234 38 256 50 99 4 217 91 283 43 251 90 37
29 15 63 67 254 21 145 79 260 37 250 36 186 30 155 36 4 37 148 79 214 48 206 36 66 23 118 18 251 21 91 43 84 6 77 101 196 37 21 6 227 4 104 18 157 43 94 89 205 52 252 37 122 30 213 99 12 22 124
22 24 122 55 242 57 81 90 90 33 174 74 272 4 110 14 266 92 177 77 241 38 32 11 286 8 110 73 160 33 87 86 165 92 59 45 61 15 105 3 71 8 288 88 70
40 106 269 21 98 25 27 64 100 70 86 53 62 9 4 31 218 59 233 30 30 36 73 79 176 31 114 90 14 90 21 53 90 70 236 23 163 103 30 79 141 18 49 70 87 106 293 104 291 53 201 40 19 46 220 104 210 9 29 89 266 70 23 101 214 31 144 43 61 48 22 4 210 21 148 31 78 90 114 41 132
34 23 201 37 233 67 199 21 267 79 103 34 107 34 299 53 189 96 28 64 77 36 279 4 26 21 123 36 2 4 60 18 41 43 24 101 295 48 114 37 60 23 11 79 263 104 218 48 110 37 196 23 84 18 251 4 262 101 126 15 78 43 68 52 142 67 58 36 13
41 43 265 30 61 30 283 48 291 15 210 15 107 4 234 86 43 6 209 36 295 34 56 67 283 21 114 101 34 48 97 9 127 52 10 34 140 53 103 101 30 30 67 64 61 34 84 6 10 104 223 6 46 67 110 22 192 18 95 36 63 9 66 30 197 67 39 99 246 6 223 18 144 64 113 36 37 18 279 34 219 96 272
32 98 89 23 208 66 82 76 16 66 195 78 14 106 255 95 7 37 251 67 208 84 89 24 240 15 135 35 248 84 281 60 15 52 117 31 211 30 216 53 234 59 192 16 20 101 240 34 237 61 182 58 267 44 268 12 59 70 241 4 8 12 233 40 225
38 21 257 101 163 65 234 106 223 67 173 4 122 11 120 99 93 65 222 69 24 64 157 70 62 36 227 6 133 12 202 40 149 15 64 44 299 101 123 30 182 44 12 11 8 48 144 72 227 78 196 30 9 77 144 69 147 14 187 65 72 64 42 27 201 42 78 52 239 4 78 50 69 51 73 43 39
24 60 138 106 244 18 35 23 255 91 46 46 5 6 106 100 161 91 169 54 36 9 13 60 94 84 297 58 7 31 164 25 165 85 27 18 231 92 263 91 90 82 115 12 159 36 291 89 49
46 83 247 28 76 61 283 72 262 58 93 98 297 19 186 97 2 27 192 63 160 74 295 16 104 10 97 101 4 82 166 16 194 88 10 78 113 96 197 17 284 76 219 31 182 92 277 40 31 41 135 74 46 3 188 37 5 51 3 18 296 57 13 99 54 4 116 27 59 60 190 69 218 107 85 78 41 70 255 19 228 41 17 79 124 96 101 28 272 85 240 26 245
26 79 275 79 278 18 131 99 295 4 291 77 21 67 7 41 63 64 12 90 126 67 212 15 286 37 176 36 129 67 78 18 59 41 0 23 136 104 74 77 189 23 90 23 123 36 15 79 114 90 295 48 238
47 99 277 34 155 52 21 34 157 101 123 4 221 15 243 18 12 18 13 4 242 23 85 48 18 67 282 18 125 43 38 43 31 23 19 43 15 18 207 34 15 48 20 52 252 99 199 67 160 18 45 4 258 23 42 23 85 101 297 43 27 34 127 52 289 34 26 101 218 52 162 99 169 23 285 52 8 4 66 99 20 34 138 99 203 4 217 15 178 67 238 52 176 48 39
29 85 28 21 158 76 129 106 255 92 160 82 282 53 21 63 35 16 288 33 154 43 240 75 111 34 119 37 158 24 74 88 13 103 96 45 22 76 211 53 203 56 154 19 215 45 196 57 151 31 247 37 106 6 192 16 34 106 0
43 13 51 74 83 34 260 101 128 79 7 36 217 99 47 36 47 60 210 55 41 90 300 68 51 31 8 8 212 23 127 34 53 8 122 11 242 23 62 27 222 27 222 55 100 67 127 49 134 11 107 53 259 41 113 46 279 68 25 24 162 14 135 15 261 86 95 41 53 27 194 43 173 8 181 44 51 58 34 30 134 49 223 43 19 46 27
0
23 6 63 101 107 12 32 58 146 38 127 80 29 54 177 54 170 23 269 65 44 11 60 81 229 23 147 6 98 77 270 49 67 52 240 92 252 49 299 43 238 103 230 40 225 89 161
48 43 187 99 112 52 159 99 254 99 226 43 102 67 247 67 13 99 261 15 248 67 191 48 80 43 96 52 12 52 148 15 31 43 97 23 268 52 127 99 220 43 259 48 56 43 189 67 143 43 11 48 137 48 44 48 205 99 226 52 205 67 246 15 255 43 220 15 255 52 4 48 8 15 293 99 39 15 300 23 210 15 113 67 2 52 38 15 72 15 152 15 22 43 7 67 256
39 86 260 77 89 23 250 101 117 79 145 53 149 6 139 36 65 95 80 89 249 96 115 41 143 4 217 9 260 23 216 95 275 43 59 95 50 67 192 15 23 95 51 34 253 9 229 101 224 89 228 96 269 79 219 6 147 18 22 43 130 99 231 96 186 67 18 89 210 4 14 67 24 64 241 101 283 4 55
43 59 149 64 11 40 260 48 256 44 34 9 281 48 123 46 284 11 32 101 3 79 170 46 157 37 122 79 112 99 119 59 82 48 182 25 18 104 48 23 73 79 219 77 113 40 73 34 89 25 16 84 82 11 105 79 16 43 276 9 244 15 248 48 280 48 265 90 30 59 53 95 124 55 270 67 221 59 10 25 253 64 75 37 267 37 300
42 64 87 52 62 99 20 52 212 53 165 52 132 37 240 96 213 53 0 37 185 96 9 15 97 37 23 34 294 101 196 43 36 15 32 99 225 67 34 101 213 34 249 43 113 4 226 23 149 23 202 15 77 79 288 79 58 96 72 67 204 37 35 64 225 52 218 48 40 96 73 67 269 79 203 34 110 15 141 4 296 43 35 15 175
44 82 147 10 270 27 132 41 33 80 23 100 8 88 161 22 113 76 272 63 46 90 251 4 116 92 98 66 111 72 90 40 47 98 125 54 234 78 79 31 191 78 143 30 95 64 245 40 236 7 205 51 32 68 27 96 85 67 154 96 179 11 224 15 183 102 218 36 210 21 115 66 211 34 256 13 181 30 63 27 44 30 7 67 258 29 45 59 202
25 84 33 78 222 104 63 90 24 102 31 18 132 52 248 11 253 90 230 37 228 46 118 38 170 53 217 6 247 55 165 18 43 40 186 49 243 4 186 7 1 103 203 34 29 49 79 15 88 102 280
31 7 259 9 271 4 257 106 38 41 163 18 4 102 188 101 89 103 82 42 196 72 76 10 81 84 246 7 26 96 292 102 30 10 86 22 140 31 19 49 77 25 211 49 98 7 40 103 175 59 12 79 108 67 35 101 83 103 270 22 243 64 25
