240
27 93 11 85 11 84 11 74 11 114 11 110 11 215 11 85 11 74 11 239 11 62 11 109 11 55 11 219 11 180 11 151 11 170 11 161 11 170 11 51 11 60 11 48 11 72 11 118 11 180 11 49 11 110 11
32 201 11 168 11 61 11 94 11 191 11 46 11 52 11 68 11 185 11 14 11 54 11 35 11 227 11 69 11 26 11 86 11 171 11 221 11 69 11 215 11 203 11 174 11 185 11 235 11 176 11 29 11 151 11 12 11 52 11 184 11 76 11 94 11
37 114 11 218 11 179 11 231 11 94 11 126 11 196 11 210 11 49 11 68 11 188 11 115 11 110 11 55 11 37 11 193 11 33 11 115 11 144 11 90 11 90 11 114 11 117 11 68 11 121 11 156 11 66 11 114 11 210 11 179 11 196 11 106 11 20 11 195 11 115 11 188 11 176 11
47 82 11 36 11 72 11 228 11 191 11 115 11 176 11 212 11 82 11 82 11 194 11 61 11 14 11 38 11 240 11 88 11 225 11 184 11 184 11 115 11 82 11 88 11 176 11 228 11 33 11 36 11 184 11 191 11 212 11 144 11 225 11 184 11 14 11 231 11 225 11 212 11 33 11 144 11 38 11 221 11 195 11 191 11 221 11 144 11 14 11 36 11 61 11
25 124 11 36 11 10 11 49 11 80 11 194 11 71 11 172 11 26 11 47 11 194 11 79 11 40 11 142 11 165 11 4 11 130 11 218 11 214 11 62 11 104 11 104 11 76 11 55 11 163 11
17 117 11 161 11 108 11 221 11 46 11 125 11 125 11 107 11 66 11 36 11 76 11 126 11 49 11 204 11 144 11 14 11 55 11
30 194 11 228 11 176 11 33 11 36 11 13 11 110 11 13 11 228 11 77 11 203 11 212 11 114 11 36 11 33 11 37 11 110 11 87 11 4 11 228 11 234 11 82 11 189 11 14 11 218 11 184 11 87 11 83 11 234 11 218 11
28 221 11 156 11 151 11 232 11 51 11 135 11 37 11 24 11 136 11 7 11 46 11 135 11 82 11 175 11 205 11 187 11 128 11 225 11 32 11 88 11 176 11 52 11 71 11 132 11 146 11 126 11 133 11 59 11
33 41 11 179 11 157 11 148 11 146 11 211 11 25 11 194 11 198 11 146 11 134 11 146 11 164 11 116 11 63 11 62 11 83 11 120 11 54 11 33 11 151 11 235 11 51 11 40 11 194 11 30 11 188 11 92 11 148 11 195 11 111 11 99 11 136 11
47 60 11 40 11 109 11 111 11 141 11 34 11 187 11 77 11 94 11 20 11 96 11 202 11 68 11 43 11 36 11 161 11 171 11 78 11 175 11 14 11 160 11 34 11 218 11 235 11 156 11 127 11 232 11 146 11 153 11 116 11 13 11 6 11 46 11 92 11 41 11 240 11 198 11 187 11 115 11 147 11 6 11 122 11 26 11 49 11 83 11 225 11 143 11
36 159 11 136 11 157 11 161 11 175 11 111 11 154 11 39 11 142 11 209 11 219 11 108 11 75 11 144 11 134 11 157 11 143 11 92 11 240 11 164 11 106 11 144 11 167 11 109 11 58 11 188 11 4 11 29 11 108 11 43 11 160 11 193 11 25 11 89 11 3 11 43 11
42 76 11 214 11 212 11 209 11 171 11 208 11 32 11 66 11 160 11 235 11 127 11 38 11 40 11 139 11 107 11 215 11 55 11 193 11 171 11 204 11 58 11 8 11 161 11 76 11 20 11 122 11 184 11 83 11 143 11 225 11 232 11 120 11 51 11 6 11 55 11 60 11 121 11 193 11 236 11 59 11 214 11 117 11
39 194 11 114 11 231 11 36 11 4 11 203 11 212 11 194 11 156 11 4 11 176 11 72 11 240 11 158 11 158 11 158 11 195 11 72 11 203 11 240 11 230 11 87 11 225 11 4 11 132 11 230 11 72 11 4 11 54 11 4 11 54 11 194 11 231 11 221 11 228 11 225 11 4 11 218 11 132 11
45 240 11 240 11 240 11 240 11 240 11 240 11 240 11 240 11 240 11 240 11 240 11 240 11 240 11 240 11 240 11 240 11 240 11 240 11 240 11 240 11 240 11 240 11 240 11 240 11 240 11 240 11 240 11 240 11 240 11 240 11 240 11 240 11 240 11 240 11 240 11 240 11 240 11 240 11 240 11 240 11 240 11 240 11 240 11 240 11 240 11
27 33 11 14 11 187 11 78 11 94 11 110 11 164 11 166 11 232 11 27 11 58 11 199 11 142 11 166 11 68 11 13 11 61 11 116 11 19 11 47 11 106 11 132 11 196 11 214 11 30 11 126 11 153 11
44 121 11 126 11 106 11 154 11 168 11 52 11 106 11 26 11 98 11 117 11 197 11 123 11 183 11 39 11 134 11 99 11 25 11 41 11 79 11 62 11 171 11 220 11 171 11 49 11 184 11 171 11 137 11 186 11 86 11 38 11 131 11 62 11 54 11 141 11 78 11 4 11 161 11 14 11 141 11 152 11 128 11 89 11 136 11 58 11
32 15 11 210 11 230 11 89 11 49 11 83 11 44 11 98 11 114 11 43 11 200 11 102 11 168 11 214 11 14 11 90 11 127 11 54 11 172 11 121 11 239 11 184 11 144 11 35 11 137 11 198 11 201 11 88 11 49 11 178 11 171 11 131 11
33 205 11 59 11 135 11 126 11 11 11 83 11 76 11 63 11 20 11 88 11 99 11 19 11 167 11 130 11 75 11 35 11 220 11 192 11 226 11 208 11 122 11 156 11 221 11 101 11 7 11 108 11 240 11 101 11 10 11 90 11 83 11 107 11 225 11
26 98 11 77 11 32 11 67 11 41 11 83 11 47 11 208 11 12 11 203 11 144 11 2 11 2 11 151 11 218 11 43 11 213 11 107 11 41 11 225 11 212 11 227 11 33 11 120 11 133 11 137 11
41 13 11 49 11 55 11 33 11 46 11 36 11 234 11 191 11 194 11 152 11 72 11 136 11 179 11 209 11 189 11 158 11 143 11 125 11 128 11 38 11 153 11 212 11 230 11 143 11 101 11 115 11 107 11 203 11 195 11 35 11 52 11 213 11 32 11 221 11 114 11 83 11 117 11 32 11 240 11 152 11 131 11
41 11 11 111 11 133 11 227 11 14 11 79 11 152 11 30 11 25 11 132 11 150 11 109 11 232 11 201 11 3 11 185 11 25 11 72 11 36 11 212 11 185 11 227 11 51 11 108 11 126 11 25 11 120 11 194 11 7 11 183 11 33 11 234 11 63 11 201 11 103 11 33 11 198 11 66 11 139 11 179 11 208 11
32 123 11 136 11 9 11 234 11 203 11 179 11 212 11 62 11 58 11 118 11 179 11 166 11 41 11 25 11 62 11 126 11 43 11 35 11 239 11 153 11 122 11 55 11 200 11 175 11 169 11 120 11 32 11 103 11 12 11 41 11 94 11 221 11
28 44 11 223 11 170 11 190 11 167 11 51 11 238 11 4 11 10 11 58 11 173 11 192 11 86 11 121 11 185 11 198 11 42 11 133 11 145 11 238 11 184 11 107 11 35 11 96 11 157 11 124 11 94 11 131 11
30 240 11 142 11 144 11 142 11 144 11 240 11 158 11 240 11 32 11 114 11 25 11 128 11 191 11 54 11 184 11 108 11 37 11 132 11 61 11 68 11 108 11 231 11 195 11 146 11 54 11 87 11 68 11 33 11 221 11 83 11
25 234 11 7 11 32 11 110 11 32 11 142 11 221 11 228 11 68 11 108 11 179 11 184 11 87 11 7 11 136 11 54 11 136 11 32 11 158 11 144 11 142 11 110 11 194 11 7 11 144 11
17 50 11 13 11 142 11 227 11 128 11 235 11 4 11 80 11 236 11 68 11 106 11 117 11 231 11 239 11 41 11 54 11 135 11
50 144 11 58 11 114 11 228 11 128 11 66 11 117 11 136 11 90 11 136 11 25 11 4 11 230 11 151 11 125 11 151 11 128 11 191 11 54 11 143 11 94 11 146 11 88 11 212 11 56 11 126 11 13 11 144 11 71 11 128 11 240 11 117 11 240 11 231 11 135 11 161 11 110 11 157 11 103 11 146 11 136 11 37 11 128 11 193 11 215 11 137 11 209 11 114 11 117 11 230 11
23 16 11 200 11 220 11 106 11 61 11 24 11 197 11 74 11 86 11 226 11 71 11 197 11 27 11 126 11 177 11 209 11 147 11 146 11 161 11 122 11 32 11 210 11 178 11
46 6 11 156 11 233 11 135 11 188 11 188 11 103 11 179 11 191 11 8 11 133 11 161 11 35 11 121 11 156 11 158 11 144 11 134 11 144 11 101 11 142 11 210 11 115 11 142 11 49 11 160 11 66 11 224 11 24 11 228 11 69 11 214 11 135 11 212 11 213 11 90 11 7 11 157 11 128 11 8 11 49 11 46 11 120 11 127 11 152 11 88 11
47 188 11 37 11 20 11 143 11 75 11 20 11 71 11 43 11 157 11 94 11 115 11 25 11 108 11 88 11 96 11 6 11 32 11 132 11 41 11 68 11 7 11 46 11 228 11 106 11 134 11 61 11 187 11 213 11 136 11 115 11 131 11 41 11 127 11 58 11 13 11 126 11 215 11 32 11 59 11 126 11 228 11 27 11 214 11 120 11 58 11 161 11 160 11
16 22 11 214 11 151 11 179 11 172 11 187 11 201 11 156 11 39 11 22 11 220 11 239 11 232 11 54 11 230 11 126 11
41 114 11 218 11 115 11 231 11 77 11 4 11 191 11 41 11 54 11 184 11 191 11 212 11 221 11 189 11 188 11 7 11 144 11 4 11 158 11 225 11 41 11 158 11 146 11 37 11 240 11 189 11 7 11 225 11 225 11 88 11 128 11 225 11 195 11 114 11 72 11 195 11 108 11 203 11 88 11 188 11 144 11
37 88 11 221 11 191 11 228 11 14 11 195 11 212 11 212 11 14 11 228 11 176 11 87 11 54 11 38 11 228 11 203 11 231 11 184 11 240 11 231 11 144 11 36 11 184 11 108 11 176 11 115 11 203 11 54 11 203 11 36 11 115 11 115 11 240 11 240 11 36 11 87 11 191 11
25 164 11 102 11 210 11 122 11 121 11 213 11 110 11 12 11 109 11 168 11 43 11 192 11 57 11 115 11 131 11 7 11 220 11 195 11 231 11 137 11 209 11 131 11 234 11 99 11 24 11
48 191 11 117 11 117 11 146 11 117 11 24 11 132 11 176 11 142 11 184 11 146 11 212 11 54 11 36 11 125 11 121 11 14 11 137 11 189 11 194 11 171 11 128 11 121 11 25 11 156 11 156 11 121 11 221 11 115 11 108 11 25 11 225 11 25 11 82 11 80 11 90 11 144 11 14 11 80 11 228 11 46 11 225 11 188 11 158 11 41 11 107 11 83 11 133 11
40 14 11 14 11 240 11 14 11 14 11 240 11 240 11 14 11 240 11 240 11 14 11 240 11 14 11 14 11 14 11 240 11 240 11 14 11 240 11 240 11 240 11 240 11 240 11 240 11 14 11 240 11 14 11 240 11 14 11 240 11 14 11 240 11 14 11 14 11 14 11 240 11 14 11 14 11 240 11 14 11
31 184 11 115 11 203 11 225 11 13 11 114 11 33 11 68 11 191 11 212 11 221 11 80 11 4 11 179 11 191 11 132 11 128 11 194 11 87 11 54 11 108 11 13 11 158 11 221 11 240 11 38 11 212 11 88 11 158 11 4 11 114 11
44 240 11 221 11 36 11 14 11 231 11 36 11 36 11 231 11 14 11 231 11 231 11 240 11 36 11 231 11 14 11 14 11 36 11 231 11 240 11 36 11 221 11 240 11 36 11 240 11 231 11 231 11 36 11 14 11 240 11 14 11 14 11 231 11 221 11 36 11 240 11 231 11 221 11 231 11 14 11 221 11 240 11 14 11 221 11 240 11
19 26 11 228 11 217 11 54 11 68 11 164 11 72 11 151 11 27 11 157 11 106 11 109 11 32 11 176 11 131 11 72 11 144 11 164 11 40 11
16 82 11 121 11 132 11 33 11 14 11 41 11 68 11 179 11 231 11 225 11 41 11 212 11 32 11 63 11 169 11 61 11
47 115 11 228 11 88 11 77 11 80 11 82 11 68 11 82 11 230 11 156 11 72 11 68 11 231 11 191 11 218 11 221 11 36 11 176 11 83 11 110 11 212 11 146 11 132 11 184 11 83 11 146 11 225 11 108 11 179 11 132 11 218 11 7 11 110 11 228 11 61 11 156 11 221 11 108 11 158 11 114 11 110 11 108 11 225 11 191 11 184 11 87 11 14 11
35 220 11 230 11 193 11 178 11 74 11 134 11 21 11 221 11 46 11 35 11 134 11 167 11 125 11 198 11 240 11 29 11 230 11 225 11 150 11 125 11 61 11 167 11 221 11 214 11 106 11 234 11 183 11 32 11 94 11 147 11 131 11 213 11 2 11 156 11 154 11
20 221 11 13 11 38 11 159 11 87 11 107 11 56 11 94 11 121 11 159 11 82 11 40 11 68 11 157 11 158 11 234 11 169 11 136 11 54 11 184 11
40 53 11 112 11 46 11 148 11 101 11 237 11 7 11 48 11 35 11 148 11 175 11 192 11 178 11 55 11 67 11 117 11 10 11 149 11 179 11 216 11 188 11 110 11 60 11 232 11 35 11 60 11 4 11 223 11 177 11 15 11 147 11 63 11 109 11 19 11 3 11 54 11 27 11 30 11 90 11 6 11
34 182 11 50 11 203 11 240 11 221 11 203 11 21 11 41 11 160 11 203 11 232 11 144 11 171 11 127 11 123 11 114 11 22 11 71 11 101 11 123 11 116 11 182 11 74 11 184 11 76 11 167 11 57 11 160 11 3 11 111 11 217 11 3 11 71 11 7 11
17 228 11 126 11 196 11 228 11 54 11 37 11 142 11 195 11 72 11 156 11 128 11 121 11 136 11 184 11 108 11 194 11 72 11
41 199 11 151 11 128 11 211 11 38 11 88 11 98 11 109 11 193 11 175 11 4 11 115 11 24 11 128 11 63 11 13 11 40 11 132 11 40 11 239 11 219 11 185 11 218 11 2 11 193 11 92 11 63 11 132 11 147 11 132 11 12 11 103 11 201 11 151 11 65 11 220 11 125 11 128 11 191 11 171 11 30 11
40 239 11 7 11 179 11 20 11 11 11 2 11 118 11 218 11 9 11 144 11 161 11 2 11 131 11 236 11 147 11 224 11 179 11 7 11 212 11 94 11 102 11 232 11 168 11 110 11 25 11 137 11 203 11 149 11 69 11 112 11 12 11 66 11 12 11 51 11 92 11 68 11 103 11 6 11 88 11 234 11
22 214 11 35 11 214 11 126 11 171 11 134 11 54 11 194 11 131 11 13 11 108 11 61 11 194 11 209 11 101 11 32 11 110 11 40 11 55 11 137 11 80 11 240 11
25 4 11 156 11 130 11 137 11 27 11 217 11 128 11 63 11 52 11 132 11 224 11 71 11 137 11 217 11 72 11 88 11 61 11 54 11 236 11 72 11 169 11 29 11 212 11 188 11 171 11
34 88 11 33 11 210 11 14 11 106 11 153 11 204 11 101 11 40 11 121 11 196 11 203 11 214 11 24 11 125 11 106 11 189 11 77 11 87 11 152 11 80 11 37 11 146 11 218 11 94 11 135 11 194 11 231 11 71 11 176 11 35 11 40 11 46 11 171 11
26 80 11 224 11 114 11 14 11 55 11 61 11 37 11 33 11 14 11 38 11 41 11 212 11 46 11 184 11 68 11 234 11 234 11 108 11 68 11 107 11 41 11 218 11 108 11 143 11 136 11 146 11
18 168 11 65 11 175 11 220 11 153 11 30 11 80 11 83 11 155 11 70 11 48 11 128 11 234 11 202 11 200 11 118 11 226 11 157 11
25 221 11 221 11 36 11 36 11 14 11 36 11 231 11 38 11 14 11 231 11 231 11 240 11 14 11 231 11 36 11 231 11 240 11 240 11 38 11 14 11 231 11 38 11 38 11 38 11 231 11
23 234 11 72 11 72 11 225 11 156 11 33 11 72 11 38 11 240 11 142 11 184 11 225 11 144 11 225 11 191 11 228 11 128 11 33 11 32 11 184 11 33 11 88 11 234 11
49 224 11 37 11 80 11 117 11 135 11 38 11 133 11 213 11 193 11 77 11 24 11 110 11 77 11 218 11 179 11 195 11 169 11 135 11 176 11 77 11 54 11 209 11 35 11 107 11 156 11 224 11 136 11 46 11 40 11 188 11 224 11 80 11 161 11 128 11 191 11 103 11 186 11 41 11 137 11 25 11 176 11 58 11 161 11 153 11 128 11 3 11 171 11 36 11 66 11
44 193 11 239 11 89 11 43 11 209 11 83 11 56 11 154 11 79 11 46 11 199 11 72 11 61 11 94 11 228 11 107 11 152 11 144 11 46 11 133 11 102 11 191 11 201 11 61 11 60 11 65 11 121 11 193 11 88 11 35 11 38 11 83 11 67 11 106 11 3 11 72 11 219 11 188 11 114 11 159 11 191 11 94 11 189 11 195 11
35 90 11 218 11 90 11 38 11 63 11 83 11 107 11 115 11 20 11 176 11 126 11 125 11 234 11 110 11 196 11 214 11 195 11 83 11 121 11 68 11 59 11 80 11 131 11 228 11 46 11 221 11 61 11 228 11 142 11 35 11 68 11 82 11 151 11 132 11 77 11
44 131 11 77 11 46 11 132 11 38 11 4 11 191 11 189 11 63 11 210 11 40 11 115 11 187 11 203 11 136 11 194 11 121 11 176 11 228 11 188 11 212 11 71 11 114 11 126 11 125 11 196 11 224 11 179 11 126 11 171 11 225 11 77 11 88 11 196 11 13 11 94 11 186 11 115 11 24 11 169 11 225 11 221 11 209 11 230 11
47 128 11 76 11 101 11 114 11 72 11 228 11 55 11 188 11 183 11 52 11 209 11 214 11 131 11 186 11 205 11 115 11 233 11 108 11 3 11 40 11 189 11 96 11 88 11 234 11 94 11 75 11 153 11 234 11 96 11 176 11 146 11 176 11 52 11 13 11 136 11 228 11 94 11 131 11 209 11 66 11 231 11 40 11 126 11 82 11 210 11 88 11 101 11
34 156 11 14 11 156 11 108 11 195 11 158 11 36 11 203 11 158 11 87 11 115 11 144 11 156 11 87 11 176 11 38 11 218 11 195 11 203 11 87 11 115 11 36 11 36 11 72 11 33 11 144 11 36 11 231 11 203 11 115 11 158 11 176 11 231 11 184 11
21 144 11 123 11 221 11 99 11 196 11 168 11 217 11 69 11 80 11 123 11 67 11 41 11 164 11 184 11 147 11 94 11 19 11 159 11 120 11 135 11 218 11
36 225 11 24 11 144 11 77 11 88 11 41 11 230 11 37 11 128 11 38 11 68 11 169 11 234 11 225 11 7 11 32 11 158 11 158 11 71 11 68 11 37 11 41 11 196 11 114 11 158 11 115 11 184 11 212 11 88 11 24 11 221 11 142 11 158 11 210 11 184 11 117 11
37 215 11 175 11 55 11 19 11 186 11 157 11 124 11 18 11 66 11 103 11 58 11 114 11 75 11 96 11 240 11 116 11 180 11 7 11 217 11 36 11 79 11 58 11 189 11 41 11 137 11 136 11 111 11 20 11 184 11 151 11 213 11 178 11 101 11 20 11 74 11 182 11 215 11
28 83 11 36 11 142 11 136 11 71 11 164 11 120 11 203 11 234 11 186 11 125 11 99 11 6 11 7 11 235 11 236 11 217 11 240 11 75 11 152 11 43 11 143 11 14 11 110 11 235 11 205 11 94 11 212 11
48 52 11 71 11 224 11 63 11 117 11 88 11 142 11 117 11 52 11 107 11 212 11 49 11 234 11 25 11 106 11 61 11 25 11 68 11 88 11 58 11 24 11 68 11 40 11 13 11 40 11 179 11 151 11 169 11 46 11 187 11 94 11 209 11 32 11 137 11 143 11 38 11 106 11 171 11 142 11 213 11 61 11 136 11 90 11 240 11 132 11 179 11 61 11 61 11
37 232 11 135 11 96 11 114 11 205 11 232 11 130 11 188 11 133 11 146 11 158 11 171 11 103 11 133 11 120 11 204 11 83 11 90 11 69 11 233 11 183 11 63 11 101 11 169 11 13 11 56 11 121 11 59 11 38 11 40 11 75 11 186 11 110 11 176 11 125 11 137 11 66 11
17 36 11 38 11 230 11 184 11 221 11 203 11 156 11 114 11 115 11 240 11 82 11 14 11 132 11 13 11 231 11 82 11 128 11
16 80 11 131 11 187 11 88 11 103 11 36 11 114 11 224 11 41 11 90 11 33 11 37 11 38 11 125 11 3 11 214 11
19 95 11 183 11 56 11 107 11 26 11 117 11 202 11 105 11 37 11 7 11 233 11 38 11 150 11 192 11 198 11 235 11 41 11 122 11 25 11
17 146 11 61 11 212 11 146 11 4 11 41 11 231 11 179 11 117 11 240 11 189 11 25 11 38 11 231 11 110 11 203 11 228 11
34 212 11 231 11 36 11 108 11 231 11 158 11 156 11 228 11 184 11 158 11 231 11 212 11 33 11 87 11 33 11 195 11 156 11 195 11 203 11 88 11 88 11 158 11 87 11 191 11 218 11 240 11 218 11 88 11 33 11 144 11 14 11 144 11 228 11 195 11
40 2 11 131 11 194 11 7 11 219 11 9 11 211 11 211 11 77 11 39 11 27 11 55 11 157 11 79 11 142 11 107 11 135 11 215 11 48 11 43 11 66 11 225 11 136 11 225 11 39 11 169 11 25 11 86 11 115 11 63 11 232 11 139 11 99 11 224 11 118 11 33 11 230 11 98 11 196 11 174 11
39 226 11 19 11 185 11 215 11 67 11 29 11 76 11 198 11 69 11 240 11 41 11 71 11 75 11 193 11 121 11 92 11 219 11 169 11 239 11 213 11 65 11 72 11 187 11 214 11 210 11 221 11 198 11 192 11 103 11 87 11 131 11 188 11 213 11 167 11 188 11 102 11 187 11 110 11 68 11
24 32 11 231 11 131 11 33 11 83 11 20 11 161 11 38 11 158 11 160 11 88 11 153 11 24 11 194 11 38 11 205 11 151 11 83 11 59 11 14 11 240 11 228 11 153 11 153 11
45 96 11 204 11 188 11 133 11 183 11 63 11 107 11 110 11 3 11 193 11 230 11 137 11 96 11 135 11 133 11 193 11 130 11 171 11 66 11 126 11 106 11 230 11 33 11 126 11 96 11 49 11 125 11 184 11 13 11 58 11 56 11 152 11 87 11 135 11 82 11 24 11 114 11 191 11 232 11 83 11 101 11 186 11 96 11 82 11 25 11
28 13 11 38 11 36 11 14 11 195 11 88 11 231 11 146 11 231 11 132 11 228 11 83 11 72 11 14 11 228 11 240 11 4 11 88 11 218 11 88 11 88 11 68 11 110 11 240 11 218 11 87 11 240 11 36 11
45 133 11 54 11 234 11 80 11 235 11 169 11 192 11 49 11 125 11 6 11 169 11 175 11 128 11 41 11 94 11 161 11 89 11 160 11 203 11 110 11 212 11 152 11 169 11 101 11 221 11 161 11 58 11 224 11 89 11 110 11 169 11 169 11 67 11 114 11 157 11 58 11 67 11 58 11 4 11 33 11 135 11 58 11 20 11 90 11 152 11
30 202 11 205 11 115 11 228 11 106 11 235 11 203 11 160 11 40 11 14 11 51 11 147 11 235 11 195 11 135 11 208 11 130 11 94 11 146 11 71 11 147 11 32 11 132 11 67 11 143 11 189 11 205 11 225 11 151 11 13 11
22 82 11 176 11 83 11 179 11 87 11 54 11 108 11 83 11 176 11 14 11 225 11 108 11 194 11 38 11 87 11 83 11 228 11 228 11 194 11 33 11 184 11 212 11
31 127 11 103 11 147 11 120 11 115 11 131 11 219 11 135 11 200 11 66 11 56 11 48 11 154 11 106 11 187 11 52 11 58 11 61 11 72 11 83 11 68 11 150 11 164 11 203 11 123 11 122 11 47 11 27 11 63 11 168 11 21 11
33 240 11 218 11 87 11 158 11 191 11 184 11 87 11 54 11 184 11 87 11 191 11 218 11 88 11 36 11 115 11 184 11 115 11 88 11 195 11 191 11 218 11 221 11 228 11 158 11 176 11 228 11 240 11 36 11 87 11 144 11 218 11 156 11 14 11
39 191 11 195 11 72 11 38 11 176 11 128 11 184 11 225 11 128 11 240 11 88 11 33 11 108 11 82 11 144 11 212 11 115 11 221 11 115 11 61 11 218 11 156 11 88 11 218 11 33 11 128 11 158 11 218 11 54 11 218 11 14 11 158 11 212 11 228 11 158 11 36 11 61 11 128 11 184 11
46 238 11 237 11 229 11 5 11 162 11 83 11 214 11 237 11 214 11 89 11 69 11 220 11 5 11 6 11 231 11 117 11 159 11 33 11 77 11 50 11 183 11 205 11 163 11 71 11 169 11 49 11 16 11 18 11 221 11 81 11 6 11 217 11 18 11 231 11 25 11 129 11 170 11 177 11 177 11 146 11 190 11 124 11 71 11 159 11 160 11 186 11
35 31 11 173 11 238 11 53 11 156 11 192 11 153 11 108 11 198 11 113 11 210 11 218 11 53 11 161 11 84 11 22 11 42 11 152 11 133 11 102 11 86 11 141 11 128 11 60 11 110 11 209 11 233 11 188 11 224 11 94 11 163 11 157 11 207 11 123 11 95 11
15 99 11 88 11 230 11 179 11 183 11 77 11 29 11 35 11 230 11 133 11 159 11 186 11 176 11 68 11 51 11
25 191 11 88 11 240 11 195 11 156 11 115 11 14 11 36 11 54 11 38 11 195 11 36 11 54 11 14 11 156 11 144 11 38 11 54 11 54 11 38 11 156 11 221 11 38 11 38 11 212 11
25 221 11 240 11 156 11 195 11 36 11 38 11 231 11 36 11 191 11 115 11 54 11 195 11 231 11 54 11 14 11 195 11 195 11 14 11 221 11 144 11 231 11 54 11 195 11 240 11 54 11
16 183 11 234 11 218 11 196 11 12 11 38 11 38 11 184 11 159 11 103 11 234 11 230 11 60 11 135 11 210 11 37 11
28 225 11 33 11 46 11 33 11 4 11 7 11 188 11 221 11 194 11 231 11 191 11 188 11 4 11 61 11 32 11 191 11 36 11 72 11 234 11 142 11 132 11 7 11 195 11 82 11 146 11 194 11 77 11 115 11
30 145 11 198 11 77 11 110 11 169 11 13 11 19 11 18 11 51 11 233 11 13 11 40 11 26 11 42 11 36 11 99 11 81 11 87 11 211 11 130 11 177 11 226 11 48 11 30 11 150 11 2 11 6 11 216 11 56 11 179 11
18 198 11 106 11 230 11 54 11 196 11 158 11 40 11 69 11 130 11 49 11 36 11 71 11 56 11 80 11 109 11 142 11 218 11 83 11
46 181 11 23 11 17 11 21 11 219 11 235 11 209 11 71 11 123 11 130 11 196 11 78 11 226 11 106 11 210 11 222 11 84 11 240 11 74 11 76 11 119 11 74 11 207 11 123 11 198 11 145 11 128 11 24 11 12 11 78 11 135 11 98 11 202 11 210 11 157 11 44 11 240 11 79 11 33 11 214 11 152 11 201 11 58 11 140 11 173 11 219 11
40 212 11 108 11 40 11 80 11 103 11 54 11 195 11 146 11 71 11 158 11 108 11 158 11 169 11 36 11 55 11 194 11 61 11 136 11 32 11 36 11 171 11 203 11 218 11 55 11 32 11 231 11 179 11 212 11 203 11 71 11 107 11 171 11 136 11 228 11 77 11 72 11 88 11 87 11 32 11 176 11
44 155 11 62 11 157 11 203 11 205 11 152 11 169 11 134 11 142 11 39 11 90 11 224 11 192 11 111 11 46 11 15 11 55 11 168 11 99 11 167 11 66 11 131 11 69 11 211 11 3 11 157 11 208 11 174 11 144 11 127 11 32 11 40 11 78 11 25 11 231 11 160 11 118 11 201 11 196 11 191 11 224 11 76 11 214 11 135 11
36 160 11 214 11 68 11 106 11 4 11 196 11 125 11 175 11 189 11 14 11 66 11 204 11 52 11 212 11 232 11 54 11 52 11 54 11 143 11 171 11 110 11 175 11 51 11 25 11 20 11 77 11 191 11 46 11 230 11 126 11 203 11 156 11 218 11 143 11 13 11 106 11
21 21 11 81 11 57 11 156 11 70 11 7 11 213 11 15 11 128 11 124 11 54 11 63 11 41 11 179 11 100 11 167 11 67 11 16 11 227 11 183 11 197 11
27 86 11 186 11 34 11 68 11 89 11 90 11 151 11 114 11 87 11 103 11 239 11 201 11 240 11 236 11 80 11 235 11 135 11 87 11 188 11 188 11 30 11 122 11 114 11 51 11 76 11 159 11 234 11
23 130 11 36 11 240 11 36 11 27 11 221 11 67 11 209 11 134 11 209 11 204 11 183 11 107 11 77 11 158 11 132 11 59 11 126 11 157 11 169 11 133 11 7 11 143 11
43 91 11 67 11 8 11 7 11 71 11 142 11 203 11 184 11 146 11 188 11 18 11 186 11 153 11 8 11 145 11 55 11 152 11 21 11 131 11 45 11 49 11 103 11 61 11 106 11 59 11 195 11 80 11 135 11 27 11 56 11 232 11 35 11 37 11 194 11 76 11 32 11 161 11 40 11 47 11 37 11 54 11 134 11 183 11
25 36 11 55 11 77 11 132 11 68 11 146 11 25 11 128 11 87 11 203 11 128 11 221 11 41 11 115 11 61 11 33 11 169 11 156 11 82 11 36 11 36 11 136 11 63 11 156 11 225 11
48 154 11 69 11 56 11 101 11 115 11 36 11 208 11 218 11 108 11 61 11 14 11 115 11 46 11 121 11 30 11 161 11 209 11 204 11 32 11 151 11 121 11 169 11 194 11 221 11 146 11 143 11 132 11 89 11 175 11 66 11 77 11 94 11 12 11 227 11 126 11 24 11 205 11 66 11 232 11 202 11 151 11 133 11 219 11 209 11 49 11 134 11 125 11 77 11
29 230 11 46 11 240 11 25 11 146 11 80 11 32 11 107 11 88 11 225 11 169 11 110 11 156 11 7 11 218 11 228 11 55 11 225 11 191 11 179 11 32 11 14 11 169 11 240 11 189 11 210 11 132 11 209 11 82 11
22 211 11 179 11 46 11 114 11 137 11 138 11 7 11 196 11 94 11 205 11 225 11 12 11 196 11 42 11 18 11 213 11 182 11 36 11 14 11 47 11 150 11 176 11
33 74 11 76 11 194 11 166 11 45 11 52 11 60 11 27 11 175 11 240 11 34 11 50 11 196 11 110 11 38 11 147 11 55 11 199 11 147 11 159 11 120 11 33 11 87 11 193 11 196 11 185 11 227 11 63 11 48 11 236 11 215 11 158 11 165 11
19 38 11 186 11 87 11 214 11 152 11 189 11 136 11 152 11 213 11 131 11 115 11 25 11 228 11 153 11 40 11 87 11 191 11 110 11 32 11
43 72 11 24 11 191 11 176 11 68 11 4 11 7 11 169 11 126 11 191 11 72 11 54 11 33 11 80 11 88 11 117 11 32 11 41 11 225 11 230 11 77 11 32 11 117 11 210 11 115 11 228 11 83 11 41 11 24 11 7 11 128 11 195 11 179 11 32 11 87 11 132 11 142 11 136 11 136 11 132 11 195 11 230 11 25 11
24 115 11 195 11 212 11 156 11 88 11 144 11 38 11 231 11 115 11 14 11 144 11 221 11 87 11 87 11 87 11 144 11 115 11 221 11 36 11 88 11 221 11 54 11 191 11 156 11
46 130 11 146 11 54 11 137 11 217 11 131 11 77 11 210 11 169 11 29 11 224 11 66 11 214 11 122 11 49 11 212 11 41 11 128 11 137 11 87 11 183 11 179 11 67 11 164 11 175 11 209 11 43 11 156 11 41 11 127 11 96 11 76 11 63 11 127 11 146 11 87 11 136 11 232 11 214 11 82 11 56 11 13 11 232 11 56 11 212 11 59 11
32 88 11 228 11 83 11 225 11 132 11 194 11 115 11 194 11 230 11 83 11 158 11 54 11 240 11 144 11 189 11 37 11 14 11 156 11 38 11 88 11 212 11 54 11 128 11 80 11 158 11 87 11 132 11 189 11 234 11 189 11 231 11 230 11
39 239 11 59 11 131 11 156 11 135 11 102 11 185 11 184 11 115 11 169 11 13 11 80 11 72 11 80 11 133 11 12 11 102 11 137 11 109 11 128 11 117 11 107 11 14 11 3 11 29 11 4 11 75 11 130 11 106 11 169 11 185 11 71 11 205 11 168 11 88 11 30 11 107 11 174 11 187 11
40 179 11 186 11 4 11 115 11 68 11 94 11 156 11 25 11 217 11 195 11 227 11 80 11 187 11 96 11 82 11 101 11 217 11 115 11 151 11 71 11 158 11 88 11 60 11 131 11 126 11 132 11 186 11 127 11 128 11 30 11 54 11 130 11 231 11 179 11 221 11 188 11 86 11 186 11 41 11 25 11
49 9 11 29 11 76 11 9 11 208 11 199 11 40 11 110 11 39 11 146 11 67 11 7 11 126 11 233 11 210 11 34 11 179 11 68 11 178 11 111 11 89 11 164 11 201 11 118 11 168 11 232 11 118 11 59 11 203 11 232 11 197 11 39 11 58 11 191 11 68 11 160 11 80 11 240 11 227 11 19 11 135 11 78 11 39 11 167 11 185 11 221 11 236 11 186 11 220 11
24 228 11 194 11 158 11 158 11 218 11 115 11 231 11 115 11 128 11 4 11 146 11 176 11 80 11 115 11 203 11 72 11 128 11 156 11 83 11 108 11 128 11 218 11 158 11 108 11
37 36 11 221 11 54 11 191 11 36 11 38 11 14 11 14 11 240 11 221 11 14 11 38 11 54 11 221 11 54 11 36 11 14 11 221 11 38 11 54 11 191 11 240 11 240 11 54 11 240 11 156 11 14 11 231 11 156 11 191 11 54 11 191 11 36 11 14 11 231 11 240 11 221 11
44 192 11 132 11 219 11 29 11 136 11 136 11 204 11 231 11 156 11 126 11 94 11 184 11 109 11 186 11 184 11 225 11 191 11 186 11 231 11 198 11 49 11 102 11 154 11 175 11 121 11 187 11 14 11 231 11 13 11 102 11 55 11 51 11 4 11 142 11 66 11 232 11 234 11 179 11 159 11 54 11 132 11 227 11 26 11 56 11
22 230 11 231 11 191 11 188 11 13 11 142 11 13 11 41 11 68 11 189 11 184 11 194 11 61 11 61 11 189 11 231 11 179 11 72 11 231 11 225 11 225 11 225 11
25 143 11 117 11 175 11 239 11 137 11 200 11 192 11 71 11 66 11 189 11 194 11 10 11 94 11 26 11 54 11 204 11 116 11 86 11 218 11 220 11 92 11 192 11 50 11 59 11 169 11
30 104 11 42 11 177 11 178 11 77 11 51 11 170 11 143 11 229 11 172 11 52 11 136 11 133 11 94 11 36 11 4 11 196 11 100 11 143 11 200 11 86 11 36 11 173 11 186 11 65 11 230 11 21 11 220 11 99 11 72 11
28 152 11 32 11 25 11 115 11 96 11 72 11 158 11 94 11 115 11 234 11 121 11 115 11 87 11 107 11 43 11 90 11 3 11 3 11 210 11 66 11 134 11 77 11 101 11 61 11 151 11 137 11 158 11 54 11
29 189 11 234 11 14 11 203 11 24 11 212 11 24 11 128 11 115 11 144 11 179 11 176 11 218 11 36 11 36 11 80 11 33 11 218 11 25 11 146 11 156 11 128 11 33 11 132 11 230 11 114 11 146 11 189 11 240 11
22 24 11 157 11 52 11 144 11 14 11 4 11 49 11 127 11 87 11 52 11 27 11 66 11 153 11 99 11 94 11 120 11 60 11 25 11 86 11 217 11 71 11 224 11
43 122 11 120 11 61 11 177 11 128 11 199 11 219 11 21 11 220 11 198 11 189 11 211 11 29 11 83 11 55 11 225 11 239 11 184 11 210 11 77 11 92 11 13 11 57 11 92 11 68 11 212 11 205 11 74 11 218 11 27 11 175 11 148 11 14 11 41 11 74 11 239 11 33 11 186 11 167 11 232 11 178 11 220 11 86 11
15 233 11 26 11 3 11 87 11 202 11 28 11 37 11 236 11 46 11 55 11 152 11 81 11 114 11 67 11 30 11
29 218 11 179 11 46 11 32 11 234 11 184 11 108 11 230 11 40 11 128 11 46 11 203 11 210 11 128 11 25 11 184 11 189 11 114 11 54 11 94 11 114 11 103 11 132 11 68 11 94 11 184 11 25 11 142 11 107 11
46 189 11 54 11 188 11 142 11 169 11 191 11 156 11 13 11 115 11 24 11 87 11 38 11 77 11 114 11 212 11 121 11 68 11 184 11 88 11 25 11 114 11 146 11 37 11 121 11 194 11 77 11 24 11 179 11 82 11 195 11 87 11 37 11 188 11 194 11 110 11 108 11 37 11 13 11 218 11 136 11 179 11 188 11 225 11 7 11 114 11 117 11
23 61 11 66 11 83 11 66 11 175 11 233 11 56 11 88 11 169 11 96 11 210 11 158 11 72 11 130 11 125 11 213 11 240 11 214 11 106 11 221 11 46 11 41 11 126 11
33 221 11 144 11 212 11 184 11 88 11 218 11 203 11 108 11 195 11 87 11 221 11 88 11 88 11 82 11 38 11 144 11 221 11 115 11 231 11 38 11 158 11 156 11 115 11 212 11 156 11 203 11 108 11 82 11 88 11 82 11 231 11 82 11 144 11
33 43 11 182 11 63 11 30 11 60 11 54 11 188 11 192 11 144 11 74 11 195 11 111 11 71 11 218 11 94 11 196 11 13 11 212 11 167 11 144 11 54 11 51 11 233 11 51 11 33 11 123 11 74 11 179 11 208 11 82 11 192 11 153 11 178 11
34 66 11 152 11 213 11 213 11 134 11 37 11 142 11 135 11 80 11 225 11 7 11 230 11 179 11 52 11 212 11 204 11 194 11 218 11 83 11 193 11 183 11 152 11 231 11 231 11 194 11 161 11 204 11 136 11 66 11 234 11 228 11 144 11 161 11 24 11
50 110 11 68 11 103 11 136 11 231 11 13 11 61 11 88 11 88 11 221 11 146 11 72 11 189 11 24 11 71 11 176 11 188 11 52 11 203 11 103 11 186 11 80 11 144 11 61 11 25 11 83 11 90 11 35 11 52 11 189 11 32 11 214 11 40 11 87 11 209 11 40 11 68 11 103 11 142 11 142 11 108 11 117 11 32 11 115 11 224 11 32 11 171 11 121 11 156 11 171 11
47 158 11 54 11 184 11 231 11 158 11 14 11 146 11 156 11 230 11 108 11 146 11 115 11 38 11 4 11 218 11 240 11 114 11 221 11 221 11 72 11 33 11 36 11 146 11 203 11 195 11 108 11 230 11 191 11 240 11 33 11 33 11 221 11 115 11 221 11 225 11 218 11 14 11 128 11 82 11 4 11 82 11 83 11 88 11 54 11 228 11 146 11 38 11
41 128 11 110 11 121 11 82 11 25 11 146 11 115 11 72 11 40 11 107 11 90 11 228 11 71 11 108 11 7 11 179 11 169 11 82 11 196 11 179 11 117 11 55 11 63 11 25 11 13 11 136 11 171 11 176 11 94 11 72 11 231 11 82 11 191 11 25 11 25 11 230 11 194 11 83 11 13 11 103 11 110 11
49 101 11 144 11 228 11 115 11 32 11 101 11 209 11 221 11 87 11 61 11 68 11 63 11 218 11 144 11 40 11 82 11 82 11 203 11 143 11 41 11 25 11 142 11 36 11 108 11 131 11 7 11 87 11 240 11 240 11 158 11 131 11 153 11 189 11 214 11 61 11 196 11 169 11 25 11 55 11 231 11 131 11 101 11 46 11 210 11 24 11 88 11 87 11 144 11 121 11
28 59 11 228 11 152 11 131 11 186 11 171 11 209 11 215 11 24 11 4 11 121 11 131 11 184 11 33 11 188 11 186 11 54 11 143 11 82 11 108 11 36 11 117 11 183 11 3 11 40 11 171 11 115 11 183 11
32 231 11 156 11 32 11 218 11 7 11 188 11 146 11 68 11 83 11 144 11 221 11 41 11 14 11 14 11 234 11 132 11 38 11 144 11 221 11 80 11 110 11 61 11 7 11 37 11 212 11 82 11 88 11 7 11 54 11 77 11 212 11 37 11
40 61 11 121 11 209 11 179 11 146 11 77 11 40 11 156 11 36 11 72 11 184 11 184 11 132 11 13 11 71 11 158 11 117 11 61 11 108 11 68 11 203 11 179 11 103 11 87 11 7 11 203 11 203 11 83 11 212 11 144 11 55 11 240 11 4 11 231 11 110 11 87 11 55 11 121 11 103 11 142 11
37 147 11 89 11 148 11 197 11 74 11 27 11 66 11 79 11 169 11 117 11 87 11 167 11 191 11 59 11 203 11 143 11 7 11 153 11 8 11 13 11 199 11 14 11 147 11 154 11 199 11 152 11 101 11 56 11 76 11 87 11 82 11 41 11 208 11 90 11 196 11 109 11 211 11
29 142 11 20 11 225 11 171 11 184 11 55 11 110 11 158 11 131 11 108 11 6 11 231 11 6 11 76 11 87 11 72 11 209 11 217 11 214 11 94 11 154 11 146 11 176 11 38 11 169 11 233 11 188 11 233 11 94 11
17 165 11 18 11 54 11 220 11 216 11 230 11 179 11 160 11 81 11 67 11 198 11 209 11 35 11 117 11 63 11 171 11 16 11
33 78 11 79 11 116 11 157 11 143 11 103 11 114 11 8 11 58 11 194 11 69 11 235 11 55 11 115 11 147 11 120 11 232 11 128 11 103 11 131 11 160 11 14 11 51 11 13 11 7 11 72 11 125 11 2 11 79 11 188 11 137 11 114 11 135 11
28 88 11 231 11 108 11 80 11 179 11 61 11 83 11 33 11 203 11 88 11 191 11 14 11 228 11 231 11 212 11 7 11 68 11 77 11 32 11 231 11 88 11 156 11 203 11 191 11 128 11 221 11 128 11 54 11
23 63 11 230 11 46 11 40 11 83 11 108 11 110 11 103 11 240 11 125 11 169 11 128 11 107 11 68 11 101 11 231 11 176 11 77 11 46 11 110 11 114 11 107 11 188 11
29 191 11 221 11 14 11 221 11 36 11 240 11 195 11 195 11 212 11 156 11 212 11 240 11 231 11 14 11 195 11 191 11 231 11 212 11 14 11 231 11 54 11 212 11 54 11 115 11 212 11 231 11 191 11 38 11 231 11
16 216 11 203 11 30 11 240 11 55 11 114 11 121 11 171 11 58 11 217 11 171 11 90 11 201 11 127 11 231 11 92 11
40 108 11 144 11 144 11 218 11 179 11 158 11 156 11 33 11 38 11 228 11 33 11 87 11 195 11 156 11 191 11 36 11 87 11 33 11 230 11 128 11 61 11 156 11 221 11 128 11 87 11 4 11 14 11 212 11 240 11 191 11 191 11 72 11 203 11 128 11 38 11 72 11 225 11 221 11 230 11 88 11
47 161 11 209 11 132 11 239 11 103 11 6 11 158 11 161 11 184 11 234 11 202 11 137 11 239 11 240 11 139 11 228 11 8 11 30 11 76 11 133 11 142 11 209 11 201 11 56 11 117 11 159 11 94 11 6 11 191 11 154 11 35 11 215 11 212 11 103 11 66 11 194 11 157 11 232 11 29 11 188 11 29 11 187 11 87 11 134 11 72 11 12 11 186 11
37 102 11 109 11 94 11 171 11 132 11 24 11 142 11 94 11 156 11 82 11 196 11 78 11 117 11 115 11 157 11 212 11 37 11 111 11 185 11 185 11 98 11 153 11 117 11 200 11 184 11 234 11 168 11 88 11 61 11 144 11 116 11 142 11 75 11 61 11 67 11 10 11 82 11
29 204 11 58 11 87 11 225 11 204 11 122 11 230 11 106 11 174 11 12 11 55 11 192 11 79 11 215 11 197 11 220 11 178 11 57 11 34 11 109 11 76 11 57 11 220 11 208 11 178 11 198 11 208 11 194 11 224 11
18 90 11 147 11 189 11 99 11 83 11 6 11 175 11 153 11 165 11 122 11 39 11 136 11 96 11 103 11 231 11 127 11 96 11 240 11
39 203 11 94 11 203 11 169 11 80 11 184 11 171 11 117 11 7 11 126 11 68 11 176 11 88 11 82 11 117 11 203 11 117 11 25 11 179 11 49 11 231 11 137 11 106 11 212 11 114 11 24 11 191 11 156 11 152 11 106 11 25 11 171 11 25 11 224 11 133 11 152 11 55 11 59 11 71 11
33 88 11 36 11 35 11 24 11 90 11 133 11 33 11 103 11 171 11 121 11 184 11 133 11 179 11 224 11 194 11 54 11 94 11 35 11 210 11 212 11 212 11 184 11 143 11 169 11 142 11 32 11 144 11 156 11 231 11 209 11 37 11 61 11 191 11
25 136 11 156 11 142 11 103 11 72 11 195 11 54 11 209 11 210 11 87 11 231 11 82 11 136 11 240 11 80 11 32 11 114 11 68 11 158 11 4 11 46 11 101 11 126 11 210 11 46 11
18 240 11 110 11 214 11 54 11 90 11 25 11 46 11 151 11 191 11 80 11 41 11 63 11 224 11 204 11 146 11 36 11 218 11 184 11
42 45 11 101 11 121 11 187 11 43 11 194 11 92 11 90 11 152 11 112 11 26 11 182 11 88 11 157 11 203 11 62 11 92 11 215 11 156 11 226 11 209 11 74 11 179 11 29 11 187 11 29 11 127 11 161 11 18 11 67 11 186 11 92 11 42 11 89 11 159 11 210 11 68 11 7 11 83 11 142 11 6 11 209 11
38 14 11 36 11 240 11 54 11 240 11 221 11 231 11 231 11 14 11 240 11 221 11 36 11 54 11 231 11 240 11 221 11 14 11 36 11 231 11 38 11 38 11 240 11 54 11 231 11 231 11 38 11 36 11 36 11 54 11 36 11 54 11 221 11 240 11 54 11 240 11 221 11 38 11 38 11
42 55 11 68 11 146 11 35 11 54 11 103 11 159 11 110 11 87 11 221 11 158 11 137 11 68 11 194 11 184 11 14 11 33 11 195 11 110 11 25 11 225 11 54 11 14 11 126 11 80 11 143 11 144 11 132 11 46 11 88 11 171 11 136 11 4 11 209 11 107 11 234 11 203 11 49 11 35 11 125 11 71 11 46 11
48 212 11 203 11 184 11 144 11 54 11 184 11 212 11 240 11 144 11 184 11 33 11 54 11 228 11 184 11 221 11 221 11 228 11 36 11 191 11 240 11 195 11 191 11 212 11 14 11 184 11 87 11 231 11 231 11 36 11 184 11 156 11 240 11 176 11 14 11 195 11 87 11 38 11 203 11 87 11 240 11 36 11 231 11 36 11 184 11 108 11 221 11 240 11 87 11
19 94 11 40 11 72 11 83 11 63 11 151 11 153 11 134 11 131 11 189 11 230 11 59 11 209 11 191 11 128 11 196 11 142 11 107 11 142 11
22 195 11 25 11 71 11 157 11 4 11 36 11 179 11 184 11 88 11 25 11 191 11 176 11 117 11 215 11 240 11 171 11 41 11 7 11 41 11 157 11 183 11 183 11
36 126 11 14 11 77 11 72 11 196 11 171 11 214 11 134 11 158 11 107 11 134 11 4 11 77 11 83 11 103 11 228 11 54 11 3 11 128 11 13 11 153 11 121 11 214 11 224 11 171 11 135 11 186 11 80 11 213 11 52 11 82 11 188 11 77 11 157 11 225 11 240 11
28 73 11 118 11 96 11 137 11 207 11 95 11 39 11 206 11 56 11 46 11 150 11 12 11 82 11 20 11 13 11 159 11 14 11 233 11 211 11 209 11 66 11 134 11 92 11 18 11 157 11 128 11 216 11 170 11
39 206 11 81 11 169 11 13 11 170 11 103 11 137 11 29 11 47 11 46 11 61 11 190 11 179 11 231 11 185 11 107 11 32 11 151 11 102 11 146 11 194 11 135 11 39 11 121 11 149 11 217 11 24 11 109 11 29 11 187 11 73 11 190 11 159 11 202 11 112 11 126 11 235 11 4 11 203 11
45 236 11 230 11 36 11 82 11 128 11 171 11 120 11 72 11 231 11 130 11 230 11 134 11 71 11 59 11 7 11 25 11 51 11 187 11 58 11 61 11 191 11 215 11 210 11 32 11 159 11 205 11 171 11 126 11 202 11 61 11 69 11 128 11 72 11 160 11 131 11 99 11 136 11 232 11 232 11 120 11 60 11 108 11 55 11 214 11 88 11
37 59 11 188 11 7 11 131 11 236 11 202 11 90 11 20 11 240 11 71 11 179 11 116 11 87 11 205 11 41 11 87 11 57 11 151 11 133 11 135 11 214 11 20 11 86 11 153 11 146 11 29 11 133 11 83 11 13 11 234 11 13 11 54 11 4 11 12 11 50 11 88 11 144 11
18 111 11 88 11 201 11 35 11 134 11 57 11 240 11 199 11 72 11 213 11 236 11 130 11 217 11 46 11 38 11 71 11 149 11 136 11
20 194 11 72 11 30 11 198 11 89 11 139 11 10 11 198 11 12 11 202 11 221 11 32 11 89 11 209 11 228 11 47 11 141 11 56 11 201 11 30 11
36 174 11 236 11 30 11 41 11 66 11 219 11 55 11 160 11 107 11 205 11 88 11 120 11 54 11 77 11 40 11 142 11 68 11 43 11 198 11 78 11 96 11 69 11 133 11 94 11 128 11 69 11 107 11 3 11 87 11 187 11 66 11 144 11 83 11 4 11 46 11 159 11
30 80 11 176 11 117 11 158 11 32 11 121 11 114 11 83 11 221 11 25 11 38 11 234 11 80 11 158 11 179 11 14 11 41 11 4 11 87 11 221 11 4 11 110 11 36 11 33 11 128 11 230 11 179 11 203 11 234 11 144 11
41 37 11 180 11 122 11 28 11 167 11 202 11 220 11 157 11 134 11 227 11 11 11 146 11 135 11 124 11 21 11 106 11 189 11 230 11 54 11 111 11 211 11 2 11 57 11 26 11 201 11 45 11 26 11 122 11 224 11 166 11 95 11 149 11 198 11 120 11 120 11 203 11 39 11 112 11 68 11 2 11 64 11
26 121 11 228 11 128 11 82 11 142 11 110 11 24 11 72 11 176 11 221 11 209 11 13 11 142 11 37 11 32 11 186 11 144 11 195 11 128 11 221 11 196 11 54 11 195 11 121 11 136 11 196 11
16 105 11 10 11 58 11 103 11 217 11 184 11 86 11 151 11 80 11 38 11 132 11 234 11 59 11 220 11 46 11 220 11
49 28 11 140 11 141 11 92 11 35 11 225 11 127 11 213 11 161 11 73 11 79 11 70 11 10 11 234 11 217 11 140 11 220 11 118 11 182 11 207 11 190 11 152 11 28 11 46 11 3 11 233 11 143 11 239 11 103 11 114 11 15 11 185 11 178 11 190 11 97 11 232 11 191 11 101 11 186 11 218 11 71 11 182 11 20 11 151 11 46 11 188 11 52 11 104 11 122 11
41 225 11 227 11 55 11 125 11 127 11 38 11 142 11 61 11 41 11 217 11 186 11 12 11 189 11 164 11 169 11 12 11 132 11 159 11 120 11 151 11 36 11 153 11 29 11 94 11 186 11 90 11 40 11 50 11 58 11 109 11 117 11 103 11 164 11 212 11 224 11 192 11 183 11 110 11 131 11 221 11 224 11
39 171 11 157 11 38 11 20 11 142 11 135 11 132 11 54 11 83 11 94 11 133 11 146 11 131 11 146 11 187 11 88 11 132 11 193 11 131 11 153 11 191 11 25 11 146 11 37 11 131 11 80 11 204 11 37 11 94 11 27 11 191 11 63 11 179 11 87 11 107 11 61 11 33 11 186 11 133 11
19 212 11 38 11 87 11 212 11 88 11 54 11 191 11 54 11 108 11 221 11 108 11 221 11 108 11 36 11 38 11 36 11 184 11 231 11 36 11
20 99 11 125 11 66 11 103 11 191 11 233 11 112 11 194 11 149 11 214 11 8 11 176 11 218 11 144 11 235 11 90 11 110 11 150 11 76 11 150 11
26 227 11 196 11 231 11 121 11 29 11 231 11 146 11 179 11 37 11 176 11 135 11 157 11 188 11 60 11 193 11 4 11 234 11 233 11 55 11 41 11 234 11 159 11 110 11 202 11 171 11 14 11
17 61 11 87 11 33 11 156 11 87 11 14 11 156 11 36 11 72 11 72 11 87 11 4 11 128 11 158 11 128 11 203 11 61 11
32 39 11 57 11 139 11 18 11 177 11 123 11 24 11 240 11 221 11 201 11 29 11 146 11 214 11 205 11 179 11 75 11 132 11 151 11 156 11 33 11 197 11 74 11 52 11 175 11 68 11 154 11 191 11 96 11 175 11 174 11 224 11 236 11
47 119 11 180 11 100 11 176 11 76 11 190 11 140 11 72 11 18 11 55 11 8 11 46 11 28 11 180 11 62 11 184 11 69 11 43 11 199 11 146 11 84 11 76 11 167 11 114 11 157 11 189 11 116 11 130 11 187 11 205 11 67 11 166 11 196 11 54 11 76 11 98 11 16 11 69 11 164 11 22 11 149 11 70 11 67 11 74 11 192 11 94 11 218 11
44 150 11 148 11 217 11 134 11 79 11 199 11 112 11 68 11 130 11 42 11 194 11 169 11 63 11 65 11 121 11 220 11 120 11 109 11 130 11 193 11 59 11 134 11 132 11 26 11 68 11 78 11 179 11 128 11 196 11 29 11 151 11 32 11 60 11 96 11 87 11 115 11 169 11 210 11 36 11 166 11 187 11 117 11 55 11 9 11
46 146 11 25 11 54 11 126 11 209 11 90 11 146 11 210 11 24 11 59 11 87 11 25 11 215 11 110 11 188 11 82 11 38 11 131 11 107 11 171 11 151 11 146 11 146 11 82 11 125 11 63 11 41 11 159 11 4 11 191 11 128 11 32 11 159 11 128 11 158 11 179 11 114 11 110 11 49 11 63 11 212 11 230 11 189 11 134 11 143 11 125 11
44 108 11 36 11 156 11 156 11 14 11 14 11 38 11 88 11 14 11 36 11 14 11 191 11 221 11 88 11 36 11 191 11 108 11 156 11 212 11 195 11 38 11 54 11 195 11 144 11 191 11 144 11 156 11 221 11 38 11 212 11 195 11 144 11 195 11 88 11 36 11 156 11 231 11 231 11 54 11 195 11 156 11 54 11 14 11 156 11
24 187 11 13 11 107 11 112 11 199 11 179 11 239 11 219 11 143 11 115 11 12 11 225 11 61 11 217 11 131 11 178 11 90 11 77 11 236 11 41 11 13 11 88 11 8 11 231 11
17 132 11 225 11 33 11 169 11 68 11 33 11 38 11 54 11 121 11 195 11 13 11 88 11 126 11 230 11 225 11 114 11 121 11
41 228 11 14 11 55 11 80 11 90 11 203 11 186 11 110 11 77 11 228 11 108 11 137 11 128 11 230 11 158 11 108 11 203 11 146 11 36 11 87 11 240 11 54 11 143 11 94 11 212 11 88 11 191 11 221 11 218 11 128 11 142 11 4 11 36 11 55 11 136 11 189 11 35 11 108 11 125 11 88 11 231 11
38 115 11 221 11 194 11 82 11 225 11 189 11 240 11 14 11 61 11 225 11 132 11 212 11 221 11 194 11 132 11 240 11 240 11 146 11 221 11 114 11 228 11 14 11 77 11 54 11 38 11 194 11 231 11 221 11 234 11 87 11 80 11 225 11 194 11 176 11 234 11 158 11 33 11 80 11
24 82 11 221 11 240 11 68 11 144 11 218 11 228 11 218 11 156 11 218 11 38 11 218 11 132 11 132 11 195 11 72 11 88 11 82 11 13 11 191 11 194 11 203 11 61 11 218 11
32 207 11 18 11 72 11 211 11 9 11 239 11 148 11 68 11 29 11 230 11 54 11 32 11 19 11 236 11 191 11 54 11 193 11 146 11 136 11 120 11 68 11 98 11 146 11 146 11 129 11 232 11 210 11 215 11 73 11 149 11 128 11 154 11
29 14 11 38 11 54 11 240 11 240 11 54 11 14 11 14 11 54 11 156 11 221 11 54 11 156 11 240 11 36 11 38 11 156 11 54 11 38 11 36 11 156 11 14 11 54 11 54 11 38 11 221 11 36 11 240 11 156 11
49 72 11 33 11 135 11 52 11 175 11 234 11 152 11 43 11 217 11 193 11 134 11 231 11 4 11 240 11 125 11 136 11 51 11 8 11 96 11 67 11 60 11 235 11 143 11 195 11 136 11 71 11 27 11 161 11 121 11 87 11 43 11 212 11 108 11 20 11 66 11 188 11 56 11 159 11 66 11 103 11 61 11 20 11 46 11 108 11 114 11 127 11 210 11 122 11 6 11
21 49 11 153 11 71 11 234 11 36 11 87 11 225 11 143 11 55 11 134 11 153 11 153 11 94 11 58 11 110 11 194 11 87 11 88 11 221 11 126 11 191 11
50 203 11 231 11 54 11 203 11 72 11 54 11 88 11 38 11 82 11 72 11 87 11 61 11 158 11 128 11 38 11 115 11 33 11 115 11 82 11 228 11 156 11 87 11 36 11 115 11 184 11 221 11 82 11 228 11 240 11 195 11 144 11 61 11 38 11 158 11 72 11 128 11 14 11 176 11 36 11 128 11 33 11 176 11 82 11 203 11 144 11 61 11 61 11 36 11 128 11 33 11
50 212 11 156 11 54 11 54 11 231 11 115 11 191 11 221 11 156 11 36 11 38 11 54 11 115 11 115 11 36 11 54 11 36 11 38 11 115 11 221 11 221 11 212 11 191 11 212 11 221 11 115 11 240 11 115 11 221 11 14 11 221 11 38 11 14 11 212 11 240 11 240 11 221 11 240 11 156 11 36 11 221 11 38 11 240 11 54 11 231 11 231 11 54 11 14 11 191 11 212 11
26 41 11 212 11 136 11 158 11 13 11 13 11 203 11 61 11 240 11 188 11 136 11 228 11 225 11 128 11 240 11 82 11 142 11 142 11 128 11 14 11 128 11 188 11 38 11 114 11 234 11 77 11
33 34 11 116 11 175 11 101 11 135 11 14 11 161 11 139 11 135 11 94 11 132 11 218 11 75 11 211 11 161 11 55 11 102 11 144 11 195 11 79 11 218 11 168 11 219 11 139 11 67 11 46 11 65 11 192 11 208 11 101 11 127 11 233 11 94 11
20 20 11 127 11 120 11 192 11 96 11 208 11 115 11 131 11 191 11 4 11 231 11 38 11 137 11 228 11 151 11 14 11 205 11 88 11 106 11 202 11
16 94 11 204 11 46 11 7 11 132 11 205 11 117 11 46 11 196 11 175 11 195 11 240 11 63 11 79 11 71 11 146 11
30 47 11 60 11 213 11 130 11 4 11 71 11 169 11 130 11 112 11 108 11 39 11 160 11 59 11 143 11 61 11 34 11 101 11 52 11 215 11 184 11 211 11 90 11 77 11 108 11 169 11 220 11 133 11 30 11 86 11 192 11
26 208 11 210 11 153 11 214 11 132 11 121 11 68 11 8 11 32 11 188 11 29 11 54 11 233 11 24 11 55 11 109 11 233 11 183 11 6 11 68 11 94 11 157 11 14 11 135 11 49 11 38 11
33 46 11 194 11 29 11 82 11 134 11 156 11 87 11 106 11 7 11 90 11 196 11 203 11 203 11 195 11 184 11 131 11 230 11 103 11 186 11 114 11 212 11 32 11 153 11 240 11 35 11 8 11 159 11 135 11 25 11 187 11 234 11 20 11 77 11
48 88 11 176 11 38 11 184 11 240 11 221 11 156 11 212 11 87 11 195 11 36 11 184 11 156 11 88 11 221 11 212 11 184 11 88 11 195 11 221 11 115 11 36 11 54 11 184 11 88 11 184 11 14 11 38 11 88 11 231 11 231 11 108 11 108 11 36 11 115 11 221 11 212 11 240 11 144 11 176 11 184 11 176 11 176 11 212 11 144 11 221 11 176 11 191 11
50 25 11 133 11 128 11 240 11 234 11 63 11 213 11 131 11 188 11 36 11 225 11 144 11 25 11 110 11 137 11 231 11 68 11 68 11 158 11 46 11 121 11 225 11 80 11 101 11 108 11 71 11 32 11 59 11 188 11 90 11 14 11 14 11 240 11 158 11 25 11 209 11 59 11 88 11 179 11 71 11 144 11 4 11 54 11 115 11 191 11 13 11 117 11 4 11 77 11 20 11
49 3 11 32 11 156 11 195 11 13 11 131 11 209 11 87 11 40 11 209 11 38 11 52 11 25 11 161 11 204 11 161 11 135 11 40 11 204 11 68 11 187 11 142 11 218 11 212 11 36 11 135 11 107 11 231 11 55 11 183 11 90 11 14 11 176 11 130 11 110 11 82 11 80 11 133 11 52 11 157 11 221 11 90 11 187 11 121 11 176 11 33 11 114 11 228 11 33 11
45 138 11 129 11 27 11 158 11 139 11 125 11 12 11 50 11 80 11 182 11 46 11 152 11 98 11 68 11 9 11 220 11 174 11 111 11 34 11 202 11 220 11 10 11 208 11 240 11 186 11 165 11 230 11 150 11 82 11 131 11 20 11 59 11 59 11 29 11 189 11 36 11 8 11 159 11 138 11 201 11 68 11 148 11 231 11 86 11 149 11
25 130 11 208 11 2 11 62 11 106 11 86 11 81 11 117 11 65 11 14 11 25 11 127 11 136 11 10 11 168 11 50 11 236 11 15 11 129 11 95 11 38 11 172 11 7 11 134 11 121 11
25 75 11 154 11 103 11 158 11 108 11 75 11 90 11 142 11 233 11 171 11 152 11 80 11 137 11 99 11 115 11 30 11 67 11 187 11 3 11 40 11 157 11 60 11 120 11 54 11 24 11
31 25 11 80 11 212 11 194 11 88 11 196 11 14 11 114 11 231 11 196 11 184 11 82 11 203 11 25 11 87 11 195 11 68 11 196 11 77 11 212 11 126 11 212 11 63 11 32 11 136 11 14 11 37 11 212 11 7 11 212 11 179 11
19 13 11 36 11 38 11 72 11 132 11 82 11 54 11 189 11 68 11 231 11 203 11 71 11 188 11 126 11 132 11 41 11 156 11 136 11 169 11
45 24 11 154 11 59 11 27 11 108 11 212 11 175 11 114 11 214 11 63 11 46 11 187 11 92 11 46 11 214 11 29 11 102 11 6 11 75 11 72 11 87 11 225 11 219 11 152 11 3 11 195 11 132 11 76 11 159 11 79 11 76 11 191 11 24 11 131 11 188 11 68 11 49 11 209 11 82 11 57 11 115 11 122 11 134 11 76 11 230 11
50 191 11 156 11 36 11 115 11 38 11 14 11 36 11 36 11 191 11 240 11 231 11 36 11 231 11 231 11 221 11 54 11 115 11 14 11 14 11 14 11 54 11 115 11 191 11 14 11 221 11 240 11 221 11 156 11 191 11 240 11 221 11 36 11 14 11 36 11 221 11 14 11 156 11 38 11 38 11 14 11 38 11 54 11 221 11 14 11 221 11 36 11 221 11 36 11 36 11 231 11
37 87 11 176 11 128 11 143 11 188 11 224 11 101 11 24 11 203 11 209 11 13 11 37 11 187 11 38 11 36 11 7 11 90 11 137 11 4 11 72 11 221 11 68 11 77 11 52 11 41 11 184 11 41 11 72 11 4 11 194 11 131 11 87 11 126 11 212 11 234 11 88 11 24 11
33 228 11 36 11 212 11 136 11 221 11 230 11 184 11 143 11 107 11 169 11 240 11 189 11 77 11 77 11 171 11 83 11 169 11 101 11 171 11 61 11 212 11 68 11 125 11 171 11 186 11 87 11 13 11 228 11 61 11 196 11 187 11 195 11 144 11
22 72 11 191 11 187 11 103 11 132 11 214 11 37 11 203 11 61 11 212 11 125 11 152 11 151 11 114 11 55 11 20 11 25 11 228 11 94 11 40 11 193 11 125 11
20 12 11 215 11 142 11 205 11 96 11 153 11 59 11 131 11 128 11 153 11 147 11 7 11 75 11 188 11 160 11 137 11 106 11 230 11 213 11 27 11
50 204 11 68 11 134 11 30 11 76 11 41 11 6 11 188 11 87 11 58 11 160 11 108 11 143 11 87 11 212 11 183 11 164 11 80 11 67 11 7 11 94 11 37 11 191 11 193 11 152 11 160 11 86 11 164 11 143 11 131 11 146 11 214 11 240 11 175 11 146 11 82 11 115 11 20 11 66 11 171 11 103 11 128 11 169 11 133 11 83 11 56 11 212 11 60 11 221 11 8 11
27 108 11 115 11 87 11 108 11 14 11 228 11 221 11 87 11 221 11 221 11 240 11 221 11 14 11 87 11 191 11 115 11 87 11 191 11 87 11 212 11 108 11 88 11 195 11 144 11 108 11 87 11 33 11
36 24 11 80 11 175 11 27 11 125 11 135 11 186 11 122 11 236 11 132 11 77 11 29 11 7 11 227 11 60 11 65 11 6 11 143 11 128 11 40 11 161 11 120 11 61 11 208 11 107 11 103 11 3 11 186 11 231 11 29 11 3 11 65 11 202 11 202 11 54 11 109 11
27 14 11 198 11 101 11 183 11 160 11 40 11 87 11 25 11 90 11 117 11 3 11 37 11 65 11 235 11 107 11 227 11 63 11 87 11 86 11 239 11 110 11 114 11 49 11 205 11 3 11 80 11 208 11
38 14 11 14 11 36 11 14 11 14 11 240 11 240 11 36 11 36 11 36 11 14 11 231 11 240 11 36 11 240 11 36 11 231 11 14 11 231 11 36 11 36 11 240 11 36 11 231 11 231 11 14 11 231 11 231 11 240 11 240 11 36 11 14 11 36 11 14 11 36 11 231 11 14 11 240 11
31 48 11 113 11 149 11 79 11 123 11 59 11 88 11 102 11 239 11 16 11 142 11 227 11 80 11 239 11 218 11 2 11 95 11 57 11 115 11 133 11 182 11 239 11 182 11 143 11 32 11 4 11 199 11 164 11 194 11 13 11 46 11
28 222 11 64 11 172 11 166 11 107 11 142 11 4 11 130 11 129 11 107 11 174 11 192 11 121 11 234 11 104 11 79 11 13 11 21 11 182 11 127 11 20 11 165 11 43 11 64 11 122 11 239 11 4 11 136 11
43 158 11 7 11 196 11 103 11 82 11 184 11 189 11 218 11 195 11 24 11 191 11 126 11 41 11 7 11 225 11 212 11 125 11 186 11 212 11 225 11 132 11 25 11 41 11 54 11 72 11 203 11 156 11 40 11 114 11 7 11 63 11 38 11 195 11 71 11 169 11 40 11 77 11 110 11 191 11 133 11 80 11 144 11 176 11
21 240 11 203 11 108 11 38 11 14 11 115 11 33 11 115 11 87 11 38 11 54 11 158 11 203 11 144 11 33 11 203 11 203 11 176 11 194 11 38 11 115 11
16 63 11 29 11 158 11 134 11 143 11 217 11 6 11 225 11 204 11 60 11 148 11 175 11 107 11 139 11 122 11 90 11
43 14 11 58 11 54 11 231 11 127 11 56 11 204 11 215 11 225 11 110 11 194 11 214 11 87 11 20 11 210 11 224 11 8 11 179 11 66 11 203 11 76 11 52 11 107 11 29 11 29 11 236 11 195 11 184 11 20 11 221 11 7 11 236 11 107 11 68 11 69 11 191 11 202 11 193 11 144 11 108 11 157 11 20 11 68 11
26 87 11 87 11 184 11 108 11 221 11 184 11 203 11 108 11 203 11 176 11 38 11 231 11 87 11 195 11 115 11 115 11 195 11 108 11 203 11 231 11 195 11 221 11 115 11 203 11 156 11 38 11
28 37 11 91 11 152 11 149 11 160 11 132 11 148 11 26 11 52 11 179 11 135 11 5 11 207 11 110 11 167 11 15 11 41 11 221 11 45 11 47 11 198 11 26 11 135 11 199 11 143 11 190 11 162 11 194 11
45 184 11 221 11 194 11 33 11 54 11 203 11 184 11 72 11 228 11 82 11 4 11 61 11 240 11 115 11 203 11 218 11 218 11 218 11 87 11 218 11 82 11 108 11 195 11 83 11 240 11 184 11 225 11 115 11 108 11 218 11 231 11 88 11 156 11 33 11 4 11 195 11 80 11 212 11 115 11 176 11 179 11 228 11 61 11 225 11 61 11
18 240 11 240 11 14 11 14 11 240 11 14 11 36 11 36 11 240 11 240 11 14 11 36 11 36 11 36 11 14 11 36 11 36 11 36 11
23 125 11 133 11 194 11 224 11 142 11 221 11 214 11 203 11 212 11 210 11 36 11 110 11 194 11 94 11 171 11 88 11 49 11 179 11 59 11 186 11 117 11 156 11 68 11
45 94 11 205 11 240 11 41 11 68 11 37 11 135 11 171 11 169 11 143 11 38 11 142 11 161 11 231 11 212 11 225 11 153 11 183 11 24 11 107 11 184 11 40 11 142 11 115 11 193 11 214 11 87 11 135 11 152 11 33 11 234 11 224 11 234 11 88 11 115 11 40 11 144 11 71 11 90 11 157 11 224 11 131 11 71 11 130 11 134 11
42 87 11 108 11 4 11 108 11 13 11 156 11 240 11 88 11 83 11 37 11 144 11 68 11 115 11 82 11 80 11 221 11 33 11 88 11 13 11 80 11 13 11 225 11 88 11 228 11 36 11 240 11 54 11 87 11 114 11 14 11 87 11 231 11 72 11 191 11 194 11 146 11 195 11 114 11 191 11 36 11 88 11 68 11
42 69 11 63 11 202 11 184 11 142 11 51 11 87 11 205 11 188 11 183 11 24 11 213 11 133 11 87 11 52 11 8 11 59 11 56 11 232 11 67 11 212 11 209 11 32 11 189 11 72 11 228 11 153 11 56 11 115 11 20 11 132 11 134 11 159 11 213 11 55 11 88 11 66 11 94 11 215 11 132 11 3 11 212 11
19 131 11 228 11 54 11 194 11 71 11 179 11 115 11 134 11 114 11 189 11 63 11 133 11 115 11 72 11 103 11 240 11 156 11 212 11 88 11
41 163 11 197 11 163 11 25 11 15 11 77 11 165 11 70 11 187 11 146 11 62 11 177 11 232 11 20 11 240 11 230 11 215 11 120 11 204 11 231 11 91 11 161 11 42 11 63 11 12 11 102 11 86 11 20 11 72 11 165 11 8 11 176 11 226 11 234 11 43 11 137 11 78 11 196 11 124 11 34 11 182 11
50 97 11 70 11 26 11 195 11 26 11 113 11 98 11 175 11 172 11 39 11 236 11 56 11 45 11 54 11 170 11 62 11 158 11 212 11 155 11 74 11 91 11 116 11 7 11 91 11 153 11 222 11 130 11 178 11 61 11 137 11 148 11 228 11 200 11 90 11 180 11 230 11 227 11 178 11 198 11 28 11 60 11 222 11 168 11 188 11 115 11 174 11 163 11 9 11 106 11 187 11
31 106 11 30 11 213 11 12 11 75 11 24 11 6 11 202 11 139 11 117 11 82 11 152 11 186 11 128 11 60 11 156 11 7 11 127 11 52 11 204 11 35 11 121 11 187 11 61 11 29 11 96 11 169 11 234 11 156 11 171 11 122 11
0
