287
3 40 71 23 71 16 71
3 112 71 228 71 41 71
1 192 71
1 109 71
1 241 71
1 202 71
3 95 71 92 71 63 71
1 10 71
1 61 71
1 11 71
1 17 71
4 7 71 122 71 264 71 43 71
2 241 71 138 71
1 77 71
2 9 71 147 71
5 82 71 273 71 224 71 190 71 152 71
0
3 146 71 128 71 167 71
2 261 71 192 71
3 222 71 77 71 282 71
3 205 71 75 71 141 71
3 137 71 279 71 160 71
7 103 71 162 71 105 71 245 71 168 71 243 71 150 71
3 271 71 204 71 142 71
2 222 71 67 71
3 174 71 197 71 268 71
6 135 71 195 71 210 71 229 71 97 71 252 71
1 64 71
2 17 71 10 71
3 20 71 33 71 130 71
0
0
3 65 71 152 71 167 71
3 157 71 169 71 266 71
3 70 71 211 71 107 71
2 275 71 163 71
3 248 71 196 71 100 71
1 144 71
3 149 71 53 71 60 71
2 198 71 4 71
2 6 71 29 71
3 117 71 84 71 11 71
1 98 71
0
4 244 71 270 71 281 71 63 71
2 142 71 150 71
2 83 71 100 71
1 284 71
1 231 71
0
2 280 71 30 71
3 193 71 106 71 158 71
1 153 71
0
3 263 71 227 71 252 71
3 38 71 120 71 272 71
2 199 71 39 71
1 130 71
3 33 71 88 71 99 71
2 64 71 160 71
1 181 71
1 54 71
1 114 71
0
1 128 71
2 259 71 139 71
3 146 71 11 71 209 71
2 231 71 254 71
0
1 84 71
3 209 71 138 71 138 71
3 253 71 118 71 184 71
2 177 71 261 71
2 97 71 60 71
0
2 102 71 19 71
1 149 71
0
3 2 71 104 71 117 71
1 130 71
3 149 71 214 71 220 71
2 213 71 58 71
1 179 71
2 149 71 212 71
2 28 71 84 71
1 152 71
2 22 71 206 71
3 128 71 219 71 142 71
1 212 71
3 59 71 211 71 46 71
3 116 71 149 71 14 71
0
4 133 71 56 71 186 71 256 71
0
1 239 71
2 98 71 192 71
1 251 71
2 217 71 278 71
3 29 71 17 71 146 71
2 20 71 152 71
2 57 71 91 71
1 86 71
4 237 71 27 71 47 71 148 71
1 274 71
4 236 71 125 71 185 71 278 71
1 191 71
1 192 71
1 30 71
2 94 71 227 71
1 220 71
2 263 71 80 71
2 89 71 167 71
3 286 71 143 71 100 71
1 212 71
1 142 71
2 17 71 219 71
2 190 71 175 71
1 235 71
3 144 71 241 71 128 71
0
3 282 71 175 71 32 71
3 72 71 170 71 6 71
2 249 71 25 71
1 287 71
1 209 71
3 274 71 243 71 277 71
1 61 71
1 231 71
3 52 71 130 71 229 71
0
2 116 71 261 71
0
3 208 71 166 71 88 71
2 84 71 209 71
2 215 71 129 71
3 96 71 156 71 61 71
1 188 71
2 116 71 282 71
0
2 15 71 272 71
1 201 71
0
1 165 71
1 227 71
1 116 71
0
3 247 71 107 71 5 71
2 49 71 85 71
2 150 71 11 71
3 219 71 282 71 130 71
3 267 71 160 71 146 71
3 150 71 130 71 11 71
2 227 71 227 71
1 138 71
0
1 238 71
2 226 71 227 71
2 232 71 254 71
1 116 71
0
3 126 71 127 71 10 71
4 93 71 230 71 36 71 131 71
3 138 71 192 71 231 71
2 153 71 209 71
3 3 71 267 71 77 71
2 32 71 8 71
2 53 71 149 71
2 181 71 82 71
0
1 223 71
1 11 71
3 121 71 73 71 76 71
1 241 71
3 265 71 60 71 255 71
3 128 71 212 71 238 71
2 178 71 96 71
2 255 71 28 71
1 68 71
3 31 71 136 71 273 71
1 39 71
1 238 71
1 209 71
5 260 71 240 71 189 71 108 71 18 71
0
3 211 71 89 71 97 71
2 269 71 226 71
2 65 71 32 71
2 217 71 78 71
2 99 71 164 71
0
2 173 71 89 71
0
2 147 71 81 71
3 225 71 113 71 221 71
2 62 71 20 71
2 110 71 175 71
1 132 71
6 203 71 45 71 176 71 172 71 111 71 90 71
2 71 71 46 71
2 272 71 277 71
3 17 71 64 71 10 71
3 11 71 278 71 78 71
6 101 71 24 71 12 71 87 71 234 71 134 71
1 277 71
2 37 71 126 71
3 28 71 209 71 181 71
2 258 71 48 71
4 75 71 200 71 250 71 69 71
2 282 71 130 71
3 99 71 85 71 53 71
0
2 238 71 146 71
1 219 71
1 114 71
4 269 71 171 71 194 71 283 71
3 194 71 71 71 224 71
2 175 71 238 71
1 20 71
2 282 71 17 71
3 108 71 69 71 65 71
0
3 130 71 153 71 219 71
0
3 61 71 287 71 145 71
3 182 71 141 71 80 71
3 140 71 22 71 242 71
0
3 257 71 84 71 229 71
3 218 71 284 71 58 71
2 216 71 42 71
2 116 71 227 71
1 3 71
3 265 71 80 71 286 71
0
0
1 13 71
4 183 71 34 71 5 71 142 71
1 130 71
3 141 71 217 71 167 71
3 214 71 58 71 196 71
2 116 71 227 71
0
2 251 71 11 71
3 268 71 161 71 153 71
3 123 71 50 71 145 71
2 165 71 154 71
2 130 71 114 71
1 241 71
0
2 223 71 285 71
3 159 71 50 71 130 71
1 128 71
3 246 71 10 71 147 71
1 18 71
3 124 71 35 71 287 71
3 66 71 74 71 159 71
2 81 71 276 71
4 21 71 51 71 187 71 164 71
1 136 71
4 207 71 79 71 31 71 55 71
3 60 71 65 71 91 71
2 128 71 33 71
2 64 71 175 71
3 119 71 44 71 153 71
0
3 41 71 212 71 80 71
1 231 71
1 155 71
2 214 71 124 71
1 287 71
2 180 71 29 71
1 257 71
1 151 71
0
5 26 71 204 71 154 71 233 71 156 71
0
2 58 71 116 71
3 115 71 153 71 64 71
3 242 71 8 71 44 71
1 42 71
1 50 71
0
3 14 71 88 71 224 71
0
1 191 71
2 147 71 262 71
2 115 71 150 71
