200
7 81 70 94 70 22 70 84 70 47 70 21 70 134 70
2 104 70 39 70
16 74 70 194 70 141 70 41 70 128 70 77 70 108 70 55 70 100 70 117 70 123 70 39 70 168 70 62 70 182 70 60 70
14 173 70 182 70 177 70 189 70 166 70 36 70 117 70 152 70 12 70 161 70 19 70 36 70 19 70 132 70
2 7 70 138 70
1 152 70
16 33 70 194 70 52 70 52 70 96 70 189 70 88 70 177 70 129 70 100 70 194 70 157 70 194 70 33 70 48 70 87 70
8 78 70 152 70 41 70 136 70 177 70 71 70 14 70 128 70
20 116 70 46 70 154 70 192 70 193 70 136 70 36 70 119 70 90 70 51 70 70 70 53 70 11 70 191 70 97 70 11 70 129 70 76 70 66 70 157 70
18 87 70 103 70 62 70 154 70 78 70 57 70 100 70 35 70 100 70 152 70 155 70 89 70 157 70 125 70 78 70 104 70 141 70 123 70
6 96 70 123 70 68 70 145 70 122 70 68 70
2 123 70 122 70
3 158 70 126 70 33 70
15 122 70 19 70 67 70 67 70 58 70 78 70 74 70 95 70 89 70 95 70 68 70 126 70 194 70 58 70 19 70
11 41 70 135 70 107 70 67 70 74 70 157 70 14 70 134 70 100 70 41 70 117 70
1 77 70
14 38 70 49 70 189 70 164 70 38 70 57 70 157 70 100 70 76 70 40 70 129 70 103 70 126 70 96 70
10 34 70 190 70 112 70 63 70 91 70 57 70 137 70 59 70 159 70 72 70
17 39 70 137 70 129 70 196 70 126 70 39 70 53 70 35 70 126 70 53 70 126 70 137 70 137 70 39 70 35 70 35 70 88 70
13 156 70 180 70 121 70 160 70 127 70 12 70 136 70 110 70 119 70 134 70 87 70 29 70 127 70
5 50 70 50 70 103 70 115 70 14 70
5 18 70 184 70 169 70 83 70 168 70
10 178 70 13 70 122 70 127 70 102 70 68 70 181 70 58 70 127 70 142 70
14 148 70 120 70 182 70 68 70 103 70 14 70 126 70 8 70 4 70 30 70 70 70 166 70 146 70 137 70
7 96 70 153 70 125 70 164 70 123 70 39 70 153 70
16 177 70 78 70 67 70 136 70 122 70 7 70 96 70 38 70 135 70 53 70 182 70 38 70 33 70 3 70 33 70 69 70
15 100 70 88 70 39 70 145 70 126 70 134 70 128 70 68 70 138 70 95 70 57 70 95 70 67 70 134 70 95 70
20 139 70 88 70 101 70 176 70 160 70 136 70 143 70 58 70 144 70 64 70 174 70 31 70 156 70 178 70 151 70 136 70 80 70 84 70 121 70 76 70
9 58 70 67 70 19 70 10 70 130 70 136 70 10 70 191 70 135 70
17 14 70 107 70 125 70 25 70 52 70 35 70 146 70 71 70 55 70 39 70 153 70 40 70 58 70 182 70 58 70 62 70 128 70
17 167 70 3 70 8 70 103 70 163 70 119 70 5 70 21 70 177 70 108 70 132 70 15 70 103 70 14 70 59 70 19 70 57 70
11 52 70 196 70 157 70 88 70 161 70 126 70 43 70 11 70 189 70 52 70 155 70
4 89 70 107 70 53 70 78 70
9 37 70 179 70 62 70 70 70 120 70 27 70 6 70 60 70 119 70
15 107 70 39 70 126 70 78 70 138 70 107 70 126 70 157 70 107 70 157 70 157 70 126 70 126 70 126 70 39 70
3 188 70 118 70 14 70
4 130 70 195 70 196 70 7 70
17 35 70 43 70 57 70 159 70 123 70 107 70 53 70 157 70 134 70 67 70 194 70 182 70 67 70 35 70 40 70 78 70 128 70
18 126 70 138 70 88 70 126 70 126 70 88 70 138 70 107 70 126 70 78 70 88 70 126 70 138 70 78 70 78 70 107 70 88 70 78 70
2 43 70 19 70
9 136 70 27 70 49 70 52 70 53 70 159 70 27 70 58 70 88 70
20 109 70 31 70 6 70 90 70 40 70 141 70 19 70 29 70 104 70 51 70 62 70 104 70 120 70 98 70 11 70 60 70 191 70 118 70 196 70 45 70
17 35 70 138 70 129 70 122 70 157 70 78 70 74 70 126 70 78 70 137 70 74 70 35 70 126 70 78 70 74 70 196 70 35 70
11 185 70 187 70 165 70 65 70 199 70 71 70 70 70 112 70 101 70 133 70 132 70
2 167 70 67 70
13 117 70 71 70 62 70 113 70 171 70 157 70 193 70 192 70 129 70 36 70 96 70 60 70 152 70
13 108 70 189 70 17 70 117 70 50 70 38 70 19 70 53 70 96 70 19 70 27 70 90 70 39 70
15 126 70 126 70 39 70 40 70 182 70 57 70 88 70 153 70 40 70 137 70 58 70 43 70 71 70 74 70 40 70
13 40 70 196 70 107 70 89 70 78 70 107 70 189 70 71 70 67 70 96 70 159 70 40 70 39 70
9 161 70 137 70 25 70 135 70 48 70 43 70 167 70 17 70 88 70
16 53 70 191 70 138 70 53 70 146 70 182 70 83 70 181 70 189 70 108 70 135 70 168 70 85 70 15 70 125 70 155 70
9 107 70 19 70 33 70 194 70 19 70 145 70 71 70 134 70 182 70
16 137 70 35 70 137 70 39 70 39 70 35 70 39 70 39 70 39 70 126 70 137 70 88 70 88 70 137 70 107 70 137 70
8 177 70 163 70 114 70 78 70 146 70 146 70 85 70 31 70
9 196 70 146 70 189 70 122 70 62 70 76 70 168 70 126 70 68 70
0
12 126 70 74 70 126 70 129 70 196 70 107 70 78 70 107 70 196 70 19 70 35 70 138 70
20 153 70 168 70 138 70 137 70 74 70 35 70 39 70 153 70 196 70 33 70 89 70 89 70 67 70 107 70 68 70 122 70 194 70 39 70 89 70 71 70
5 152 70 24 70 122 70 124 70 181 70
1 145 70
13 114 70 32 70 17 70 24 70 89 70 141 70 128 70 3 70 141 70 71 70 182 70 164 70 95 70
3 157 70 57 70 39 70
12 89 70 32 70 151 70 163 70 66 70 118 70 58 70 50 70 130 70 123 70 162 70 66 70
11 11 70 173 70 67 70 32 70 161 70 39 70 30 70 160 70 131 70 8 70 12 70
17 2 70 16 70 124 70 115 70 102 70 144 70 119 70 168 70 56 70 137 70 134 70 50 70 14 70 150 70 5 70 159 70 151 70
9 115 70 194 70 71 70 10 70 166 70 124 70 150 70 83 70 5 70
11 19 70 194 70 68 70 19 70 168 70 153 70 168 70 194 70 153 70 78 70 78 70
14 19 70 126 70 89 70 74 70 74 70 89 70 19 70 126 70 129 70 157 70 157 70 137 70 137 70 78 70
10 71 70 137 70 38 70 52 70 52 70 52 70 159 70 153 70 53 70 136 70
0
1 196 70
7 155 70 70 70 6 70 74 70 70 70 39 70 95 70
20 176 70 120 70 162 70 177 70 2 70 12 70 192 70 50 70 85 70 102 70 29 70 194 70 24 70 157 70 42 70 88 70 144 70 181 70 14 70 69 70
4 126 70 39 70 88 70 39 70
7 88 70 92 70 164 70 78 70 32 70 143 70 177 70
12 182 70 196 70 128 70 189 70 182 70 123 70 52 70 40 70 58 70 168 70 135 70 126 70
9 35 70 19 70 27 70 138 70 25 70 154 70 69 70 35 70 87 70
12 126 70 88 70 107 70 126 70 88 70 126 70 126 70 88 70 88 70 107 70 107 70 88 70
1 15 70
20 167 70 49 70 10 70 103 70 5 70 108 70 41 70 173 70 157 70 19 70 136 70 67 70 87 70 29 70 50 70 4 70 25 70 16 70 188 70 118 70
5 28 70 186 70 20 70 37 70 106 70
3 60 70 166 70 100 70
12 90 70 126 70 125 70 130 70 167 70 108 70 95 70 19 70 58 70 58 70 27 70 150 70
3 133 70 12 70 100 70
6 48 70 26 70 90 70 123 70 71 70 25 70
10 200 70 103 70 2 70 48 70 143 70 141 70 91 70 163 70 151 70 99 70
16 157 70 38 70 128 70 125 70 134 70 126 70 62 70 189 70 182 70 78 70 118 70 92 70 153 70 189 70 182 70 128 70
18 107 70 107 70 107 70 107 70 107 70 107 70 107 70 107 70 107 70 107 70 107 70 107 70 107 70 107 70 107 70 107 70 107 70 107 70
20 129 70 74 70 138 70 107 70 74 70 126 70 39 70 78 70 19 70 39 70 157 70 196 70 107 70 19 70 137 70 126 70 78 70 88 70 35 70 78 70
13 153 70 38 70 30 70 157 70 32 70 52 70 69 70 10 70 76 70 52 70 10 70 146 70 96 70
17 8 70 46 70 46 70 163 70 177 70 70 70 188 70 183 70 143 70 175 70 99 70 160 70 73 70 27 70 62 70 8 70 88 70
14 136 70 182 70 38 70 146 70 137 70 69 70 125 70 14 70 96 70 96 70 182 70 134 70 69 70 78 70
4 42 70 140 70 104 70 38 70
8 44 70 101 70 54 70 181 70 87 70 76 70 74 70 133 70
16 126 70 194 70 89 70 74 70 71 70 137 70 39 70 39 70 88 70 57 70 194 70 89 70 88 70 19 70 129 70 157 70
18 129 70 145 70 107 70 33 70 67 70 43 70 129 70 138 70 88 70 100 70 67 70 135 70 182 70 153 70 159 70 189 70 107 70 58 70
10 98 70 2 70 66 70 70 70 182 70 70 70 32 70 78 70 192 70 107 70
20 125 70 96 70 53 70 173 70 15 70 114 70 43 70 71 70 104 70 26 70 125 70 21 70 143 70 104 70 38 70 51 70 147 70 53 70 119 70 45 70
8 16 70 145 70 137 70 14 70 19 70 7 70 200 70 109 70
15 168 70 53 70 95 70 157 70 58 70 168 70 89 70 78 70 68 70 157 70 88 70 126 70 74 70 95 70 71 70
14 55 70 152 70 166 70 68 70 45 70 18 70 23 70 70 70 197 70 136 70 84 70 98 70 138 70 172 70
18 85 70 153 70 69 70 181 70 17 70 78 70 88 70 129 70 107 70 71 70 89 70 154 70 129 70 145 70 77 70 92 70 115 70 87 70
16 71 70 39 70 177 70 153 70 189 70 137 70 11 70 191 70 19 70 41 70 154 70 14 70 7 70 159 70 88 70 135 70
11 100 70 100 70 118 70 68 70 166 70 107 70 95 70 52 70 159 70 152 70 19 70
1 95 70
12 140 70 170 70 41 70 135 70 27 70 146 70 47 70 21 70 107 70 55 70 3 70 119 70
0
1 33 70
13 104 70 147 70 26 70 88 70 53 70 21 70 33 70 113 70 119 70 196 70 69 70 71 70 163 70
4 160 70 46 70 79 70 45 70
15 58 70 119 70 178 70 27 70 87 70 30 70 132 70 60 70 147 70 147 70 151 70 190 70 78 70 13 70 190 70
19 61 70 159 70 29 70 95 70 134 70 141 70 12 70 31 70 141 70 144 70 182 70 126 70 154 70 189 70 31 70 2 70 10 70 24 70 17 70
17 153 70 105 70 147 70 119 70 29 70 126 70 157 70 129 70 181 70 55 70 85 70 132 70 95 70 191 70 68 70 11 70 48 70
19 124 70 17 70 125 70 25 70 88 70 55 70 161 70 147 70 48 70 157 70 83 70 128 70 30 70 36 70 53 70 85 70 53 70 137 70 57 70
3 10 70 123 70 157 70
5 36 70 92 70 157 70 8 70 146 70
8 76 70 38 70 115 70 166 70 33 70 33 70 115 70 196 70
7 134 70 122 70 71 70 57 70 177 70 92 70 164 70
16 69 70 88 70 107 70 43 70 17 70 96 70 95 70 141 70 157 70 177 70 40 70 152 70 164 70 100 70 14 70 32 70
5 56 70 173 70 196 70 88 70 30 70
7 75 70 144 70 163 70 132 70 129 70 77 70 117 70
16 157 70 138 70 95 70 138 70 153 70 78 70 68 70 74 70 88 70 89 70 196 70 78 70 57 70 157 70 95 70 74 70
20 153 70 88 70 14 70 126 70 68 70 74 70 194 70 68 70 157 70 145 70 74 70 88 70 122 70 71 70 95 70 138 70 95 70 35 70 67 70 137 70
15 125 70 135 70 157 70 138 70 134 70 153 70 3 70 100 70 11 70 129 70 191 70 69 70 55 70 38 70 141 70
9 38 70 138 70 48 70 182 70 58 70 123 70 53 70 100 70 27 70
10 107 70 88 70 88 70 107 70 88 70 88 70 88 70 107 70 107 70 88 70
12 11 70 41 70 176 70 163 70 95 70 176 70 26 70 76 70 105 70 155 70 55 70 47 70
6 68 70 71 70 74 70 194 70 196 70 43 70
17 157 70 88 70 196 70 196 70 126 70 88 70 196 70 196 70 35 70 138 70 78 70 88 70 39 70 138 70 53 70 126 70 137 70
15 68 70 19 70 157 70 107 70 35 70 43 70 135 70 48 70 15 70 147 70 78 70 7 70 48 70 14 70 159 70
10 155 70 76 70 155 70 129 70 118 70 27 70 74 70 122 70 189 70 55 70
16 119 70 32 70 32 70 70 70 166 70 153 70 194 70 87 70 17 70 88 70 62 70 188 70 147 70 33 70 58 70 122 70
11 72 70 131 70 150 70 146 70 110 70 58 70 87 70 146 70 45 70 92 70 108 70
14 137 70 71 70 145 70 78 70 33 70 35 70 68 70 33 70 33 70 88 70 168 70 153 70 35 70 128 70
16 157 70 194 70 89 70 159 70 157 70 95 70 145 70 58 70 134 70 153 70 194 70 71 70 57 70 157 70 100 70 168 70
10 27 70 95 70 49 70 168 70 159 70 58 70 88 70 38 70 33 70 38 70
11 35 70 78 70 78 70 107 70 39 70 196 70 107 70 88 70 39 70 196 70 88 70
13 88 70 107 70 88 70 126 70 107 70 88 70 88 70 78 70 107 70 88 70 88 70 88 70 88 70
14 61 70 157 70 92 70 14 70 27 70 88 70 104 70 118 70 124 70 102 70 194 70 112 70 31 70 138 70
3 198 70 64 70 128 70
7 159 70 126 70 58 70 89 70 118 70 168 70 19 70
18 149 70 82 70 102 70 189 70 41 70 123 70 128 70 38 70 173 70 134 70 36 70 50 70 64 70 31 70 119 70 128 70 107 70 78 70
7 69 70 137 70 57 70 39 70 39 70 135 70 118 70
12 146 70 136 70 196 70 62 70 198 70 134 70 10 70 158 70 176 70 155 70 183 70 126 70
17 14 70 71 70 58 70 33 70 35 70 57 70 58 70 68 70 95 70 157 70 19 70 194 70 43 70 129 70 153 70 95 70 157 70
1 194 70
19 27 70 137 70 11 70 104 70 177 70 49 70 50 70 48 70 157 70 154 70 10 70 33 70 119 70 7 70 60 70 115 70 129 70 71 70 135 70
15 143 70 188 70 53 70 164 70 164 70 113 70 60 70 35 70 189 70 10 70 69 70 45 70 67 70 27 70 136 70
2 166 70 177 70
3 129 70 68 70 49 70
4 109 70 104 70 78 70 128 70
4 196 70 48 70 118 70 38 70
20 78 70 78 70 39 70 168 70 137 70 39 70 126 70 126 70 194 70 68 70 19 70 78 70 53 70 129 70 78 70 68 70 39 70 157 70 19 70 88 70
6 136 70 7 70 62 70 146 70 168 70 138 70
12 196 70 159 70 128 70 89 70 135 70 25 70 30 70 177 70 27 70 166 70 30 70 128 70
7 189 70 143 70 193 70 105 70 173 70 129 70 160 70
12 78 70 107 70 39 70 39 70 138 70 126 70 78 70 88 70 126 70 88 70 138 70 88 70
11 10 70 24 70 27 70 24 70 62 70 146 70 60 70 50 70 88 70 38 70 70 70
7 194 70 138 70 129 70 122 70 68 70 107 70 194 70
10 4 70 154 70 177 70 125 70 134 70 98 70 134 70 45 70 129 70 70 70
15 39 70 194 70 49 70 76 70 189 70 14 70 134 70 67 70 100 70 67 70 136 70 126 70 58 70 145 70 14 70
12 171 70 24 70 70 70 141 70 166 70 116 70 53 70 45 70 60 70 41 70 176 70 8 70
20 120 70 155 70 182 70 29 70 70 70 16 70 24 70 146 70 131 70 41 70 138 70 30 70 17 70 182 70 66 70 68 70 43 70 48 70 40 70 196 70
3 74 70 157 70 27 70
11 174 70 142 70 192 70 16 70 50 70 128 70 21 70 118 70 170 70 115 70 56 70
11 161 70 57 70 154 70 126 70 89 70 159 70 35 70 154 70 39 70 40 70 161 70
2 159 70 33 70
18 194 70 57 70 53 70 194 70 137 70 57 70 35 70 194 70 88 70 88 70 53 70 126 70 138 70 78 70 53 70 35 70 53 70 71 70
10 197 70 93 70 195 70 3 70 103 70 49 70 17 70 58 70 21 70 142 70
18 105 70 164 70 19 70 42 70 117 70 176 70 175 70 195 70 192 70 164 70 31 70 68 70 177 70 19 70 164 70 38 70 43 70 29 70
10 30 70 40 70 35 70 59 70 68 70 3 70 153 70 183 70 7 70 17 70
9 99 70 79 70 119 70 171 70 139 70 171 70 20 70 181 70 175 70
10 103 70 164 70 74 70 69 70 145 70 17 70 14 70 58 70 77 70 153 70
5 106 70 137 70 178 70 171 70 140 70
6 90 70 160 70 88 70 200 70 36 70 67 70
2 26 70 35 70
16 107 70 40 70 43 70 71 70 53 70 135 70 138 70 189 70 100 70 135 70 122 70 122 70 78 70 107 70 58 70 126 70
14 192 70 148 70 134 70 141 70 30 70 26 70 188 70 64 70 92 70 16 70 13 70 43 70 131 70 177 70
7 110 70 139 70 56 70 64 70 67 70 74 70 159 70
18 13 70 89 70 46 70 163 70 75 70 147 70 147 70 70 70 16 70 68 70 146 70 171 70 80 70 189 70 158 70 47 70 91 70 26 70
15 30 70 95 70 168 70 182 70 135 70 122 70 108 70 108 70 182 70 52 70 154 70 108 70 118 70 115 70 115 70
18 33 70 107 70 123 70 138 70 95 70 35 70 138 70 35 70 89 70 157 70 33 70 157 70 128 70 153 70 43 70 78 70 58 70 78 70
6 113 70 141 70 25 70 49 70 161 70 176 70
18 9 70 46 70 193 70 5 70 170 70 122 70 176 70 119 70 198 70 5 70 45 70 189 70 69 70 19 70 127 70 21 70 105 70 124 70
20 172 70 173 70 132 70 50 70 135 70 73 70 153 70 86 70 43 70 12 70 33 70 56 70 14 70 53 70 62 70 50 70 102 70 63 70 47 70 19 70
17 97 70 73 70 55 70 100 70 7 70 109 70 31 70 40 70 52 70 104 70 160 70 19 70 19 70 17 70 20 70 2 70 30 70
15 23 70 111 70 151 70 183 70 45 70 147 70 191 70 41 70 158 70 132 70 144 70 47 70 100 70 118 70 20 70
9 125 70 115 70 92 70 92 70 27 70 194 70 57 70 32 70 130 70
12 128 70 88 70 123 70 71 70 122 70 134 70 53 70 88 70 35 70 57 70 157 70 74 70
20 86 70 162 70 175 70 29 70 122 70 196 70 69 70 152 70 102 70 42 70 149 70 78 70 14 70 89 70 26 70 40 70 150 70 128 70 116 70 69 70
18 52 70 153 70 135 70 33 70 88 70 53 70 43 70 38 70 27 70 145 70 138 70 14 70 182 70 125 70 40 70 33 70 134 70 19 70
18 183 70 132 70 59 70 71 70 14 70 5 70 138 70 57 70 29 70 100 70 53 70 87 70 163 70 40 70 15 70 78 70 58 70 71 70
17 76 70 114 70 130 70 161 70 71 70 35 70 25 70 6 70 152 70 19 70 152 70 105 70 69 70 105 70 11 70 14 70 61 70
9 129 70 89 70 138 70 53 70 78 70 88 70 126 70 74 70 53 70
9 80 70 67 70 138 70 76 70 145 70 196 70 89 70 96 70 134 70
11 78 70 126 70 157 70 35 70 78 70 138 70 107 70 157 70 35 70 35 70 88 70
5 110 70 132 70 13 70 194 70 137 70
15 102 70 118 70 188 70 95 70 16 70 40 70 83 70 50 70 136 70 143 70 141 70 135 70 114 70 125 70 107 70
13 192 70 169 70 163 70 64 70 14 70 113 70 93 70 24 70 174 70 147 70 21 70 123 70 154 70
14 59 70 51 70 173 70 49 70 196 70 100 70 83 70 83 70 83 70 134 70 188 70 182 70 124 70 53 70
