868
19 180 297 220 189 18 17 399 209 847 80 538 74 814 298 620 136 803 172 516 31 776 22 608 51 79 165 563 103 181 280 61 200 394 113 89 11 378 181
8 719 67 88 180 813 88 393 124 199 214 850 162 496 59 430 56
13 270 284 10 195 464 119 395 38 232 63 493 93 98 279 8 279 152 236 463 120 843 264 101 247 409 164
5 748 27 435 183 802 294 491 242 325 121
15 481 121 629 29 322 133 134 209 811 165 115 240 459 57 73 219 92 214 805 182 792 291 323 24 784 185 155 293 227 102
3 713 273 708 269 227 206
1 346 188
7 817 263 246 21 243 152 700 207 805 87 800 123 469 149
9 127 103 713 29 358 169 315 124 496 149 336 154 426 155 337 11 36 11
14 658 224 687 182 19 166 400 170 411 250 523 205 846 56 52 56 703 225 703 256 731 256 506 281 198 90 11 235
12 655 218 205 217 484 18 449 43 713 1 687 11 328 109 731 228 325 7 92 60 283 194 627 11
20 174 285 95 94 116 90 547 123 445 171 325 248 36 95 506 249 449 17 687 246 397 99 506 238 64 12 446 42 36 211 417 244 471 115 274 57 95 0 718 293
0
7 385 223 239 263 197 243 148 249 524 276 449 19 404 208
4 770 205 64 184 632 265 708 73
12 766 57 738 151 83 117 805 111 495 209 193 271 445 172 682 135 396 142 738 135 356 14 460 61
18 106 60 36 114 137 167 405 87 232 130 515 243 290 98 696 269 207 75 515 16 531 229 611 57 805 37 496 249 395 3 851 115 704 75 343 272
6 661 235 806 300 686 274 795 221 45 109 861 61
10 227 135 804 215 640 268 555 116 64 79 446 74 412 145 412 15 610 245 116 148
13 101 262 6 59 360 184 182 287 64 180 128 219 358 292 264 167 495 268 633 281 594 130 170 88 148 253
20 814 64 207 46 370 3 846 285 116 202 831 91 829 283 205 120 397 54 632 116 207 174 379 198 415 268 63 136 770 284 182 263 564 273 633 29 493 219 687 187
16 102 95 738 250 822 68 730 168 446 129 395 298 61 145 174 8 456 257 416 96 456 86 368 254 302 221 11 214 367 2 182 42
12 221 221 797 165 758 125 635 19 169 215 341 131 690 189 634 232 154 204 260 290 656 201 858 29
2 371 208 632 275
11 391 105 262 43 792 1 616 65 182 8 785 116 416 92 494 269 614 206 57 299 550 194
6 816 35 106 15 609 213 640 170 170 12 564 282
2 656 21 785 32
11 237 14 403 97 655 47 186 64 809 135 116 126 784 14 798 49 782 82 800 253 186 287
10 493 101 148 178 580 175 664 121 413 195 12 157 43 239 32 75 446 29 480 294
10 474 190 543 3 848 2 96 271 716 292 580 296 515 210 580 159 448 63 310 99
20 207 69 418 126 581 271 609 142 196 221 703 11 7 32 412 298 612 145 795 16 754 173 508 104 722 14 294 92 610 42 851 23 770 75 828 155 500 263 861 109
17 462 213 718 210 758 169 609 48 712 22 687 39 471 258 248 84 822 130 607 158 128 294 490 1 789 67 704 254 404 178 662 276 610 37
3 8 296 296 103 617 92
20 463 215 461 173 296 94 8 154 141 226 712 170 648 190 203 197 272 42 481 23 272 138 403 291 383 113 372 145 248 150 465 6 292 172 60 47 790 81 40 240
6 622 217 3 74 585 47 105 238 507 139 309 49
13 274 101 116 74 116 273 274 116 116 23 274 267 274 289 116 82 116 208 116 16 274 298 116 232 116 291
1 46 91
9 135 273 350 130 63 126 62 285 184 276 144 251 750 60 203 278 804 18
12 446 264 770 136 400 191 205 269 19 3 789 233 828 103 412 274 560 122 731 287 851 133 610 71
13 713 151 92 32 547 177 125 8 293 298 566 170 332 190 339 260 400 162 627 196 339 294 828 206 800 140
3 850 179 147 106 195 15
11 212 117 706 190 88 12 337 142 301 48 342 66 720 252 149 296 610 40 785 135 300 133
8 54 142 264 214 662 168 749 266 658 51 738 207 526 251 526 207
7 343 18 295 169 687 164 19 214 471 8 187 52 412 186
12 734 216 846 56 451 102 545 38 128 111 60 218 295 201 772 143 738 118 804 190 816 223 710 192
7 52 294 339 210 92 132 718 93 439 245 141 69 106 214
9 422 179 650 176 349 133 409 16 609 8 12 198 111 149 133 8 414 145
10 202 170 55 2 128 76 734 109 371 64 816 79 14 172 530 266 705 281 398 268
1 851 50
14 147 241 460 120 652 295 410 125 375 164 665 46 45 152 397 278 269 268 518 290 235 54 498 218 204 263 775 247
7 365 107 536 243 182 33 357 271 846 195 853 16 853 184
6 398 252 564 162 205 146 446 267 561 222 187 171
7 205 66 324 194 95 105 627 296 370 29 751 89 15 107
7 457 97 412 288 745 13 292 215 446 294 411 198 610 195
17 852 272 457 139 332 23 790 203 784 267 301 49 852 166 116 200 704 81 851 163 9 210 36 215 611 277 817 281 182 240 87 170 187 40
18 382 278 293 122 567 184 778 167 632 249 333 293 707 266 703 35 166 242 660 88 71 126 245 69 38 28 407 130 704 300 676 48 88 283 687 246
16 217 124 192 115 94 170 577 213 394 195 577 185 261 104 197 110 769 246 496 239 19 44 345 219 515 158 699 33 264 250 459 47
3 231 265 632 265 633 131
1 833 204
3 205 56 401 115 163 256
5 587 222 190 76 598 159 379 109 634 132
9 781 77 332 259 451 147 459 204 509 6 789 144 639 56 227 48 142 270
17 696 34 39 225 808 139 755 53 696 85 190 255 658 81 356 166 12 101 598 33 253 112 187 228 755 281 506 273 254 39 39 180 731 47
19 445 231 826 165 207 82 826 192 207 22 227 48 555 31 254 187 826 23 274 58 274 143 555 8 116 218 116 146 471 233 116 106 227 119 471 124 274 85
7 76 182 172 265 758 162 518 231 523 121 566 54 299 126
20 324 28 811 51 487 134 705 50 621 142 519 93 834 288 442 198 446 173 807 152 237 96 92 188 64 242 745 103 70 90 836 65 452 125 233 2 205 288 802 169
10 859 173 319 199 841 52 603 86 307 104 854 252 419 62 460 98 493 101 80 212
3 447 151 96 168 446 274
4 418 234 372 28 397 31 454 256
17 299 261 187 213 154 258 371 299 780 20 128 195 162 192 824 240 495 282 774 115 483 98 446 232 248 132 749 264 580 83 513 36 184 139
17 63 242 174 88 515 227 170 251 274 223 92 70 40 99 416 103 208 119 708 169 405 181 396 106 829 36 253 93 855 234 462 155 610 69
13 450 34 230 38 475 269 387 144 300 121 494 169 681 16 144 202 672 116 360 41 602 40 384 242 781 275
18 13 132 419 251 528 145 127 143 293 61 49 54 244 202 506 286 810 183 567 41 828 44 745 281 321 232 581 173 482 147 133 266 21 86 309 237
16 755 116 447 190 413 221 770 151 345 104 611 109 362 178 599 169 865 231 788 9 223 284 610 95 658 137 794 191 487 275 291 241
5 843 29 449 248 246 37 298 203 770 283
10 99 72 504 298 202 58 331 52 525 265 554 76 680 140 845 247 81 77 170 192
16 761 145 262 299 13 251 669 53 612 113 345 218 386 26 614 84 424 19 96 158 403 93 422 234 6 179 621 48 217 81 239 177
20 846 205 718 218 379 262 398 267 555 29 846 265 19 9 632 214 82 67 416 236 227 91 174 191 708 224 227 257 379 250 731 81 446 59 397 151 64 11 713 179
19 206 88 417 17 270 164 562 178 645 249 589 75 493 83 684 53 771 1 276 85 508 21 554 257 683 259 403 245 602 20 848 164 617 23 213 16 367 33
19 726 235 552 247 65 245 713 278 123 47 90 43 333 64 175 32 369 6 481 151 260 229 745 174 354 288 767 152 181 225 342 54 253 164 417 113 334 61
16 640 235 233 21 633 135 702 197 53 165 10 149 855 184 518 296 89 173 547 255 365 146 731 163 510 9 838 51 95 31 457 92
14 731 147 772 99 564 297 417 288 412 116 254 197 610 154 708 246 360 182 471 58 785 241 305 257 205 41 687 110
8 556 300 653 129 675 209 653 40 561 206 74 61 62 39 410 237
7 233 9 588 32 289 224 226 29 751 56 688 25 846 192
17 613 180 745 36 372 186 479 244 141 213 640 87 805 279 202 64 227 290 315 253 436 166 26 36 135 58 240 107 801 117 239 17 526 68
6 774 87 647 84 713 212 537 255 500 177 339 87
19 635 219 11 111 610 191 15 22 10 276 117 251 360 231 198 176 826 194 693 210 360 138 683 183 82 84 804 203 305 186 828 258 770 221 339 120 655 83
20 392 46 657 186 487 202 667 94 53 25 817 270 360 141 569 280 449 241 315 289 339 177 675 124 776 52 194 8 114 209 654 4 572 152 490 282 409 58 360 194
11 64 202 831 11 250 261 254 218 205 206 274 265 36 103 785 267 305 230 610 215 274 20
4 614 15 619 139 45 223 437 281
14 215 115 725 129 396 144 399 233 646 31 314 172 663 32 271 111 371 166 50 265 32 6 153 114 642 183 365 119
18 713 221 379 10 555 250 78 91 328 125 632 273 471 144 305 128 580 20 116 89 846 38 655 199 564 194 826 297 851 107 846 190 324 10 36 161
11 526 236 483 156 664 103 807 297 62 272 524 283 101 48 493 145 327 253 758 88 559 274
7 838 300 362 203 634 188 626 28 227 148 187 272 128 208
19 184 6 254 269 89 69 64 257 283 69 834 270 397 295 564 178 412 6 826 236 274 258 116 103 800 220 506 23 283 153 19 236 397 238 64 243 445 151
10 245 141 510 138 44 154 417 38 11 280 496 69 231 131 254 28 187 37 484 99
0
14 291 288 413 16 195 246 197 241 508 256 794 273 500 235 233 152 756 207 416 1 365 123 271 19 62 60 87 113
3 516 194 334 7 714 129
1 472 255
11 289 81 495 152 250 217 739 16 325 176 617 32 293 47 372 184 598 29 362 194 633 79
1 712 126
11 395 105 257 176 487 201 470 297 93 146 323 151 784 200 504 184 776 76 855 221 225 65
2 554 73 432 50
14 690 239 371 200 259 2 289 96 364 118 760 222 530 214 293 233 133 149 100 20 61 123 114 141 799 180 510 256
19 828 215 518 205 276 50 736 229 851 4 283 111 61 278 114 188 646 268 728 77 482 239 182 245 370 173 327 171 397 6 547 162 336 34 553 233 380 15
1 15 150
10 570 91 171 161 370 23 824 97 852 278 210 275 10 188 462 232 579 155 128 226
14 398 120 568 20 332 264 813 254 94 183 771 176 351 191 372 62 651 248 305 160 637 151 516 174 798 263 728 56
6 443 195 704 209 37 43 140 108 741 220 477 188
19 19 271 797 65 64 156 531 29 416 115 61 289 658 162 828 249 269 250 710 163 598 202 36 118 702 286 54 7 356 253 413 37 415 126 497 140 275 254
17 341 207 170 68 507 68 805 214 631 124 855 245 535 204 810 8 284 160 528 89 260 220 802 270 205 261 232 271 480 109 329 153 197 280
8 513 14 569 34 329 222 599 253 97 263 92 56 445 61 635 137
9 205 258 826 239 283 206 598 299 89 145 449 97 227 27 446 182 640 12
7 73 62 692 37 595 217 7 282 746 73 392 260 175 214
0
13 713 157 800 116 78 64 95 1 360 125 471 276 484 73 555 236 325 146 95 90 187 35 274 134 379 103
11 67 68 864 174 498 168 303 32 304 89 285 143 827 248 465 94 337 217 724 146 145 112
19 424 154 203 294 117 135 170 135 569 65 172 267 650 282 87 65 455 26 366 233 491 267 449 8 508 295 412 191 20 283 27 127 521 73 567 235 818 137
3 469 166 393 185 19 178
20 2 166 354 267 567 33 708 223 794 168 575 199 284 80 703 67 390 179 208 50 790 24 259 293 14 138 579 203 302 188 452 300 784 106 125 62 74 127 607 26
4 157 250 225 74 153 216 575 126
10 708 290 446 108 52 92 393 295 430 225 799 44 598 223 322 213 412 79 420 234
9 810 109 159 97 751 263 49 107 60 101 699 253 818 38 333 124 106 170
14 580 163 182 171 82 146 713 300 117 61 324 144 449 41 163 210 547 294 458 235 52 6 89 176 240 32 327 178
8 592 240 651 220 634 279 139 69 138 267 794 92 128 3 466 85
10 231 161 372 147 480 157 772 24 484 248 253 238 417 142 611 299 703 5 63 43
12 610 286 831 299 339 72 190 14 182 73 324 59 332 63 580 258 566 230 398 241 640 109 253 27
15 693 31 496 228 289 106 200 31 283 23 379 8 412 85 665 209 100 196 114 243 462 131 386 198 531 277 611 69 851 127
16 615 200 222 109 621 82 439 79 222 232 36 244 825 187 292 207 744 39 175 58 81 190 52 245 597 247 289 179 293 163 386 17
6 642 110 630 111 558 231 554 12 418 87 495 47
15 759 19 601 243 42 31 353 205 637 275 159 67 617 287 794 128 573 184 800 240 662 7 819 184 74 254 81 180 514 79
11 846 234 19 175 772 23 327 211 283 117 305 126 400 36 446 294 52 55 356 252 785 165
19 662 116 565 172 809 44 509 42 703 64 269 223 469 46 755 202 357 4 462 292 442 222 6 30 730 34 554 272 359 161 611 269 365 55 490 294 693 201
0
20 763 298 29 46 9 257 696 33 415 213 367 94 349 267 351 236 750 146 814 57 776 273 857 101 850 22 92 156 785 68 142 132 647 270 411 232 111 135 811 77
16 708 79 36 294 561 217 412 178 52 252 683 181 482 281 462 34 283 217 187 210 170 80 776 175 39 119 141 230 523 49 814 3
0
17 790 137 129 280 141 83 508 33 15 100 848 55 552 286 393 52 838 230 640 126 710 268 510 107 472 181 420 113 333 192 420 146 851 22
18 279 219 204 186 785 262 301 54 794 168 410 102 833 300 805 122 418 118 823 119 329 223 290 126 198 42 92 263 39 100 608 40 368 107 195 117
9 449 276 739 112 789 170 834 17 770 124 446 244 828 158 379 205 471 226
8 831 52 36 38 343 178 10 20 594 208 609 278 54 25 739 117
12 234 271 117 64 107 113 728 251 619 64 431 2 502 106 838 5 359 175 111 191 55 90 196 55
4 826 259 547 254 356 205 632 226
8 78 85 770 241 386 249 640 82 301 53 553 257 530 14 692 265
14 827 116 145 220 233 23 789 168 266 43 447 146 335 86 547 63 29 107 596 231 843 249 513 300 827 10 522 38
18 12 144 633 169 358 173 169 48 379 266 219 199 452 191 38 271 392 85 64 180 264 281 518 12 855 120 301 117 113 281 547 279 755 229 751 50
20 332 43 114 68 457 122 581 294 635 290 428 47 184 175 756 127 808 221 600 116 756 210 285 94 626 4 368 174 617 248 6 276 852 30 254 187 696 81 142 62
6 154 188 702 291 138 272 630 152 6 82 631 10
1 227 85
7 217 129 640 79 357 81 92 293 86 69 479 36 219 292
10 635 28 208 200 138 88 731 40 665 232 415 77 439 262 657 22 404 80 283 177
1 333 43
10 379 108 128 24 314 106 789 278 632 5 362 2 82 266 301 111 116 152 250 52
4 205 238 345 9 566 198 100 149
16 512 284 328 31 95 178 745 299 244 139 244 211 539 118 699 92 517 255 733 220 136 106 85 144 175 191 547 296 790 251 792 107
15 103 217 323 127 501 90 11 238 444 133 166 180 192 95 813 209 534 139 428 191 438 276 726 62 453 54 278 38 444 154
1 119 261
11 141 71 839 264 510 265 785 267 458 133 305 261 710 99 846 48 293 158 250 71 469 3
20 537 160 90 121 100 178 482 134 736 206 12 113 84 65 152 205 126 274 863 137 731 18 55 212 194 109 719 263 85 166 602 45 417 204 321 110 390 29 688 280
5 71 224 665 64 153 213 267 121 94 84
11 607 83 141 206 97 297 331 265 301 44 702 45 554 197 71 168 571 101 61 42 852 263
6 800 281 325 13 449 54 327 151 327 19 713 181
4 309 221 569 9 747 137 452 107
10 123 273 37 239 633 185 10 154 784 162 655 274 31 229 253 155 19 174 739 85
1 338 287
10 218 30 5 236 729 98 51 11 696 106 687 159 400 52 65 281 346 110 312 243
20 301 249 248 173 554 229 445 121 57 264 789 121 37 202 138 287 716 221 631 194 484 300 823 285 451 233 395 185 861 150 600 270 589 209 327 176 195 189 298 261
10 116 76 283 159 547 26 248 190 356 247 82 164 6 213 360 125 831 124 789 194
12 458 205 397 134 141 185 417 224 751 293 356 131 250 252 728 287 305 197 808 122 708 120 248 23
6 649 141 22 106 426 3 640 45 209 121 845 76
11 788 66 667 110 594 90 346 294 690 250 640 238 693 112 794 272 740 159 283 249 248 21
19 63 217 581 278 205 120 279 141 530 275 370 109 813 153 683 154 800 113 295 33 327 106 240 288 480 246 184 79 10 173 817 232 523 247 397 245 678 29
9 227 175 800 173 82 130 561 173 580 40 580 202 116 80 328 159 417 96
14 329 212 11 285 655 281 208 194 416 178 599 13 397 63 561 57 703 115 634 224 731 238 506 205 728 83 314 147
10 457 15 314 176 371 165 770 70 805 256 621 199 190 72 404 137 179 261 744 87
1 856 198
18 128 238 39 109 106 43 396 280 610 255 740 116 89 246 92 32 356 138 581 257 745 107 755 119 245 7 839 111 405 277 740 123 325 36 808 297
10 532 17 365 93 10 148 233 189 78 269 412 261 749 201 526 240 52 263 404 26
9 786 130 72 153 666 221 352 165 176 33 181 87 820 111 812 59 708 8
0
3 114 181 417 237 640 54
18 194 273 794 195 37 105 597 69 27 4 401 50 43 187 275 204 95 254 652 72 428 252 736 122 428 56 96 197 554 265 537 290 708 145 95 54
14 446 204 205 99 250 117 831 255 116 129 205 232 64 14 640 151 713 94 555 294 360 50 379 147 416 172 416 197
5 41 74 705 173 771 53 506 106 256 252
16 351 277 39 188 431 38 375 153 730 212 14 14 301 160 493 243 851 84 27 298 71 238 289 152 41 197 789 97 116 19 498 171
0
16 542 138 529 235 153 8 171 288 362 14 64 169 48 70 370 219 282 118 87 266 486 183 142 72 633 4 283 4 592 72 750 279
15 335 16 711 247 486 134 750 81 603 228 432 179 489 151 806 91 104 192 776 115 197 173 63 280 654 136 151 85 390 285
1 800 34
12 696 187 580 113 350 129 371 140 525 236 487 174 398 138 561 35 182 287 451 42 708 279 731 298
17 370 113 610 116 646 207 702 272 452 278 259 205 11 16 600 230 770 80 800 11 814 178 524 243 555 47 657 33 469 63 708 55 20 106
9 479 229 855 171 604 185 758 40 500 119 6 216 333 30 559 156 356 214
12 144 45 173 224 710 290 329 209 314 24 635 150 324 292 839 244 290 16 838 201 301 92 797 250
8 329 7 379 167 82 11 610 85 566 14 751 30 471 297 718 252
5 817 179 449 79 675 69 182 11 751 291
20 447 219 518 248 531 216 332 26 416 27 469 282 639 163 411 259 808 223 817 216 604 64 169 205 526 198 784 276 58 266 358 95 125 121 148 140 291 177 21 132
19 846 55 89 26 708 18 39 110 12 175 52 219 831 112 15 201 250 224 708 244 379 19 141 110 713 170 831 50 804 192 52 276 445 224 40 201 248 67
2 187 201 763 255
14 207 4 253 94 336 52 633 181 487 283 797 205 374 289 749 60 571 215 396 220 617 269 412 256 665 186 301 31
20 793 75 477 196 28 14 252 144 820 202 67 43 632 149 430 211 274 249 492 164 356 266 718 73 223 198 339 74 544 30 534 121 80 162 509 157 579 209 317 105
16 630 76 524 169 465 300 746 208 291 13 855 34 164 53 217 118 751 259 782 185 20 176 829 289 482 91 316 56 358 41 78 49
16 627 274 356 289 332 13 246 167 785 84 301 48 716 134 789 181 15 277 191 89 155 110 457 129 259 196 713 45 630 87 394 205
7 713 180 411 220 413 50 728 84 53 52 852 204 43 262
3 36 41 555 245 116 161
18 571 252 327 101 751 14 547 258 712 276 92 77 24 239 599 24 490 46 560 51 61 73 396 292 789 216 417 50 547 283 125 165 571 234 451 150
5 785 248 785 276 826 202 36 174 305 27
9 561 34 462 201 82 74 751 37 44 203 523 267 834 279 170 295 370 242
4 219 240 436 68 511 21 560 30
2 43 58 836 141
13 70 106 838 297 591 3 145 40 81 294 203 50 385 221 380 282 807 16 645 161 613 275 629 33 142 280
10 213 169 154 273 24 127 530 58 485 250 770 138 635 282 526 203 788 13 700 278
11 639 197 222 75 209 155 565 111 219 9 26 125 784 112 383 164 316 278 400 121 452 108
3 625 226 93 10 462 287
6 445 121 83 107 745 170 178 175 75 127 405 112
8 776 43 261 210 518 273 102 133 396 79 436 98 356 194 749 117
18 597 127 21 199 506 166 743 163 39 151 678 145 314 156 374 59 169 78 708 3 531 62 852 121 776 252 301 15 480 51 794 235 652 88 264 178
20 815 56 673 146 120 4 760 50 144 186 837 281 607 172 481 113 2 190 473 233 274 190 105 220 472 34 339 270 570 202 864 120 203 148 774 49 710 10 543 109
1 704 146
6 110 115 347 26 674 294 600 11 62 143 838 69
3 303 168 523 47 813 46
6 205 285 325 152 339 65 519 48 523 244 626 276
9 64 137 106 57 556 11 770 90 451 177 693 188 530 105 600 222 718 45
9 190 273 560 17 9 69 617 94 159 255 240 30 500 196 813 218 62 258
4 408 48 550 235 762 212 745 195
12 50 241 514 277 198 49 496 55 325 256 780 44 853 55 449 138 222 164 498 162 789 150 383 136
4 555 158 116 257 610 138 555 269
11 702 162 396 156 469 184 368 276 865 239 645 194 840 228 203 287 142 88 351 276 645 282
11 20 30 650 191 367 119 825 233 294 67 658 155 764 158 559 280 301 230 655 19 614 220
14 238 219 32 6 186 174 21 130 222 146 592 269 398 234 355 245 523 62 742 182 602 139 821 279 439 277 309 300
0
10 589 250 26 192 356 175 259 224 192 210 128 40 135 139 828 83 500 9 138 150
2 40 135 289 282
4 345 131 419 5 699 114 789 36
19 560 297 834 198 745 115 336 174 509 113 730 15 716 107 758 241 479 180 114 85 301 204 480 193 54 36 442 156 431 166 164 261 617 269 675 176 608 98
15 768 85 90 241 742 282 234 121 259 152 114 109 331 146 804 263 240 89 151 109 379 230 370 189 310 50 243 245 204 78
13 164 219 645 255 580 22 490 186 388 268 635 22 754 220 797 20 496 121 372 283 667 164 652 42 417 283
9 266 95 618 67 805 86 240 204 239 45 43 182 834 226 431 72 682 62
9 27 58 269 90 469 181 804 100 713 170 569 35 283 111 32 267 339 7
11 250 73 254 89 506 125 718 79 327 75 640 34 205 232 114 30 89 122 598 59 360 242
6 420 276 422 293 320 207 647 208 170 287 48 173
1 160 219
4 580 273 184 293 851 155 692 101
18 87 133 581 169 627 185 368 121 662 90 24 127 187 218 190 94 195 27 11 122 451 126 21 104 145 30 736 221 305 194 254 151 472 205 658 132
20 418 122 277 273 471 99 749 105 339 36 480 252 611 1 734 99 839 274 53 247 137 234 417 174 187 14 693 156 137 104 600 127 813 49 415 291 133 227 772 53
7 245 254 148 126 571 54 208 279 655 173 545 290 96 225
9 255 286 150 183 326 115 48 289 248 179 295 29 39 28 142 171 311 186
8 411 151 831 47 19 191 627 294 547 133 205 262 379 94 182 45
11 111 274 448 241 198 159 582 230 716 60 97 140 454 266 359 60 113 37 820 171 458 60
9 274 11 305 95 610 65 785 159 555 14 116 262 36 169 36 238 36 119
16 317 200 576 261 551 76 438 283 841 224 337 167 820 93 31 4 204 115 759 251 90 10 783 30 255 152 770 61 748 183 78 203
10 77 87 182 147 235 192 116 54 531 109 222 31 647 203 333 172 587 256 851 53
18 328 143 831 209 635 184 305 298 851 286 739 212 561 170 635 279 184 218 834 198 163 218 95 21 610 232 19 28 687 67 78 277 564 125 446 174
18 116 227 785 179 274 238 785 185 610 115 640 9 274 182 305 62 305 4 610 167 785 276 640 241 640 18 36 276 640 261 785 241 305 81 640 206
19 811 215 226 249 738 96 746 252 581 294 538 12 822 201 853 287 642 202 839 238 769 127 590 129 171 272 83 2 523 135 31 40 208 273 435 21 154 192
14 798 34 15 138 747 266 639 214 816 74 398 10 172 50 829 139 552 254 495 31 545 6 824 85 63 182 646 197
12 166 215 536 247 495 143 307 121 755 84 316 51 20 122 264 187 493 273 393 49 855 150 351 79
8 624 22 62 103 545 189 362 286 718 156 686 99 82 48 319 22
9 277 62 36 300 631 275 20 200 19 65 734 159 418 89 250 167 683 9
15 667 171 613 29 635 112 293 183 61 189 253 231 639 276 820 236 371 96 409 130 513 242 63 146 738 262 125 174 193 284
9 314 101 480 32 718 293 808 281 356 120 175 171 823 84 128 198 823 111
11 724 194 618 231 354 203 12 15 496 203 754 164 665 75 248 300 441 3 507 299 669 144
18 682 36 864 260 848 146 26 122 369 165 404 137 283 291 636 90 29 46 701 107 445 243 671 152 194 140 740 173 149 232 593 153 587 122 720 231
11 397 90 182 108 561 41 95 194 305 15 324 155 458 227 187 242 834 215 635 77 182 81
16 106 44 293 195 336 212 441 96 217 131 392 66 642 143 700 96 580 30 94 39 332 211 368 160 81 184 615 278 807 189 341 64
2 707 66 863 75
20 151 171 149 35 754 292 864 50 365 35 683 165 327 296 807 229 222 206 61 247 459 258 27 66 181 178 74 229 383 211 64 164 509 191 75 32 441 219 415 180
16 723 253 115 265 488 189 471 61 775 255 496 59 171 173 371 40 237 92 339 37 356 250 464 89 228 81 816 281 158 88 640 124
6 283 140 195 230 731 299 634 288 555 75 159 38
12 548 156 634 20 151 290 66 168 357 222 400 171 736 6 807 44 447 62 515 161 678 263 587 53
8 519 140 344 23 274 28 314 183 442 86 713 40 480 298 611 196
14 447 50 730 22 448 225 513 92 358 288 52 44 101 217 283 60 739 73 665 71 823 270 409 167 411 209 814 204
4 648 247 88 41 822 11 330 232
0
6 181 220 81 291 283 52 864 0 510 57 731 267
14 133 189 445 179 274 263 12 172 594 228 561 108 658 293 693 120 822 299 493 212 571 44 564 228 556 225 190 266
1 362 293
2 553 138 692 243
18 571 129 327 147 379 122 144 282 248 137 95 263 506 232 324 185 831 104 219 27 610 39 772 23 276 104 526 208 855 267 21 132 728 81 458 284
20 670 93 722 120 776 157 836 93 297 141 768 175 26 25 756 108 424 110 63 202 507 261 558 160 529 250 308 66 610 129 681 23 847 117 626 26 448 39 397 125
5 201 82 330 180 821 44 843 264 218 12
14 853 44 424 167 795 258 743 44 224 277 553 83 54 250 402 174 804 71 867 107 254 2 524 82 824 221 67 74
5 89 113 36 249 610 108 610 126 250 238
17 634 245 339 14 731 221 555 278 632 179 61 107 526 85 283 264 89 146 658 291 851 176 495 188 205 154 451 186 515 193 144 187 515 8
19 599 202 484 286 749 296 751 202 484 150 12 200 11 295 490 169 198 7 800 185 728 219 635 159 855 61 632 141 471 132 446 60 163 154 6 203 133 54
3 268 169 717 169 241 288
6 389 159 109 298 290 233 744 117 436 35 18 202
11 512 31 831 156 278 209 470 61 420 193 545 226 119 239 58 300 752 163 221 242 850 135
6 739 67 205 292 95 118 655 185 44 186 814 219
2 152 169 246 34
0
5 195 244 11 71 190 60 523 282 547 244
11 776 288 785 17 324 73 305 150 78 215 640 271 632 220 598 77 52 45 708 264 564 20
1 843 211
19 397 193 416 112 731 242 314 1 814 4 329 100 125 66 19 194 95 264 446 269 687 18 547 121 133 207 187 162 446 87 482 32 416 271 125 66 11 140
17 32 53 386 36 704 215 813 233 776 14 279 85 398 273 510 275 755 202 244 245 174 9 326 240 851 66 232 188 148 45 496 183 736 159
8 93 68 626 153 388 159 620 22 21 62 635 290 89 126 857 109
17 535 58 600 279 776 59 365 31 493 67 495 88 804 195 343 222 482 189 6 291 412 72 233 140 487 145 253 57 92 37 781 69 10 273
8 716 25 428 21 653 221 826 173 44 84 699 214 420 263 149 155
7 602 145 809 257 441 130 129 67 294 244 186 84 358 295
20 633 177 411 3 755 281 772 130 713 209 6 28 769 234 396 116 398 284 731 103 325 134 703 283 264 249 523 138 279 171 462 299 405 223 12 278 784 126 6 25
19 402 38 97 156 838 111 394 107 63 29 388 243 826 34 555 56 471 67 799 299 507 180 405 72 495 204 644 291 480 181 611 56 441 297 709 159 176 138
5 374 174 43 159 790 14 346 284 395 167
8 248 73 234 274 658 36 674 206 329 177 456 162 179 225 763 166
19 116 30 116 251 116 43 116 294 785 75 36 190 36 60 610 92 116 149 274 26 610 103 610 200 610 171 36 86 785 84 610 224 610 185 274 232 116 210
8 67 263 311 94 612 124 741 167 799 242 789 84 141 227 419 25
9 521 253 379 275 610 297 45 265 432 13 457 250 588 99 117 12 514 38
15 645 148 107 59 326 1 446 267 342 215 634 261 765 276 455 1 20 154 234 43 178 17 604 182 807 269 415 88 728 270
12 831 216 12 0 356 149 253 294 89 128 360 102 248 209 770 212 851 24 339 141 379 231 141 183
3 216 128 539 65 83 296
1 657 140
10 714 228 83 3 522 194 433 246 205 211 446 175 711 221 38 249 82 218 57 235
19 108 117 16 60 755 289 129 78 606 253 620 218 420 262 274 200 68 78 371 261 543 258 262 96 121 133 283 143 602 154 468 201 526 76 187 69 9 159
14 789 35 133 170 770 37 580 282 82 276 332 247 324 102 713 19 718 1 449 228 789 210 125 29 39 112 708 218
20 400 245 125 208 446 287 329 91 635 270 417 69 39 4 655 105 327 252 708 75 416 218 789 168 655 229 564 60 627 148 339 128 400 123 328 127 398 268 163 267
15 559 9 442 183 559 209 53 221 412 145 303 226 445 33 138 99 814 116 250 30 386 166 350 161 439 82 445 158 842 172
8 368 232 33 121 567 179 658 68 768 207 423 239 655 243 179 189
4 727 173 694 148 778 220 124 229
6 866 66 774 122 768 146 848 281 807 223 396 24
4 379 164 634 95 707 194 270 54
13 149 30 439 132 482 153 92 277 608 221 561 117 718 120 284 199 413 247 607 240 790 37 853 16 38 289
5 59 162 206 51 836 116 290 119 749 0
11 835 278 548 96 111 55 331 91 380 278 162 14 829 49 16 17 392 202 808 287 518 295
10 446 201 36 232 207 115 412 290 64 247 412 240 254 97 785 147 564 151 205 230
7 831 133 718 146 254 58 555 212 250 145 207 38 831 104
19 730 278 133 49 713 227 259 54 43 226 428 150 484 230 127 285 356 112 149 69 781 215 553 228 375 3 580 139 545 263 776 222 556 293 731 117 248 262
18 826 159 484 41 445 96 561 74 360 176 561 84 804 42 772 206 449 53 227 7 446 12 610 288 708 299 555 121 610 194 227 164 207 86 687 185
2 417 35 627 116
20 471 257 804 133 718 217 580 272 379 222 731 119 240 258 484 38 207 145 207 181 580 151 207 83 471 162 324 126 776 94 264 20 484 156 846 26 804 99 360 43
12 312 165 584 145 574 177 518 207 256 290 609 61 343 83 671 184 561 274 743 249 377 158 537 100
7 401 229 447 28 350 131 652 84 730 275 665 300 631 190
12 264 187 11 40 114 9 471 146 640 192 610 296 561 195 92 77 264 57 598 300 248 178 610 117
7 92 297 64 161 78 183 159 31 208 148 836 167 240 115
2 445 81 611 62
4 769 137 846 5 791 162 159 6
7 696 300 274 277 231 2 611 118 566 278 769 161 87 282
15 836 270 275 145 371 158 261 214 141 118 459 56 693 269 154 171 325 63 332 87 525 30 372 94 634 108 556 258 555 184
8 41 23 82 136 754 170 66 53 721 111 375 20 128 114 750 261
7 785 189 36 140 506 135 560 230 772 130 324 136 687 142
12 372 245 756 50 198 14 518 232 223 41 195 124 95 196 379 102 493 56 269 133 736 107 365 222
5 627 52 244 48 556 187 497 46 159 203
16 781 41 589 192 292 150 333 241 480 218 664 66 599 272 449 289 555 97 736 258 10 58 482 149 163 157 87 231 587 296 6 282
11 174 67 417 194 64 169 400 148 523 90 776 297 254 82 240 20 687 94 770 282 411 198
1 452 284
3 125 249 451 240 635 137
1 730 22
17 549 217 591 148 85 180 739 74 239 293 602 269 607 17 322 206 447 64 398 18 585 277 754 115 564 87 328 185 133 76 729 101 684 102
11 543 85 66 224 21 5 321 197 744 29 532 194 701 64 609 272 47 147 500 244 291 13
9 316 129 829 141 439 77 135 171 647 186 566 217 182 155 190 114 588 114
4 635 111 396 36 397 73 566 74
17 785 49 755 278 168 57 46 113 195 149 751 36 401 234 597 221 371 12 261 31 734 18 346 162 831 44 755 247 32 229 749 279 802 131
13 177 258 91 184 775 227 748 40 238 283 540 244 809 39 823 254 624 42 126 149 642 187 462 297 78 76
10 807 124 261 60 324 63 208 279 337 168 818 211 523 186 284 179 629 201 736 145
11 565 100 292 36 826 74 374 59 671 187 798 89 752 51 471 53 206 210 659 175 865 292
17 444 289 832 212 473 223 155 179 88 282 693 18 433 172 708 217 98 299 579 254 162 47 513 121 512 163 706 235 508 217 565 68 434 205
9 445 265 708 27 800 13 332 33 92 117 800 56 205 219 328 177 82 280
4 703 21 554 137 653 242 662 209
9 53 262 360 263 446 40 769 126 823 221 187 159 52 70 852 18 195 79
14 631 59 206 26 89 179 816 70 480 53 395 247 646 68 253 146 44 191 462 238 632 263 81 300 20 99 746 65
8 250 15 250 286 227 206 305 199 713 93 445 172 831 292 627 159
12 643 242 163 233 617 50 502 114 756 245 265 259 656 38 490 267 186 171 359 194 350 260 234 72
3 400 19 254 172 547 8
15 318 98 251 232 791 0 846 134 522 14 135 260 746 174 519 194 305 257 711 165 555 210 804 277 507 236 47 128 50 293
4 704 218 86 135 365 153 490 286
1 397 80
13 614 1 597 176 814 294 290 282 6 92 569 227 301 192 863 196 71 196 854 283 314 273 583 135 243 12
10 459 44 800 3 633 81 833 16 776 261 413 113 334 268 20 142 609 202 817 169
7 198 94 219 166 493 220 116 22 52 199 187 70 728 169
7 360 80 195 16 260 103 751 130 555 278 138 215 755 12
20 484 206 283 162 610 16 11 258 561 171 40 176 329 149 547 69 248 37 163 26 398 166 248 44 133 96 174 122 610 75 739 172 547 46 814 222 184 160 770 179
18 560 136 580 32 789 262 396 118 530 108 804 171 372 300 254 231 736 52 580 264 81 95 564 20 834 8 393 44 195 7 336 87 184 157 365 25
17 253 129 855 51 789 95 658 39 339 150 305 57 208 201 19 2 693 75 776 222 655 121 564 180 731 96 417 260 397 174 535 69 12 221
2 267 31 178 78
11 181 195 325 142 836 286 245 31 371 78 693 205 379 267 523 24 846 79 734 132 82 181
12 693 201 770 268 493 133 379 146 379 53 493 43 195 265 547 195 530 167 471 132 379 65 6 292
14 329 252 344 271 645 223 830 290 291 28 671 20 740 243 688 37 867 94 484 71 14 218 593 195 81 192 585 293
5 501 98 280 19 80 159 204 9 483 295
11 431 57 843 202 751 209 321 134 670 187 239 217 13 125 54 234 590 246 215 24 381 125
20 627 176 826 59 283 13 64 35 207 42 655 272 627 157 826 241 250 157 417 277 564 267 610 96 283 255 205 242 826 110 655 282 708 15 713 101 116 100 325 102
1 831 154
11 855 163 866 298 427 82 138 266 53 245 606 151 13 270 261 100 476 121 495 181 338 47
10 566 266 654 7 730 288 516 209 685 32 278 3 779 115 687 134 603 193 602 40
11 82 221 388 250 598 2 60 46 782 13 380 110 659 0 130 225 750 273 716 21 27 102
5 697 65 258 181 605 60 757 84 689 50
17 545 184 192 209 116 85 739 177 207 3 770 72 174 278 59 102 833 227 487 40 175 182 182 205 375 133 346 122 708 295 326 234 179 69
11 610 88 233 203 553 288 396 160 227 282 416 236 610 226 411 298 734 208 397 37 64 259
2 165 248 320 183
1 148 252
15 662 111 38 173 341 147 479 92 692 141 768 128 589 276 246 47 226 266 302 288 753 191 224 258 576 248 63 188 629 56
12 21 107 321 180 635 164 298 253 27 135 631 110 89 4 532 110 555 275 851 201 142 204 743 300
13 787 177 33 75 210 230 299 151 123 11 197 169 506 38 808 8 744 154 635 37 382 40 576 270 427 158
15 490 134 639 140 169 215 15 120 11 138 168 162 490 205 337 99 195 236 379 216 289 75 259 103 816 221 545 105 291 51
7 776 299 343 260 174 267 751 77 339 86 141 281 174 288
2 683 82 128 207
11 404 120 358 194 814 260 758 204 117 72 633 245 261 108 496 100 798 238 101 156 458 154
6 834 210 125 177 789 72 12 270 92 96 658 33
15 564 135 64 184 785 7 412 95 305 255 627 94 19 212 785 213 416 200 187 70 379 283 580 282 207 272 227 262 379 79
20 116 219 627 279 708 116 254 151 506 281 506 298 718 31 846 36 250 193 89 213 627 281 187 116 250 42 205 154 687 192 360 253 324 229 184 215 397 222 19 283
10 841 227 700 166 48 270 592 110 343 128 316 124 738 16 584 165 166 21 554 114
7 713 241 506 48 254 11 207 292 739 70 332 31 449 216
12 315 205 445 300 96 292 200 74 545 103 264 181 633 140 822 296 831 7 519 31 600 177 588 293
7 410 180 683 93 571 212 484 67 86 250 493 212 342 294
16 531 19 61 102 19 45 198 64 264 273 493 208 46 32 469 258 396 259 615 100 462 167 852 270 416 204 217 132 526 298 774 294
11 510 199 526 167 227 1 380 123 547 191 315 161 740 183 658 210 240 53 838 278 315 31
19 277 119 370 84 125 195 561 153 190 151 535 33 699 263 339 270 471 62 163 114 417 96 683 6 332 215 640 23 640 127 627 213 184 38 635 156 205 267
15 81 102 480 180 829 150 675 269 366 216 164 83 37 235 154 79 187 122 217 253 48 70 198 187 653 179 349 234 354 33
7 562 110 107 235 40 63 193 5 198 241 16 258 237 26
12 65 25 485 187 691 299 205 129 130 269 773 248 283 104 65 5 746 106 405 239 745 63 541 192
1 374 76
13 630 170 337 266 52 190 769 241 525 78 359 171 652 168 731 86 342 103 374 297 632 160 283 250 431 211
13 250 39 116 216 163 112 114 220 89 103 561 267 182 264 831 240 163 197 19 176 11 250 95 51 187 251
12 250 88 205 28 555 141 640 7 254 296 555 122 555 29 785 206 445 36 640 49 445 99 254 239
5 626 243 746 15 459 58 452 201 804 9
15 134 96 500 171 722 274 662 93 64 10 394 246 138 1 712 61 705 224 775 157 315 168 289 46 652 83 45 132 597 164
6 745 181 174 203 826 158 285 174 412 10 838 200
18 207 263 274 68 207 237 325 113 580 186 283 82 708 294 305 243 89 115 64 245 305 138 205 14 417 259 446 14 826 221 785 298 283 259 555 18
2 610 169 324 16
15 626 183 254 264 530 145 665 143 190 66 53 207 400 73 135 203 40 12 137 198 683 127 187 201 704 62 826 207 708 129
10 125 9 397 189 293 258 246 186 519 267 611 8 594 169 509 276 58 283 547 136
17 831 37 594 6 633 242 506 273 397 53 138 257 789 107 358 285 269 55 248 10 427 173 116 70 314 127 687 272 577 125 734 45 664 193
7 56 61 242 53 533 69 691 80 311 237 818 213 424 266
12 582 215 290 5 747 46 195 21 484 197 427 73 75 73 553 226 497 24 593 249 41 41 191 289
18 593 57 52 293 508 252 744 238 684 74 124 135 163 275 406 111 490 202 105 138 70 162 293 46 544 160 301 213 426 1 751 201 190 19 380 281
6 127 276 309 290 411 4 393 2 500 15 848 267
3 307 40 279 67 506 218
14 336 46 493 249 40 169 412 80 452 277 740 283 547 139 125 77 846 191 174 191 487 50 336 194 182 33 654 146
5 137 170 683 237 89 114 362 290 687 28
15 184 175 292 277 808 49 412 255 457 117 834 264 141 112 356 290 482 163 632 132 731 270 515 295 264 124 627 145 718 73
15 179 283 133 143 231 209 811 118 508 98 23 78 796 55 279 248 594 47 369 174 753 79 756 152 623 230 678 202 795 165
10 388 8 264 73 448 111 350 14 589 12 117 172 465 121 196 133 315 46 523 238
7 342 188 175 169 834 164 560 274 683 211 449 285 483 224
13 326 277 588 266 829 182 358 292 635 152 799 89 285 260 493 22 142 283 738 135 386 152 254 205 604 192
16 162 157 284 274 683 6 487 145 718 138 788 122 461 225 621 16 175 189 53 170 19 261 374 113 178 83 805 39 190 164 293 32
10 593 192 768 126 828 14 333 156 553 96 855 290 597 233 138 291 382 206 552 120
12 428 89 325 118 192 110 548 282 123 83 393 93 760 239 758 199 346 48 63 89 496 58 405 193
11 582 140 169 297 173 181 36 44 219 265 519 269 750 132 261 56 487 235 205 14 19 251
12 100 17 357 7 285 21 265 133 797 98 790 241 116 46 472 146 129 159 824 10 500 186 583 274
2 183 21 678 196
13 826 84 784 133 482 34 493 230 81 230 174 284 379 271 292 33 329 11 10 125 560 151 449 172 839 2
5 578 176 573 94 297 239 97 235 535 2
2 316 11 6 4
6 582 183 687 158 155 178 553 148 696 60 525 248
14 121 174 527 42 149 271 513 298 699 50 173 12 769 17 61 49 90 61 60 88 822 32 868 284 319 183 190 85
4 526 168 559 259 369 60 145 231
1 116 135
16 640 266 205 133 555 229 254 72 555 17 207 251 207 204 274 29 305 43 610 255 207 226 207 187 36 22 116 20 36 147 785 103
3 12 278 339 56 336 15
7 269 293 295 118 720 257 290 272 436 140 12 160 687 255
13 506 266 360 116 187 96 187 81 800 103 632 16 687 136 561 144 360 268 324 207 718 53 305 298 19 62
19 505 168 384 85 282 171 229 202 383 64 86 135 848 5 21 71 541 82 604 12 490 238 698 43 133 97 280 199 649 71 142 125 421 57 242 138 862 163
13 10 9 826 4 834 284 133 285 740 39 405 149 687 80 480 180 633 126 187 129 170 18 144 108 740 28
3 327 33 662 106 368 73
3 695 129 208 95 357 122
11 75 251 86 14 456 153 394 134 817 112 398 270 375 207 259 42 460 194 696 145 497 3
13 96 23 652 297 785 282 442 245 24 0 43 265 535 76 368 221 81 19 833 113 699 107 359 41 626 44
12 336 24 63 97 863 188 380 13 10 92 531 10 239 248 219 232 356 167 582 265 89 152 259 199
5 398 258 39 135 372 106 309 6 248 266
9 174 214 506 291 772 263 360 256 564 0 547 4 446 235 731 34 632 185
7 400 21 135 6 339 15 125 80 169 300 594 88 693 195
3 415 68 581 56 629 56
7 559 107 497 108 178 153 451 260 326 219 704 271 446 221
20 412 69 471 137 36 197 184 208 398 260 598 166 400 189 855 38 198 265 547 120 95 169 749 148 658 66 125 250 227 47 599 55 92 280 264 40 718 157 19 70
17 140 130 149 278 800 190 797 267 296 157 836 76 731 157 181 86 183 299 774 42 611 192 736 121 402 214 515 116 256 147 195 213 333 195
20 205 139 565 107 865 111 448 187 483 137 681 42 654 234 427 189 693 79 612 119 333 266 83 281 324 119 309 216 865 242 174 98 125 37 392 16 858 147 395 77
10 861 130 635 11 639 228 656 101 116 27 782 37 608 143 823 1 401 97 170 106
17 654 208 559 225 597 138 796 38 129 92 36 273 739 70 682 65 809 180 418 14 254 81 818 109 50 35 149 73 581 232 398 186 842 125
9 868 83 342 126 244 194 94 16 435 164 216 67 76 188 304 114 446 35
4 278 261 197 70 581 237 410 159
4 332 225 412 85 784 135 851 241
1 669 185
15 116 274 446 20 116 244 412 15 254 233 274 75 640 190 207 140 412 159 555 139 116 69 826 251 640 138 640 72 826 230
5 404 239 490 200 275 268 6 215 755 187
8 482 247 767 220 364 14 45 232 762 9 93 79 776 239 85 20
5 691 210 513 194 267 51 481 114 640 204
2 544 249 528 45
10 59 206 457 241 409 107 325 58 375 56 210 98 356 13 208 216 328 282 328 60
5 754 275 696 60 61 184 28 274 867 40
8 37 77 204 125 417 192 648 188 395 266 704 95 275 289 215 101
19 87 78 89 12 198 46 740 67 525 89 15 169 217 207 342 182 692 58 111 35 848 289 553 213 52 130 471 65 712 1 289 162 556 174 246 193 45 54
0
20 747 130 621 258 89 29 396 117 322 258 510 173 854 272 738 237 117 63 567 290 848 140 656 110 600 150 472 137 205 79 17 51 219 107 864 90 339 133 610 272
7 78 65 356 290 253 250 163 138 339 197 250 87 846 130
0
11 731 139 250 283 446 21 445 90 718 300 564 25 328 240 804 21 184 74 632 97 804 261
14 426 103 780 294 819 263 290 92 123 39 413 224 416 26 828 79 718 111 353 250 719 142 768 137 436 242 366 280
17 11 192 583 194 490 97 722 222 303 243 462 152 202 29 359 223 577 200 864 17 264 205 508 103 151 280 305 67 207 205 702 194 824 221
20 861 44 398 191 822 16 784 197 40 194 770 23 600 295 400 264 600 68 208 250 332 169 397 26 114 129 54 203 739 212 362 278 696 210 416 1 141 104 360 215
8 17 284 419 257 804 244 593 80 213 62 244 222 195 273 789 270
6 773 156 245 136 624 9 567 58 852 181 39 97
8 190 250 416 146 445 254 708 148 580 129 495 166 655 177 264 295
4 728 205 63 186 93 203 864 243
5 294 132 818 13 454 135 512 80 531 138
19 740 257 708 1 828 245 627 131 804 285 339 19 332 39 329 127 471 172 530 58 555 35 640 38 314 58 174 264 416 144 114 107 713 204 564 140 471 28
7 244 150 728 176 45 149 678 254 744 234 89 276 359 33
16 114 127 851 121 831 225 462 293 564 216 309 33 11 80 309 163 640 171 789 273 785 96 708 293 15 236 789 276 240 257 580 185
1 749 248
13 561 13 219 244 646 83 141 98 708 106 11 130 696 129 315 224 295 11 658 141 283 96 458 38 372 127
18 801 109 380 283 222 105 260 241 516 102 785 219 243 194 848 104 71 162 274 284 569 147 292 58 224 184 506 65 523 66 114 269 332 113 277 249
8 188 149 453 162 586 194 376 249 186 41 415 116 277 243 490 122
19 81 201 758 189 796 144 359 147 447 300 610 262 89 23 769 39 833 106 138 271 44 175 813 248 769 140 692 6 712 1 148 211 702 24 515 131 490 0
14 4 269 500 14 288 16 562 165 829 70 533 60 760 237 842 291 469 31 392 199 270 179 679 118 688 221 705 40
17 647 101 170 93 738 136 397 6 303 126 646 172 60 161 398 25 403 274 745 194 393 45 681 40 804 222 675 37 326 131 537 16 140 14
5 710 252 190 127 526 124 81 145 863 260
15 272 11 721 283 198 298 712 193 523 210 271 36 620 15 517 245 366 297 813 258 315 72 396 8 37 38 641 37 779 147
19 638 201 546 279 684 277 646 97 223 273 649 30 778 35 240 145 753 100 50 39 24 199 780 197 537 260 282 110 844 34 75 48 580 233 310 163 812 157
11 804 17 655 114 116 285 718 24 116 171 655 54 713 60 416 228 640 149 471 109 207 23
13 448 33 405 185 292 218 554 6 168 34 843 95 415 254 327 192 413 283 183 183 350 0 515 294 174 74
12 700 228 40 4 274 283 785 70 227 285 32 63 713 256 599 265 395 265 419 296 141 165 46 119
18 279 46 253 171 54 122 39 171 106 216 632 107 274 172 658 167 292 195 496 127 823 160 418 145 784 47 749 35 790 90 19 240 285 110 293 180
10 170 63 309 242 370 68 365 125 295 92 95 8 631 173 207 184 751 170 125 252
9 424 52 632 53 206 106 451 280 277 115 415 149 728 175 290 248 657 34
16 508 71 577 238 705 123 746 76 598 218 681 22 426 159 58 28 293 203 415 286 254 3 342 211 135 47 326 172 185 76 838 170
19 657 127 449 74 87 46 482 178 640 152 114 149 380 272 62 74 687 58 39 63 159 100 842 74 145 10 525 249 532 137 575 84 609 36 472 143 24 218
14 454 229 388 120 184 106 38 278 659 187 852 15 15 100 164 155 221 91 372 262 537 278 631 275 305 202 509 282
20 253 284 305 62 370 294 343 108 665 73 64 110 187 256 40 269 530 262 82 245 457 218 117 250 834 145 253 287 718 275 207 185 343 117 611 110 248 79 703 217
11 413 40 140 202 416 290 831 42 736 265 692 207 839 123 343 218 309 27 284 39 829 83
8 185 196 172 116 227 224 634 133 690 281 344 219 155 19 683 34
5 289 114 400 198 231 100 526 29 736 96
1 808 177
13 271 144 529 285 275 78 801 173 754 88 191 215 89 236 706 56 227 206 162 149 87 153 245 16 105 281
4 431 179 59 171 26 187 524 273
12 819 194 502 246 644 72 305 212 186 273 481 75 454 2 260 148 709 136 294 299 173 271 301 167
14 632 289 708 32 561 106 484 122 52 69 398 81 240 188 39 227 610 137 851 51 731 273 11 70 640 263 248 235
12 864 184 609 131 336 290 699 125 182 224 253 297 138 212 822 61 219 265 336 56 427 146 11 248
10 187 56 52 21 127 265 285 68 82 284 292 61 600 106 547 290 144 29 198 185
7 751 62 699 29 834 248 535 187 205 84 315 145 745 43
19 334 219 94 176 536 51 386 79 351 284 507 71 451 181 615 216 599 74 559 57 386 91 340 186 834 235 155 168 671 137 720 134 531 118 731 273 164 152
8 111 300 52 126 250 6 848 159 321 89 59 232 27 142 275 185
12 243 80 375 189 71 252 116 127 145 254 309 80 509 141 428 20 495 74 564 213 148 59 52 262
9 580 222 826 148 174 186 564 123 560 29 598 112 632 85 632 292 776 95
1 19 32
8 587 271 412 142 708 26 54 275 248 204 181 207 52 124 446 28
15 562 209 803 37 720 49 770 71 848 295 64 76 848 215 590 157 379 120 219 155 358 242 20 266 191 141 98 92 790 294
7 767 73 396 19 16 257 15 94 277 186 487 246 683 183
3 253 247 182 108 484 50
19 524 264 446 127 838 31 693 44 700 79 519 133 636 35 359 57 46 162 822 112 102 51 838 174 415 129 210 178 64 181 194 165 721 189 441 278 658 233
2 635 11 627 66
10 276 216 633 298 290 28 325 28 853 246 285 83 747 244 564 13 849 266 232 41
3 479 203 822 267 656 286
20 746 237 718 171 184 6 303 77 471 14 564 38 575 263 178 73 19 103 680 264 713 165 39 111 533 84 248 268 730 189 826 8 621 249 588 128 427 138 331 2
14 425 70 702 22 742 237 405 237 751 181 500 211 609 248 151 23 758 5 85 181 785 164 714 279 364 267 307 68
11 595 47 675 252 222 44 387 2 154 56 55 216 841 292 67 118 522 124 725 271 295 30
20 517 265 430 101 636 288 394 294 531 142 380 146 343 34 554 51 55 39 22 196 522 24 796 41 692 149 652 131 227 228 375 12 589 48 29 200 794 181 269 86
15 492 201 621 82 168 172 763 223 194 61 513 285 253 234 765 92 94 98 816 138 607 163 386 113 835 73 755 66 360 26
3 800 140 751 2 607 209
7 499 192 377 114 783 90 265 292 254 218 689 178 552 79
8 95 75 379 92 305 188 804 19 506 48 610 61 417 36 471 188
2 519 24 324 51
9 361 255 619 31 48 59 367 242 260 191 71 256 747 61 810 249 439 284
10 355 242 143 243 540 52 849 12 820 217 564 157 81 147 523 200 357 123 471 188
8 173 296 336 61 692 274 632 155 591 209 430 244 530 76 526 110
3 716 216 559 203 393 46
16 617 276 740 275 482 126 632 262 198 10 626 8 518 277 599 138 360 275 53 23 397 74 327 98 397 95 599 15 482 89 739 202
11 359 78 37 277 569 175 699 228 790 5 769 20 769 240 687 232 813 183 716 218 332 274
7 785 292 640 106 610 119 610 5 610 150 116 276 116 252
15 417 173 324 11 740 111 703 67 11 0 40 115 327 105 133 74 755 27 15 254 89 292 458 78 187 232 829 95 274 161
8 25 20 698 70 306 186 66 271 130 72 472 223 607 119 423 298
20 289 298 461 88 794 233 829 260 704 37 11 124 173 95 297 119 562 275 170 191 395 93 692 96 393 179 555 30 744 206 799 13 532 27 192 247 50 181 285 12
19 138 299 635 212 63 226 416 296 839 187 101 7 635 254 702 101 571 188 89 157 852 272 32 50 427 282 750 125 647 128 626 33 632 26 853 190 64 185
13 187 22 610 240 846 266 416 272 731 65 379 77 640 214 846 181 64 16 826 41 416 202 506 69 116 122
6 207 120 785 160 64 208 640 12 846 178 831 209
11 285 249 692 189 582 253 324 184 518 112 329 115 345 290 427 70 196 245 245 299 708 93
20 584 2 534 277 730 282 520 153 468 225 777 28 840 273 452 296 309 97 669 140 684 215 420 50 585 50 202 32 58 69 334 212 194 217 713 253 532 245 328 5
18 250 195 826 294 826 76 445 254 826 9 325 27 640 73 305 70 785 146 713 196 412 241 471 112 445 241 627 255 254 245 580 145 207 32 250 243
10 700 263 305 121 426 138 64 283 545 273 424 185 356 38 529 43 411 78 333 122
1 831 19
19 61 163 148 174 769 235 776 39 484 211 851 44 484 22 458 123 6 218 379 246 665 102 854 253 96 189 325 115 831 108 343 204 174 237 135 254 731 11
0
15 395 40 582 23 327 61 640 91 169 171 29 290 665 183 26 118 411 6 581 15 315 264 219 15 360 273 245 133 692 1
7 543 34 744 4 292 295 161 116 785 14 434 288 772 125
18 745 140 6 267 362 190 751 198 11 49 471 99 846 153 687 34 462 197 704 43 561 145 274 179 82 150 412 270 95 52 484 123 274 177 580 289
1 174 27
6 302 210 130 190 54 52 197 95 529 108 179 263
6 688 227 369 47 348 211 840 215 797 145 370 267
12 560 70 617 100 246 150 78 157 125 156 231 236 756 10 439 100 655 90 333 176 404 101 523 9
6 498 20 772 154 763 282 562 182 368 113 763 253
2 809 258 531 134
12 685 37 606 44 590 18 718 103 414 235 478 262 410 100 322 15 624 297 342 293 518 169 407 30
8 703 182 674 51 204 85 412 106 555 38 413 29 593 174 735 138
14 471 214 555 4 250 186 36 74 471 121 445 282 555 258 250 131 207 299 36 43 274 116 412 100 412 152 412 270
5 712 15 277 278 480 218 190 86 360 41
14 808 121 141 253 469 171 829 39 525 260 128 123 148 63 518 160 11 15 851 42 749 58 428 214 9 255 851 287
2 456 29 853 285
4 764 158 830 273 867 212 438 159
20 491 252 472 245 824 252 274 1 495 70 20 218 63 166 662 291 61 232 295 198 267 191 237 227 784 7 449 87 454 60 767 103 138 208 722 122 349 77 119 128
3 378 71 228 67 620 122
12 828 125 627 280 187 212 36 246 655 290 480 51 751 237 128 17 92 221 745 116 362 298 826 36
18 184 50 580 167 530 186 816 195 181 107 418 285 92 20 205 46 71 186 457 51 609 88 640 112 293 293 141 288 599 235 141 274 144 144 566 128
20 334 149 794 187 426 296 184 240 401 142 796 195 178 100 52 119 609 192 693 252 283 5 71 8 446 285 333 30 770 283 785 6 490 131 703 263 362 177 276 112
11 98 1 284 148 68 125 148 246 383 147 640 240 248 181 572 109 217 264 325 196 613 248
11 223 273 332 166 140 204 469 136 328 42 36 11 745 40 396 184 569 5 277 33 325 175
19 520 249 765 143 680 86 137 172 514 121 353 104 823 61 577 207 485 30 833 243 690 186 671 122 401 287 800 178 44 60 381 57 154 138 183 172 233 137
17 457 280 173 256 401 97 703 138 471 231 327 61 452 194 851 245 401 140 402 198 441 178 864 247 60 65 662 292 575 254 459 237 89 246
0
2 113 220 857 5
9 312 61 514 260 208 68 402 144 570 143 172 282 681 241 136 169 818 248
17 653 262 200 183 509 126 462 23 259 282 749 274 208 152 174 88 81 166 582 183 561 16 393 58 784 164 710 136 415 125 40 156 823 238
5 655 108 207 239 398 144 655 74 547 246
13 632 8 240 7 731 1 731 152 713 140 19 138 580 147 458 5 39 166 163 7 95 244 187 212 117 138
20 665 84 116 220 599 158 458 20 646 174 547 14 78 109 309 109 484 154 739 7 804 219 564 62 482 298 428 259 632 66 411 205 490 41 82 241 728 125 712 125
10 161 58 112 258 719 147 544 43 152 51 766 244 866 78 306 172 556 100 653 90
8 796 193 192 76 102 104 512 266 707 258 526 128 333 267 816 141
12 568 142 49 205 107 299 209 212 813 294 728 109 8 292 58 21 86 133 276 175 209 130 577 11
6 11 24 755 253 173 184 790 189 191 251 452 119
15 660 269 671 108 232 92 750 218 814 50 389 240 197 103 323 299 419 297 379 102 848 261 320 38 774 157 681 251 578 213
10 541 199 482 219 250 181 731 87 237 123 849 105 861 289 755 90 679 93 402 98
14 515 64 831 216 526 130 482 10 769 73 750 19 397 135 525 283 484 190 277 262 182 236 493 147 750 241 532 247
12 359 275 243 285 324 149 657 191 117 106 405 128 145 192 133 135 611 95 233 252 277 88 484 37
2 360 227 415 9
3 785 63 116 179 116 192
16 163 111 332 48 412 269 19 102 458 84 125 232 44 190 580 134 82 219 40 146 254 294 40 144 207 73 829 300 482 10 360 57
12 426 176 344 80 683 84 106 161 507 148 128 186 857 5 202 63 817 69 774 66 758 171 15 77
18 736 217 565 188 125 273 566 174 283 103 852 161 436 29 344 224 240 26 133 255 746 247 774 64 858 219 784 2 851 229 834 24 21 211 269 57
12 604 29 510 226 134 178 199 77 851 188 447 261 343 22 170 244 136 209 294 257 731 108 731 297
19 696 170 785 137 208 63 182 103 9 297 224 45 12 180 851 291 510 247 63 283 484 164 743 208 553 294 54 163 632 110 863 2 222 69 21 126 175 83
17 263 131 765 155 750 298 233 69 338 103 392 34 138 248 433 66 223 124 370 77 357 100 460 296 537 175 439 100 314 269 153 60 716 115
12 699 294 327 53 523 6 371 297 755 123 184 112 350 190 61 95 610 59 293 23 838 109 78 36
19 656 102 609 245 253 60 333 265 597 186 460 174 401 68 277 16 116 107 702 211 211 230 295 284 593 120 46 299 621 147 439 140 310 58 173 111 253 264
8 464 84 351 75 36 243 303 153 854 167 83 103 196 212 243 258
5 604 156 127 240 496 129 81 149 191 275
13 420 223 339 201 54 295 640 33 600 250 758 234 264 253 851 227 97 150 144 283 439 173 526 207 246 19
4 451 142 400 163 681 50 566 161
11 668 279 693 94 227 216 255 53 452 13 210 149 616 196 684 74 776 189 652 71 823 205
12 84 231 308 110 366 172 310 246 7 1 289 104 19 220 123 110 724 5 219 64 674 174 238 145
6 623 271 34 296 233 69 556 209 845 71 191 147
19 555 273 814 26 627 86 277 122 78 40 556 56 411 190 718 258 731 172 687 9 400 281 749 90 163 41 755 10 208 270 449 233 703 94 174 22 208 88
19 205 20 227 104 274 63 36 208 412 61 227 9 471 98 826 171 305 290 254 151 445 158 274 226 205 264 305 293 445 5 254 246 471 119 785 255 785 267
13 478 189 407 192 65 99 60 175 504 102 40 153 744 143 588 165 62 97 348 115 514 267 256 196 425 85
1 178 196
5 784 45 537 277 60 295 372 22 174 170
11 462 191 398 150 208 271 749 221 89 268 611 264 64 253 610 65 482 159 89 207 305 139
11 446 156 580 39 416 299 325 60 471 41 328 239 187 200 555 90 416 51 417 285 227 188
17 116 5 190 230 495 260 411 23 627 218 749 295 708 82 379 60 163 259 610 289 555 246 699 269 855 145 82 103 831 104 87 90 789 247
7 253 8 804 106 412 69 632 184 566 26 174 5 776 88
18 800 77 547 237 327 169 64 98 207 255 632 147 772 297 187 298 360 47 398 123 446 133 412 121 89 276 445 165 851 285 283 34 580 230 564 284
16 344 145 141 47 303 262 781 252 667 296 788 226 469 41 175 153 831 15 293 293 329 133 364 295 210 180 826 190 222 65 393 286
14 259 254 322 123 512 131 131 224 276 82 779 60 741 31 851 137 10 43 302 209 608 17 111 185 709 0 850 219
20 226 146 272 204 22 275 183 116 256 277 607 219 854 183 166 115 782 256 165 166 503 209 242 107 782 52 417 56 80 253 375 123 205 300 364 122 533 56 840 92
18 375 269 305 42 250 23 785 191 198 102 447 22 386 16 275 14 40 8 594 239 728 21 834 108 9 207 207 198 490 198 739 192 305 208 852 172
0
3 74 13 756 300 749 40
19 141 213 490 180 145 43 656 152 26 28 609 262 462 106 336 164 854 110 692 245 360 192 469 143 758 85 46 86 813 62 566 94 599 89 207 101 471 125
16 198 265 843 14 571 112 817 272 853 78 152 241 776 243 362 106 632 25 805 25 626 93 813 232 57 109 111 25 329 201 510 222
12 479 178 800 100 259 164 572 282 75 136 789 168 681 208 641 16 388 43 397 23 781 280 111 234
14 720 286 55 242 86 148 864 65 822 107 554 206 101 165 32 238 515 198 736 285 782 191 604 186 17 208 594 251
2 851 140 535 87
15 405 40 181 165 116 295 89 38 809 43 535 125 607 33 190 165 736 76 537 131 254 88 298 151 350 110 154 14 749 16
3 128 247 19 296 154 46
4 750 182 795 180 151 134 127 9
20 818 193 572 57 770 67 834 280 555 276 449 16 21 156 654 14 610 57 589 129 736 250 351 11 92 189 196 185 366 188 194 153 460 164 735 226 617 191 325 67
3 422 47 305 66 269 261
11 678 89 10 273 864 17 566 14 518 198 587 286 21 37 635 13 525 102 125 53 611 173
15 756 134 336 66 652 290 339 114 26 3 589 143 24 150 400 289 631 35 665 65 343 70 839 107 749 93 52 23 40 188
15 87 34 829 265 279 43 78 152 117 174 53 99 484 132 758 114 116 159 493 57 182 51 526 199 712 282 95 92 336 117
9 640 5 283 234 254 41 446 56 274 207 627 262 254 146 227 21 64 154
0
13 227 144 327 24 137 59 11 264 283 143 730 43 339 193 745 143 627 50 52 292 190 215 493 297 379 145
0
20 580 80 805 68 125 82 329 151 511 201 346 58 427 157 564 87 441 158 87 240 43 260 144 59 102 51 293 202 696 141 388 257 82 12 632 80 833 66 235 54
17 834 172 430 113 445 70 832 165 11 122 109 174 224 7 10 221 703 227 703 130 104 222 532 1 618 174 804 71 490 190 386 253 10 35
7 563 118 364 198 731 164 776 52 538 118 814 132 467 223
8 10 183 781 14 758 53 734 80 813 134 817 46 770 218 770 167
6 537 8 113 83 849 131 299 223 456 69 669 265
5 284 77 36 9 598 58 831 195 11 293
16 831 257 749 196 39 80 693 73 530 178 530 297 731 145 370 198 295 0 195 70 800 279 207 94 64 23 328 30 846 231 635 143
13 286 219 596 3 440 219 732 234 224 75 303 66 515 31 252 288 71 191 530 226 404 207 606 281 384 206
20 515 150 341 278 93 128 63 93 755 42 808 187 8 103 515 17 372 53 59 11 87 56 357 129 763 229 43 279 192 193 799 228 736 205 639 112 248 143 145 283
4 233 9 691 77 640 121 655 224
11 448 287 152 157 340 73 63 12 39 270 397 58 402 51 640 282 483 66 774 39 203 179
7 583 52 39 125 866 84 441 173 107 119 44 227 540 29
5 662 258 597 74 728 176 436 280 569 65
1 814 41
1 628 94
8 716 133 260 138 388 108 487 261 410 276 565 293 357 215 836 286
0
12 34 196 427 112 116 185 385 187 495 212 620 121 811 218 674 105 32 209 27 73 739 129 539 90
8 31 67 465 113 319 4 406 258 629 109 60 290 564 181 280 125
6 451 80 116 129 274 83 796 237 125 193 415 70
19 561 186 334 123 337 224 144 204 260 267 446 155 696 73 528 282 60 26 181 214 295 246 448 29 245 35 621 123 393 276 500 260 303 171 755 252 138 219
18 264 63 358 204 744 170 730 261 866 262 436 260 129 279 524 178 179 16 203 254 415 119 64 70 769 168 599 90 290 268 634 95 736 158 581 249
16 814 168 219 144 566 58 461 96 587 210 472 69 678 274 480 0 840 54 283 68 221 139 789 166 740 0 206 80 393 121 179 134
4 754 237 823 198 864 108 36 155
13 362 141 44 87 339 110 751 194 114 72 556 28 814 298 398 262 560 229 785 144 566 227 458 59 277 48
16 752 69 442 156 855 230 466 154 27 101 367 180 839 121 183 112 654 252 420 294 788 83 82 264 61 224 571 9 20 128 452 12
4 709 45 193 242 667 72 422 64
10 390 227 357 68 93 14 796 201 31 101 413 85 494 210 683 220 817 63 75 198
8 89 155 36 32 325 138 610 273 328 229 785 149 632 268 708 49
5 47 66 69 101 331 43 257 41 551 113
7 381 284 515 185 795 198 222 137 613 114 327 13 581 106
3 839 89 547 12 52 31
9 142 71 652 252 617 168 107 26 801 136 10 213 402 29 564 286 560 161
10 750 105 451 281 292 30 95 48 755 93 39 99 184 216 789 77 328 196 350 225
10 78 21 283 219 547 213 566 92 635 180 655 286 205 268 182 239 846 33 731 88
6 489 176 158 111 304 206 771 186 129 157 20 84
3 676 66 288 259 321 194
2 627 271 446 211
1 663 34
6 812 57 363 195 189 1 273 32 844 133 156 51
13 305 164 632 177 665 127 314 73 393 153 277 153 626 37 555 95 6 180 713 16 594 28 814 190 329 217
15 751 278 127 235 205 254 834 210 182 275 452 232 298 290 26 64 358 70 301 109 169 161 863 256 219 287 664 127 6 72
8 569 74 445 50 567 252 284 169 272 260 393 241 203 171 192 70
15 182 171 687 100 11 245 457 61 428 96 372 162 6 28 12 100 295 170 227 20 293 283 632 67 370 15 400 46 699 37
5 412 72 309 293 800 257 851 180 133 299
8 445 251 745 107 458 35 208 195 561 182 163 162 405 132 490 182
5 269 57 53 116 699 155 577 30 825 186
4 522 11 780 10 235 67 588 211
6 608 200 858 181 609 172 21 90 784 18 747 135
15 610 12 446 91 227 170 610 213 207 53 205 165 36 259 36 80 250 9 446 295 831 185 627 93 555 222 64 76 471 138
16 696 37 62 241 419 199 581 256 800 221 380 146 825 142 824 86 199 46 463 292 27 136 608 297 556 247 562 299 465 245 782 161
17 736 277 838 66 248 105 87 152 693 202 52 94 740 185 750 160 704 114 208 20 631 61 755 247 324 116 687 217 449 245 564 138 411 289
19 434 4 348 163 191 206 731 271 144 93 395 235 35 109 37 113 292 150 627 172 706 97 655 46 816 5 720 27 368 152 808 292 49 125 488 277 57 219
19 250 174 339 144 405 196 804 74 254 226 314 75 11 157 52 218 11 210 63 199 484 189 580 46 547 224 370 217 19 71 250 8 734 112 372 124 428 245
5 64 40 36 86 445 131 580 124 580 224
3 123 283 359 33 826 66
4 677 277 669 29 455 69 380 13
4 799 36 340 191 509 87 823 8
17 753 280 136 239 113 83 770 280 395 123 720 284 701 188 402 201 702 51 598 263 764 140 851 252 259 58 611 164 648 281 569 96 710 111
3 708 125 250 255 205 156
5 750 196 504 205 96 211 234 252 567 172
14 627 233 632 83 418 176 190 36 482 56 24 81 296 62 479 77 594 209 776 216 855 106 833 200 46 188 240 153
2 508 257 633 263
15 168 153 858 102 19 11 26 162 866 6 11 137 431 285 702 221 250 56 130 55 322 135 364 53 362 79 148 252 822 93
10 672 187 416 150 708 181 585 300 100 238 151 153 396 178 211 83 374 145 799 55
20 248 100 14 59 299 230 130 38 139 100 272 210 274 282 465 186 674 257 222 237 8 152 701 111 32 104 60 15 653 127 687 185 369 50 582 298 825 96 680 233
20 437 97 211 159 560 48 789 209 44 211 15 93 483 110 49 226 646 25 462 170 380 247 549 45 49 87 515 44 40 61 724 237 60 201 845 40 100 232 293 51
14 23 101 68 166 804 248 817 53 651 132 494 234 410 40 752 11 208 263 190 16 627 175 735 218 185 86 276 267
12 79 164 777 59 256 9 648 17 175 186 585 218 24 246 734 43 41 124 449 214 170 63 672 286
16 329 270 458 128 846 27 190 206 40 10 95 153 187 86 598 255 598 176 814 30 446 89 708 151 207 298 327 189 610 248 655 218
7 30 41 236 268 470 258 373 106 48 56 701 52 734 4
5 231 192 745 188 372 175 380 14 640 208
12 205 37 785 195 708 254 445 48 324 257 250 263 610 39 826 114 627 273 555 13 826 15 187 142
10 139 24 514 32 169 183 518 165 145 202 522 165 445 254 365 60 693 222 507 20
11 476 61 248 59 228 175 476 92 269 138 43 19 865 245 234 133 790 291 404 7 597 75
0
3 370 131 589 134 53 62
13 703 296 292 225 400 134 560 61 829 124 828 49 770 66 82 156 277 276 634 82 362 40 789 232 415 112
2 369 73 565 290
10 864 196 405 206 449 110 417 116 816 168 457 107 687 285 817 269 368 65 781 104
6 117 282 416 157 687 89 412 260 416 211 78 229
8 11 13 12 141 398 81 640 288 834 51 632 0 36 45 332 124
15 466 234 779 96 800 104 184 193 484 61 471 126 349 262 619 65 68 120 545 122 366 8 771 143 74 77 199 244 139 294
16 98 245 807 236 29 281 567 287 9 256 712 270 552 152 554 155 614 108 654 196 290 24 100 161 722 151 102 171 848 185 462 217
0
10 594 102 861 207 159 217 324 232 397 149 404 281 305 29 144 92 89 198 861 71
4 332 260 564 159 739 272 253 194
16 728 157 285 214 375 254 814 154 92 57 458 81 393 36 814 56 631 274 713 91 640 237 135 94 254 241 864 74 530 294 339 142
8 436 274 368 257 678 296 497 154 728 17 138 248 608 137 298 203
10 109 140 862 284 329 154 521 163 831 26 274 71 422 35 558 65 295 64 10 11
4 632 66 327 163 253 196 445 207
5 823 208 740 96 634 138 635 19 328 179
17 411 92 325 16 264 56 770 180 240 110 117 222 329 294 484 91 632 37 174 143 36 20 324 151 770 68 547 188 834 19 182 297 627 65
12 200 70 392 216 138 2 170 248 61 264 396 225 849 196 589 168 14 274 145 143 630 181 336 285
8 817 96 182 187 609 179 444 64 764 126 833 259 648 271 799 207
20 298 85 271 162 455 236 74 230 289 293 409 114 58 235 405 222 848 192 240 234 739 249 89 262 410 205 246 293 409 298 235 28 93 190 662 200 807 56 223 228
0
15 525 143 329 15 397 96 526 243 207 255 135 283 829 246 44 128 329 186 699 194 412 60 846 202 809 116 71 7 740 208
17 845 139 441 261 487 260 842 226 305 230 506 52 830 22 243 157 821 150 174 246 648 162 460 107 513 98 182 20 198 82 442 299 89 262
14 411 274 314 203 309 21 117 174 580 261 314 168 63 141 6 183 250 91 412 1 370 47 285 9 292 275 749 118
6 257 228 402 250 58 264 496 260 857 7 657 56
8 207 237 375 179 626 44 410 68 682 172 498 170 807 228 243 294
6 386 14 155 13 211 288 824 117 181 15 618 211
11 539 35 6 37 604 85 824 237 98 234 198 86 823 77 514 289 334 273 863 198 736 247
5 639 286 798 42 372 290 658 281 274 43
9 645 268 518 192 653 289 851 102 354 98 634 10 341 54 460 174 662 239
9 632 21 740 118 583 274 15 111 294 113 169 45 324 8 772 14 476 8
20 245 201 745 80 452 43 155 215 179 205 206 245 426 226 642 121 750 129 506 110 699 197 243 68 75 173 647 161 351 156 141 114 208 123 74 199 199 221 696 293
20 480 84 657 73 535 237 722 221 240 183 412 269 502 59 127 141 804 262 305 200 805 22 852 194 734 246 814 54 702 77 179 9 811 166 630 43 140 210 795 92
8 284 121 593 149 659 82 735 62 614 10 718 14 117 112 643 93
16 198 135 713 208 370 210 315 36 39 249 445 58 325 126 665 250 693 89 400 277 174 132 315 210 360 137 250 198 356 131 95 204
16 328 218 332 94 731 165 555 67 360 73 92 82 339 138 627 293 687 283 772 188 828 150 610 23 635 51 19 60 92 216 182 156
9 169 10 12 283 481 169 829 14 411 239 81 62 665 8 125 210 394 296
15 187 51 580 152 227 145 250 78 283 292 207 269 564 133 713 262 328 257 36 28 283 81 305 236 627 259 708 23 360 130
19 837 173 245 34 41 98 519 26 617 79 369 78 414 57 55 11 16 265 322 31 379 7 187 168 373 233 348 161 381 293 550 71 551 100 323 297 619 111
6 566 100 482 73 515 97 298 202 734 201 627 79
7 758 276 838 244 328 25 62 167 556 56 731 77 652 220
5 379 54 274 53 655 24 360 23 187 59
19 10 38 674 151 523 247 735 219 214 96 495 79 307 209 425 84 23 188 386 53 614 132 339 72 771 199 485 117 31 101 284 261 20 256 831 13 702 62
18 741 92 580 208 668 25 26 287 440 126 75 131 128 198 178 155 381 217 155 106 556 105 265 68 652 283 162 83 712 278 65 63 766 22 468 165
13 289 175 771 61 274 190 824 37 152 143 64 267 298 222 224 70 332 142 535 133 239 146 648 108 805 26
2 664 54 117 271
19 611 208 446 220 702 115 54 194 405 209 471 102 44 266 728 106 292 228 89 63 128 97 683 103 703 212 556 228 627 189 646 27 828 119 631 77 482 290
13 95 166 37 273 664 7 855 40 9 64 785 120 657 282 411 25 259 145 462 140 484 14 342 103 567 181
15 92 291 16 120 227 17 774 199 129 87 776 162 320 218 419 40 400 79 264 203 426 199 227 201 360 262 217 117 292 56
20 658 84 12 72 556 152 6 2 205 145 861 162 125 1 114 69 12 90 336 226 393 103 846 75 836 166 412 182 750 75 135 258 36 24 114 144 781 18 785 151
19 274 116 116 41 274 87 274 237 116 106 274 205 36 2 116 120 36 30 116 239 36 274 274 226 116 161 36 141 116 42 116 248 116 117 116 91 36 192
3 557 91 860 264 679 244
12 392 195 684 94 275 185 592 163 575 239 618 278 511 176 430 255 585 257 584 129 512 158 811 82
2 519 224 9 102
9 687 285 713 115 687 71 785 182 397 61 640 3 826 212 445 240 92 264
13 745 80 797 119 785 107 703 148 261 202 699 246 560 93 813 184 708 106 458 98 284 195 128 155 248 122
9 247 136 720 111 842 50 61 273 481 282 272 121 268 70 536 273 832 49
7 775 29 102 54 431 187 314 137 17 109 140 241 824 217
7 468 250 737 55 830 193 762 234 267 178 545 242 385 19
13 484 192 829 15 640 270 744 55 314 67 128 183 808 145 451 222 756 65 740 145 776 244 594 240 796 204
3 743 249 498 239 219 160
2 718 209 826 50
19 556 122 40 218 781 185 370 175 393 110 127 115 12 149 834 179 305 284 772 113 704 63 315 60 417 20 683 120 205 43 635 221 730 177 360 167 580 290
5 469 210 746 153 518 186 692 264 336 296
5 332 73 227 216 607 25 751 213 372 85
13 36 255 417 125 506 198 564 285 580 174 831 228 305 110 708 212 19 94 360 207 708 7 89 148 718 86
15 428 25 101 158 607 103 8 185 626 136 12 55 58 201 708 75 580 102 244 36 804 37 491 118 702 14 419 101 556 62
5 459 142 521 84 197 46 290 113 9 4
17 511 299 865 127 240 263 774 261 426 159 360 10 253 10 93 200 182 241 744 279 531 72 866 141 866 134 799 252 747 80 32 93 750 184
20 305 262 555 153 254 94 412 145 227 8 471 195 116 45 445 5 64 167 305 255 718 193 708 46 826 200 831 115 64 118 713 146 555 217 713 133 708 292 826 164
20 54 164 191 280 39 105 240 238 342 183 745 115 449 1 169 202 138 68 738 180 611 125 831 201 525 66 484 76 54 191 15 117 739 179 395 118 525 146 452 158
19 260 89 749 99 482 204 229 105 824 208 306 280 692 80 253 254 361 0 162 21 414 234 215 181 126 235 252 71 524 237 671 141 801 88 534 78 265 83
15 472 13 289 182 687 148 32 208 861 51 817 160 789 120 484 208 566 54 427 7 530 257 427 178 181 224 654 2 559 187
12 547 150 315 63 855 146 834 68 141 129 749 300 535 261 324 291 610 154 248 199 264 97 254 2
17 826 92 785 214 646 62 580 61 198 51 87 166 207 194 839 43 400 284 731 89 397 10 127 168 163 58 231 89 198 284 627 265 329 230
12 840 67 658 257 131 190 127 279 731 139 798 283 490 293 480 202 587 231 305 239 254 191 523 73
20 782 199 60 175 864 269 333 290 350 283 417 194 611 133 296 22 529 95 656 43 608 55 829 238 569 148 828 60 259 80 487 144 518 29 800 146 350 231 449 207
18 167 51 146 207 421 208 313 172 118 190 310 132 199 275 212 134 554 212 862 38 122 14 448 51 151 48 863 178 353 16 793 44 719 102 244 27
12 339 144 598 11 285 261 749 172 566 18 770 3 125 79 515 197 731 2 231 99 240 178 864 296
17 772 75 248 220 182 202 449 190 776 100 52 181 555 235 95 153 293 55 580 9 846 123 324 100 445 240 305 17 293 290 412 9 632 50
6 467 165 715 281 35 28 534 149 741 171 631 188
4 855 275 240 225 808 121 480 37
0
1 57 275
14 414 221 433 266 75 119 496 205 68 11 415 222 627 291 418 115 518 80 774 252 564 200 209 120 87 98 432 134
7 823 277 207 55 305 232 106 86 191 58 128 91 566 257
19 199 132 227 206 486 107 49 269 314 242 124 243 70 53 670 132 33 20 69 63 359 37 820 186 365 112 493 22 796 95 839 177 567 86 407 143 86 217
9 372 13 655 265 411 148 749 9 458 149 776 297 15 201 838 121 52 293
4 6 269 379 279 133 213 250 192
1 523 192
5 223 280 484 85 639 57 388 154 356 169
4 305 155 785 53 555 224 610 134
7 38 227 196 162 555 121 719 3 456 130 647 134 513 243
3 293 74 804 5 89 223
4 12 286 708 150 141 60 182 144
7 211 78 598 63 789 70 321 109 612 251 569 58 604 9
2 826 285 446 23
16 775 88 173 70 211 110 682 15 379 36 127 11 232 29 261 230 87 214 651 233 130 45 733 163 670 285 556 99 687 136 537 130
18 798 256 145 165 334 89 495 49 577 66 692 113 398 50 375 4 561 27 396 295 138 199 92 93 19 80 96 292 482 223 755 57 510 59 40 28
7 324 37 274 192 800 128 804 58 785 261 328 173 207 276
10 249 245 416 50 327 282 321 11 865 59 23 197 629 46 11 266 667 244 634 52
18 95 129 634 221 526 212 800 103 665 121 699 219 19 46 63 59 772 28 397 112 295 181 324 289 449 14 490 236 44 156 804 86 828 54 195 133
13 558 141 641 55 572 209 166 237 484 36 842 255 834 258 444 267 359 197 186 149 619 143 830 213 509 274
16 44 164 745 179 530 213 78 211 740 242 411 115 125 206 828 186 555 155 580 227 703 136 398 183 851 184 39 125 82 63 493 128
1 127 179
10 200 143 400 117 285 134 397 145 834 191 87 199 26 277 583 19 687 100 829 105
5 469 16 341 41 346 45 572 203 595 37
14 469 140 356 118 497 99 696 133 704 230 343 70 808 203 482 126 852 169 170 247 739 108 248 57 594 170 356 50
14 728 33 811 211 813 22 561 39 589 39 419 249 657 156 451 171 40 234 239 36 581 104 53 267 790 252 301 283
10 503 146 214 112 735 260 855 14 667 245 332 62 680 149 487 230 150 282 31 2
12 406 227 762 55 772 70 404 157 128 246 763 164 354 1 323 133 559 143 588 117 465 102 248 210
16 471 100 826 291 89 289 64 70 116 199 305 96 564 123 250 103 627 249 64 251 36 166 360 271 207 288 804 90 116 270 328 89
4 310 77 372 69 814 61 52 280
6 718 202 327 273 36 134 289 282 331 15 458 156
15 579 191 824 42 808 183 836 226 522 261 551 30 170 152 87 156 350 284 840 19 24 261 465 92 178 4 785 99 712 262
20 659 36 196 271 796 131 274 126 292 39 6 23 523 197 133 204 802 142 461 92 510 247 851 37 59 184 374 126 853 182 37 270 208 162 518 261 607 167 195 25
11 254 255 785 20 416 162 846 155 785 31 772 9 254 10 564 171 283 264 398 164 207 256
11 44 211 712 76 195 268 712 91 580 250 458 232 254 192 253 29 580 257 785 115 598 24
12 415 187 190 28 21 17 708 289 264 159 404 213 484 265 852 291 446 152 187 264 96 232 339 13
9 298 191 745 53 822 164 274 1 571 199 472 266 15 117 599 257 219 96
17 789 84 293 101 708 98 814 150 703 221 564 85 397 283 826 160 506 110 12 233 826 127 274 277 89 142 731 149 713 225 133 21 328 176
6 243 60 86 45 591 208 792 142 590 120 247 99
1 367 285
1 848 248
3 857 259 465 132 730 160
10 122 57 287 212 281 300 132 182 104 61 126 282 423 244 77 290 733 20 101 60
0
9 14 169 825 64 182 208 339 98 541 73 163 0 147 234 513 12 696 118
2 599 13 89 73
3 133 201 277 93 609 140
2 571 136 564 235
5 692 3 566 173 27 149 57 215 200 107
5 112 283 131 202 290 177 410 64 385 102
15 429 130 343 58 600 188 26 28 411 135 41 298 604 14 149 176 726 146 704 166 556 83 184 152 216 85 436 171 53 31
