356
12 290 269 248 162 9 181 309 259 285 241 244 76 286 42 243 227 57 97 200 294 123 251 220 242
0
0
0
2 146 232 10 181
3 2 193 239 246 34 259
9 131 170 163 14 72 24 82 144 264 81 262 194 296 22 332 52 276 99
2 103 25 250 177
4 246 171 338 241 97 299 53 181
0
1 151 259
1 344 155
1 313 186
0
0
1 274 97
0
1 55 65
0
1 168 65
0
4 132 263 138 246 311 223 67 177
6 271 63 213 103 260 193 86 2 254 142 54 166
0
0
0
0
2 155 2 26 37
1 174 223
1 136 46
0
2 81 219 127 43
0
2 227 45 175 239
0
0
0
5 194 74 278 261 283 215 350 183 335 40
0
2 322 42 317 72
1 58 189
1 52 254
0
1 166 61
0
0
0
0
3 28 255 134 8 179 36
1 245 152
0
0
2 165 248 186 145
0
0
0
1 199 95
0
1 171 209
1 99 77
0
1 267 204
0
1 195 189
3 219 207 221 10 190 249
1 207 149
0
3 249 122 38 253 334 241
2 121 234 60 280
2 293 232 349 22
0
5 183 112 216 220 16 51 205 231 118 133
0
0
2 133 171 17 103
0
1 79 265
2 41 290 215 46
0
0
1 354 229
3 270 229 107 21 238 34
0
2 144 216 353 155
0
1 108 144
0
1 42 55
0
0
0
0
1 158 36
1 328 170
0
0
2 32 68 202 83
1 298 74
1 263 228
2 141 117 19 215
0
0
1 85 275
1 157 84
4 252 55 64 165 237 258 304 115
0
3 153 154 63 56 24 1
0
0
1 329 142
1 228 235
0
1 162 246
2 242 1 75 25
0
1 4 150
1 80 11
0
0
2 218 123 50 78
1 148 31
1 288 193
1 74 144
2 337 148 3 48
1 256 146
0
0
2 139 134 268 193
0
0
7 65 19 23 207 120 208 346 206 307 116 40 95 20 33
1 339 102
0
2 161 48 277 297
1 177 94
0
0
0
1 327 178
3 340 150 35 290 126 190
0
4 289 31 336 152 109 66 185 35
0
0
1 178 289
0
1 255 145
2 223 102 341 216
2 315 136 92 239
0
0
4 122 282 297 195 303 241 240 283
1 225 284
0
0
2 236 217 209 261
0
0
0
0
0
0
4 282 233 284 189 232 185 198 163
0
0
0
2 159 95 235 253
1 251 293
0
0
0
0
1 117 11
1 51 281
0
0
0
1 191 30
0
0
0
0
1 321 244
0
0
0
0
0
0
0
0
1 30 224
0
1 273 111
0
0
6 356 110 143 77 101 160 78 27 172 96 98 223
1 206 229
1 258 208
3 106 107 91 12 102 34
1 27 269
0
1 96 64
0
0
1 29 275
1 181 17
3 197 61 160 8 89 107
0
0
0
1 203 283
2 77 89 352 300
0
0
2 345 28 292 210
0
1 115 257
3 125 142 100 76 43 105
0
1 31 121
2 312 264 351 294
0
0
0
0
1 94 259
1 280 238
4 169 208 18 31 324 134 112 211
1 95 18
0
3 128 161 12 170 61 135
1 13 174
0
0
2 299 210 71 138
1 224 177
0
4 119 106 269 275 21 256 266 36
0
0
0
1 149 225
1 70 43
0
0
1 295 201
4 348 285 201 103 233 284 320 155
3 140 46 192 123 73 33
0
0
0
0
1 310 218
0
0
3 69 86 84 292 114 277
0
0
1 306 203
1 49 33
0
0
2 272 295 39 107
0
0
1 343 43
0
2 33 287 265 196
1 113 184
4 6 93 314 286 196 19 147 101
0
2 229 227 180 145
1 184 280
0
0
0
3 111 192 37 92 291 127
1 231 195
0
2 355 274 217 97
5 44 51 257 138 301 257 222 50 234 254
1 230 266
2 170 276 62 1
2 281 128 193 144
2 305 110 90 197
1 110 206
2 11 186 308 134
5 22 118 87 233 326 31 226 76 347 188
9 7 147 68 147 156 206 8 283 142 76 152 62 83 181 323 128 173 58
0
3 76 21 48 136 331 111
0
0
0
0
2 189 16 59 278
0
0
1 154 211
3 167 166 253 117 330 50
1 212 153
0
0
0
1 247 73
0
0
5 294 52 145 192 130 196 302 232 137 263
0
1 150 167
0
0
1 36 181
0
1 46 29
0
1 164 105
0
1 241 203
0
0
1 187 129
0
2 104 71 47 245
0
0
1 214 176
1 211 176
1 15 297
0
0
0
0
0
0
0
3 261 141 342 112 116 21
0
0
1 259 141
2 129 56 56 32
2 204 45 188 231
4 88 182 45 197 275 263 176 115
1 105 282
2 208 117 279 104
0
7 325 167 66 117 287 297 93 6 135 256 14 111 333 271
2 25 152 316 56
4 5 160 210 93 300 294 124 128
0
0
0
1 319 120
0
2 182 289 318 78
