98
13 61 42 52 42 95 42 26 42 12 42 87 42 8 42 60 42 52 42 31 42 85 42 98 42 6 42
5 57 42 97 42 98 42 55 42 57 42
1 84 42
15 63 42 93 42 36 42 11 42 28 42 82 42 74 42 93 42 34 42 33 42 71 42 50 42 63 42 5 42 27 42
10 54 42 55 42 58 42 97 42 69 42 97 42 43 42 57 42 38 42 2 42
4 23 42 63 42 54 42 73 42
11 57 42 69 42 8 42 43 42 2 42 68 42 38 42 40 42 43 42 40 42 69 42
9 69 42 25 42 69 42 2 42 57 42 43 42 54 42 2 42 69 42
2 68 42 47 42
4 66 42 36 42 8 42 57 42
8 7 42 54 42 58 42 34 42 69 42 43 42 34 42 58 42
3 41 42 76 42 89 42
5 57 42 2 42 57 42 97 42 30 42
16 49 42 86 42 98 42 96 42 96 42 69 42 96 42 85 42 44 42 55 42 2 42 23 42 89 42 89 42 33 42 36 42
20 25 42 38 42 55 42 50 42 58 42 50 42 2 42 43 42 50 42 58 42 25 42 38 42 2 42 97 42 25 42 57 42 54 42 43 42 40 42 43 42
1 69 42
9 45 42 90 42 79 42 26 42 19 42 87 42 8 42 3 42 60 42
11 64 42 74 42 97 42 27 42 86 42 11 42 16 42 2 42 47 42 13 42 13 42
8 24 42 11 42 77 42 37 42 3 42 42 42 43 42 97 42
16 82 42 69 42 28 42 22 42 68 42 74 42 58 42 68 42 14 42 90 42 94 42 48 42 76 42 36 42 86 42 68 42
10 28 42 2 42 40 42 76 42 97 42 57 42 76 42 28 42 54 42 5 42
5 30 42 16 42 96 42 51 42 57 42
2 73 42 8 42
19 91 42 85 42 51 42 40 42 32 42 74 42 34 42 51 42 62 42 73 42 71 42 56 42 87 42 38 42 82 42 10 42 58 42 32 42 6 42
1 57 42
15 15 42 90 42 87 42 93 42 42 42 36 42 7 42 51 42 58 42 69 42 40 42 98 42 32 42 22 42 89 42
7 15 42 29 42 30 42 14 42 14 42 38 42 76 42
19 40 42 7 42 68 42 50 42 94 42 50 42 25 42 58 42 7 42 50 42 50 42 57 42 73 42 30 42 55 42 89 42 30 42 57 42 30 42
17 15 42 53 42 89 42 44 42 5 42 25 42 62 42 72 42 85 42 72 42 53 42 81 42 7 42 37 42 37 42 16 42 13 42
9 38 42 57 42 40 42 38 42 98 42 38 42 55 42 54 42 54 42
18 33 42 71 42 57 42 2 42 46 42 97 42 23 42 44 42 48 42 11 42 86 42 6 42 89 42 51 42 46 42 79 42 54 42 98 42
16 76 42 14 42 96 42 76 42 21 42 68 42 50 42 5 42 68 42 98 42 77 42 97 42 57 42 2 42 57 42 55 42
5 2 42 15 42 38 42 73 42 43 42
3 60 42 40 42 33 42
11 97 42 68 42 98 42 15 42 98 42 57 42 50 42 38 42 25 42 30 42 68 42
4 42 42 28 42 37 42 7 42
0
11 55 42 98 42 40 42 58 42 69 42 40 42 58 42 58 42 58 42 58 42 98 42
9 31 42 20 42 29 42 71 42 32 42 90 42 93 42 98 42 92 42
19 69 42 57 42 57 42 69 42 58 42 58 42 57 42 57 42 57 42 69 42 57 42 57 42 69 42 57 42 57 42 69 42 58 42 69 42 69 42
14 80 42 86 42 72 42 37 42 68 42 72 42 38 42 87 42 80 42 85 42 73 42 42 42 93 42 79 42
19 94 42 35 42 35 42 54 42 35 42 73 42 30 42 94 42 28 42 57 42 85 42 44 42 15 42 25 42 50 42 73 42 13 42 68 42 34 42
18 57 42 57 42 57 42 40 42 58 42 98 42 38 42 55 42 40 42 38 42 69 42 55 42 38 42 40 42 69 42 98 42 57 42 57 42
12 35 42 37 42 7 42 54 42 55 42 94 42 63 42 13 42 23 42 98 42 23 42 38 42
2 96 42 34 42
10 81 42 5 42 73 42 38 42 91 42 37 42 30 42 32 42 57 42 50 42
2 33 42 30 42
3 97 42 57 42 55 42
16 50 42 23 42 94 42 13 42 23 42 25 42 23 42 30 42 57 42 23 42 69 42 15 42 44 42 34 42 50 42 73 42
17 69 42 97 42 25 42 98 42 55 42 55 42 57 42 97 42 43 42 54 42 43 42 54 42 57 42 98 42 25 42 55 42 57 42
1 68 42
18 75 42 72 42 93 42 53 42 50 42 25 42 70 42 55 42 28 42 71 42 90 42 12 42 72 42 43 42 73 42 77 42 11 42 74 42
8 54 42 69 42 33 42 30 42 49 42 47 42 7 42 7 42
9 57 42 69 42 69 42 57 42 69 42 69 42 43 42 55 42 40 42
5 58 42 98 42 40 42 40 42 69 42
0
2 58 42 58 42
0
2 47 42 60 42
15 35 42 30 42 97 42 40 42 58 42 15 42 5 42 68 42 15 42 38 42 23 42 94 42 54 42 50 42 69 42
17 88 42 59 42 92 42 18 42 83 42 67 42 56 42 69 42 34 42 39 42 14 42 35 42 18 42 84 42 55 42 77 42 68 42
0
2 69 42 13 42
12 14 42 2 42 37 42 77 42 81 42 85 42 27 42 94 42 53 42 5 42 16 42 38 42
15 19 42 4 42 82 42 60 42 74 42 80 42 9 42 89 42 25 42 58 42 19 42 66 42 6 42 94 42 14 42
9 85 42 30 42 60 42 34 42 68 42 93 42 86 42 23 42 43 42
3 39 42 51 42 55 42
9 43 42 40 42 69 42 2 42 38 42 15 42 57 42 98 42 58 42
8 57 42 57 42 57 42 58 42 57 42 58 42 58 42 57 42
15 15 42 55 42 13 42 23 42 43 42 30 42 93 42 80 42 71 42 46 42 82 42 66 42 74 42 46 42 44 42
20 44 42 97 42 6 42 63 42 7 42 58 42 94 42 28 42 8 42 62 42 42 42 72 42 8 42 36 42 49 42 32 42 68 42 5 42 81 42 62 42
19 93 42 73 42 37 42 63 42 76 42 63 42 62 42 5 42 8 42 33 42 5 42 63 42 16 42 7 42 63 42 11 42 34 42 96 42 96 42
15 58 42 68 42 2 42 8 42 68 42 57 42 40 42 97 42 43 42 35 42 57 42 8 42 68 42 50 42 50 42
4 54 42 50 42 93 42 25 42
15 56 42 63 42 7 42 20 42 82 42 50 42 5 42 82 42 69 42 55 42 14 42 42 42 63 42 71 42 80 42
16 98 42 2 42 60 42 23 42 63 42 89 42 5 42 54 42 30 42 30 42 23 42 8 42 8 42 49 42 30 42 57 42
16 62 42 60 42 63 42 63 42 37 42 40 42 94 42 28 42 49 42 89 42 50 42 44 42 30 42 97 42 82 42 55 42
4 22 42 27 42 21 42 96 42
12 21 42 37 42 14 42 13 42 42 42 96 42 21 42 40 42 57 42 98 42 55 42 29 42
18 27 42 63 42 15 42 68 42 69 42 89 42 5 42 54 42 29 42 2 42 96 42 57 42 64 42 8 42 27 42 6 42 97 42 82 42
18 11 42 7 42 69 42 60 42 13 42 40 42 40 42 14 42 21 42 63 42 53 42 5 42 44 42 49 42 89 42 97 42 7 42 73 42
3 53 42 7 42 53 42
13 17 42 3 42 13 42 12 42 89 42 33 42 82 42 94 42 74 42 58 42 81 42 14 42 51 42
16 46 42 9 42 16 42 44 42 36 42 74 42 40 42 4 42 14 42 76 42 54 42 44 42 9 42 35 42 73 42 46 42
1 40 42
17 68 42 8 42 69 42 25 42 57 42 43 42 15 42 35 42 98 42 55 42 33 42 37 42 15 42 69 42 54 42 8 42 37 42
6 60 42 44 42 96 42 73 42 34 42 51 42
5 48 42 10 42 78 42 87 42 85 42
16 50 42 2 42 23 42 60 42 38 42 68 42 54 42 57 42 57 42 57 42 55 42 98 42 73 42 73 42 38 42 97 42
17 3 42 64 42 42 42 62 42 10 42 28 42 15 42 25 42 15 42 22 42 27 42 89 42 96 42 29 42 87 42 64 42 50 42
19 51 42 34 42 58 42 55 42 63 42 5 42 62 42 2 42 35 42 40 42 54 42 37 42 71 42 86 42 62 42 80 42 33 42 57 42 77 42
10 70 42 18 42 41 42 46 42 25 42 71 42 64 42 16 42 38 42 37 42
8 38 42 73 42 54 42 57 42 55 42 63 42 42 42 7 42
4 55 42 25 42 30 42 43 42
10 83 42 65 42 78 42 67 42 6 42 20 42 37 42 65 42 7 42 41 42
9 40 42 40 42 55 42 13 42 47 42 44 42 30 42 40 42 6 42
4 38 42 54 42 58 42 43 42
16 58 42 57 42 58 42 57 42 40 42 58 42 58 42 69 42 57 42 57 42 69 42 58 42 40 42 40 42 57 42 69 42
