308
7 201 12 240 8 167 93 172 70 196 192 84 127 266 107
18 74 106 281 297 225 296 21 36 80 192 293 41 109 119 246 184 33 227 223 171 60 292 144 117 152 188 231 4 224 126 164 91 267 34 176 253
5 70 216 90 282 136 16 96 31 306 47
10 43 139 69 208 6 293 69 290 97 112 159 75 136 2 269 42 50 0 254 213
9 157 237 290 140 122 270 78 109 93 210 300 18 294 28 11 61 151 66
1 115 212
6 176 160 151 31 164 45 119 88 241 153 50 190
6 136 224 13 194 215 150 161 235 278 123 275 102
20 218 257 170 281 26 103 146 32 290 27 115 168 101 22 72 102 221 110 86 112 78 284 149 0 73 201 94 46 178 171 228 6 288 25 154 53 8 87 276 215
11 224 236 202 279 247 63 4 279 202 16 104 53 259 195 93 168 43 265 77 226 21 45
10 289 293 231 157 221 22 268 7 267 21 75 55 61 42 156 222 17 91 76 137
4 106 64 67 68 223 178 226 197
6 199 18 97 293 281 160 30 147 166 269 89 209
14 145 91 181 22 48 222 247 127 26 141 263 225 187 171 79 246 151 53 23 100 135 252 170 192 188 64 136 86
3 257 92 161 72 40 144
3 283 292 124 176 271 92
15 119 164 303 136 60 48 48 167 99 164 88 241 168 16 50 120 241 112 225 204 222 217 254 45 116 154 151 41 241 276
15 99 81 191 202 72 215 225 237 160 3 65 123 220 1 159 140 226 141 230 228 192 26 224 98 218 290 72 259 30 230
19 175 12 88 216 250 228 78 0 297 69 145 140 60 99 295 177 231 196 289 272 145 53 209 110 153 0 33 217 4 196 168 33 266 30 40 133 25 219
17 58 123 86 270 176 30 54 3 128 246 279 224 92 298 214 23 142 24 79 199 190 214 253 153 205 238 16 117 75 258 258 219 27 16
0
7 216 79 263 199 56 60 57 212 89 28 29 142 61 88
9 263 153 11 269 191 209 129 228 113 135 289 273 19 12 268 272 203 268
10 115 156 169 44 198 122 52 88 96 30 90 217 19 31 60 256 293 211 275 115
12 253 19 145 28 100 24 275 34 40 139 66 26 250 191 69 135 154 163 141 237 40 184 245 38
8 199 183 69 188 30 287 141 27 297 258 199 52 170 91 115 10
17 230 64 151 144 81 19 306 67 99 124 115 2 289 241 31 96 21 73 179 46 113 3 247 91 225 157 31 173 72 0 257 201 295 244
12 75 57 308 148 94 287 150 33 232 235 305 188 113 259 182 260 30 71 247 187 105 63 97 98
10 225 45 257 179 21 255 78 123 52 254 148 250 102 132 192 146 95 282 289 24
10 69 270 141 139 170 197 141 74 297 189 297 116 297 59 69 239 170 117 141 25
10 225 139 101 71 269 261 50 13 178 214 90 298 90 150 101 271 269 1 115 108
9 56 143 69 247 261 89 271 92 22 157 113 147 11 271 112 34 185 274
12 13 277 97 153 89 166 116 265 31 153 166 158 141 128 271 262 115 5 26 215 101 83 281 213
0
19 152 226 89 61 198 77 275 168 290 194 220 65 34 47 185 62 189 221 166 118 306 191 102 196 100 160 246 247 100 260 26 99 79 281 73 26 120 125
18 72 167 220 226 165 275 183 93 94 62 295 27 259 142 163 124 97 260 143 224 72 9 178 202 89 163 96 53 47 132 105 97 203 233 151 212
17 190 167 131 247 161 268 230 192 185 126 18 273 303 283 166 257 21 231 140 294 252 220 249 74 220 287 202 77 88 232 15 244 178 182
2 200 72 230 66
15 145 216 83 249 224 155 41 155 275 215 73 216 44 84 165 43 302 253 220 108 168 50 153 90 179 190 160 62 86 236
14 225 250 66 37 6 172 89 295 156 224 168 137 141 143 259 130 97 290 26 87 104 39 266 208 199 182 115 187
15 156 190 31 81 125 130 83 202 101 214 148 49 225 240 169 105 269 221 100 167 31 256 96 96 50 14 33 48 159 206
3 272 217 121 73 131 60
3 225 134 115 111 30 170
16 134 171 228 241 41 296 104 101 115 110 199 297 199 85 78 237 4 135 73 127 83 22 281 49 281 169 129 194 253 126 21 202
13 268 288 230 10 261 284 262 64 191 43 274 261 246 22 265 137 287 294 246 269 92 265 15 139 220 163
6 134 4 225 106 21 266 89 235 281 36 269 86
11 273 58 73 63 86 64 228 17 241 108 95 168 153 12 176 223 29 117 51 226 124 154
5 30 123 179 199 199 224 288 276 70 60
2 53 218 155 162
10 271 37 43 258 271 298 166 154 57 224 69 225 225 217 104 6 199 226 134 0
20 91 50 250 142 44 52 278 65 199 271 225 36 163 32 134 35 73 93 175 135 156 195 278 272 185 246 143 0 263 4 57 230 83 228 254 52 202 5 70 255
8 225 223 97 1 212 244 13 300 199 51 97 284 101 132 66 91
6 213 227 104 247 180 196 156 297 44 41 69 222
4 81 43 113 16 95 242 138 152
5 234 155 220 13 133 65 6 150 18 75
4 193 197 304 21 28 87 188 255
13 26 201 69 181 141 33 66 180 69 240 69 152 212 19 30 89 212 251 30 35 271 196 6 284 69 6
1 99 149
4 260 254 162 213 206 97 73 120
20 21 38 212 141 69 244 83 66 160 114 46 1 141 32 115 209 30 209 21 278 66 31 107 160 6 159 170 151 145 149 160 77 134 20 57 44 52 216 141 57
6 113 229 166 27 148 273 170 231 137 183 10 271
2 44 159 263 144
11 293 16 102 10 137 129 266 221 244 86 281 254 109 230 80 229 65 61 171 92 186 116
3 212 128 99 30 10 297
16 107 1 271 252 97 104 125 177 288 210 166 85 271 270 40 186 136 26 104 14 148 44 156 64 253 69 96 268 191 252 90 96
3 297 211 97 159 271 279
16 35 93 9 178 17 170 41 1 194 61 77 32 200 53 104 145 66 181 236 129 225 243 139 53 152 269 17 3 252 93 289 193
1 253 69
13 297 153 297 144 297 11 297 84 297 265 297 132 297 202 297 275 297 206 297 49 297 26 297 281 297 147
7 154 155 116 87 266 292 176 167 116 228 289 128 169 204
13 149 163 4 193 69 297 266 54 192 24 100 254 60 23 156 97 6 71 302 217 66 86 228 76 88 175
10 192 190 73 271 76 164 133 227 125 20 91 82 68 125 6 101 115 200 115 299
20 275 242 31 84 100 171 291 244 83 6 40 21 105 288 209 159 302 287 115 196 271 217 153 234 141 152 134 195 307 37 30 128 31 68 307 267 43 151 4 223
5 60 292 250 158 40 19 33 154 50 146
7 227 41 26 298 52 71 27 144 79 33 110 267 157 215
11 92 41 107 92 262 32 148 163 191 164 78 232 113 252 220 102 226 275 253 14 125 269
20 73 65 41 205 199 288 97 172 263 195 307 288 99 159 191 134 115 228 220 140 305 98 96 39 60 58 178 112 97 205 291 107 26 56 142 104 225 161 96 48
15 307 249 133 231 253 287 266 61 178 195 33 274 192 278 26 115 141 8 153 26 153 181 148 57 168 185 60 122 69 72
20 41 46 269 177 71 251 78 294 134 177 307 236 242 292 145 207 294 50 141 188 24 140 215 187 101 220 27 17 78 230 137 191 24 228 128 52 153 13 293 27
13 36 189 262 57 33 73 151 83 31 179 217 38 29 229 96 84 85 71 36 222 134 74 280 54 200 72
8 99 217 107 203 4 125 52 187 269 85 306 28 149 209 291 101
5 239 287 63 40 244 268 256 6 51 102
3 89 164 31 28 259 100
12 307 91 183 275 153 279 181 192 120 35 44 191 157 138 199 78 195 4 60 162 144 15 228 52
12 198 33 259 48 83 31 286 102 175 103 102 144 153 92 199 269 21 94 89 96 128 153 58 257
11 69 101 21 101 262 125 100 120 212 76 89 2 101 83 6 159 83 207 91 41 65 135
1 141 139
19 154 71 138 267 291 200 115 211 269 279 262 32 170 35 142 142 262 50 269 237 116 256 241 192 57 240 96 65 271 225 25 22 44 207 89 283 113 61
2 170 298 141 274
18 297 300 30 178 66 189 212 38 6 213 199 274 141 46 6 300 199 286 57 278 166 95 115 239 199 145 104 188 69 9 134 168 136 165 104 3
15 307 139 192 1 30 163 245 130 170 18 145 232 160 278 259 75 105 291 50 289 254 24 89 179 46 52 262 9 262 77
3 259 218 89 213 105 156
15 48 175 225 170 113 217 25 57 137 111 113 162 69 37 168 42 169 1 230 282 169 100 100 73 291 238 13 136 138 105
9 291 91 66 280 195 24 133 32 90 85 170 216 27 57 31 290 203 27
7 25 110 305 124 259 226 89 101 301 223 66 213 297 74
11 31 227 301 208 50 88 160 71 107 177 107 88 43 218 97 62 225 207 159 277 145 89
8 170 132 30 236 69 214 297 150 30 31 30 240 69 109 69 105
7 108 197 112 205 265 50 124 157 267 23 42 50 48 117
9 153 150 254 249 129 171 220 275 13 113 92 185 21 172 107 237 97 249
17 69 121 6 285 46 285 21 202 43 227 160 300 13 93 33 79 178 298 199 221 66 189 178 111 166 197 89 194 302 25 33 125 97 185
5 269 243 297 56 105 228 170 269 269 281
11 288 239 116 97 263 134 78 157 149 29 125 275 96 280 129 56 149 240 250 167 43 179
17 303 162 133 109 166 65 303 98 257 144 13 38 224 36 144 181 288 25 220 103 250 219 308 279 148 96 195 87 249 126 44 28 6 81
1 212 26
13 166 222 97 121 212 235 66 36 30 43 89 102 166 186 66 99 134 79 115 255 136 213 134 56 212 272
7 287 298 307 287 272 165 177 233 163 215 242 156 133 136
3 30 109 254 173 271 89
6 177 42 207 158 261 47 306 170 97 183 274 68
9 79 139 282 155 54 225 153 132 199 157 231 252 277 35 202 216 120 107
2 209 256 101 184
4 150 108 236 236 287 265 242 155
6 221 274 183 231 61 243 265 115 64 26 174 51
6 245 124 191 169 225 150 92 30 149 115 281 151
15 251 253 20 69 210 106 224 184 23 241 229 226 294 249 168 105 262 293 65 6 74 288 211 110 61 156 258 249 278 31
17 141 37 69 182 69 17 141 9 30 174 170 49 297 283 170 159 297 256 141 5 69 234 170 43 30 291 97 184 297 60 30 19 141 280
20 104 240 170 96 43 129 136 116 104 168 141 119 26 152 101 137 43 141 69 17 199 77 50 210 43 270 26 166 134 100 199 29 166 82 170 201 159 188 6 153
14 68 112 134 120 230 46 97 147 210 34 131 167 100 178 33 22 278 260 170 43 115 266 241 88 105 282 250 202
20 299 61 144 258 133 65 31 226 77 270 84 23 128 122 116 14 39 235 107 114 146 199 33 292 308 119 217 26 215 54 220 240 23 40 113 130 60 43 15 128
15 142 293 116 298 71 237 166 168 170 298 200 226 69 140 247 12 104 50 52 44 199 156 136 239 46 273 202 189 43 122
10 306 35 52 79 290 42 217 103 102 53 21 184 278 232 263 35 18 102 291 229
9 284 10 277 196 31 158 79 98 88 78 160 222 246 29 194 12 107 28
0
12 174 265 62 114 249 118 86 47 133 162 295 20 274 292 163 204 115 201 188 211 205 105 145 181
14 178 69 128 98 277 236 57 197 101 209 70 20 228 258 3 232 131 67 291 266 4 253 191 55 99 99 81 159
19 263 158 291 246 253 39 97 52 160 79 30 277 43 20 131 243 52 139 254 264 153 21 96 17 69 27 153 163 96 173 4 138 115 12 225 210 280 4
15 184 283 189 162 50 34 131 22 88 143 76 218 158 154 226 116 62 90 171 266 105 162 191 192 89 64 158 32 268 179
11 303 95 303 230 125 135 57 297 289 65 81 269 24 245 24 99 253 37 50 206 228 216
1 166 241
5 40 223 21 21 178 105 178 260 170 53
19 37 17 252 200 36 95 47 83 297 112 150 207 88 181 252 109 231 86 52 54 254 47 308 220 244 2 268 286 266 193 242 241 176 31 109 208 140 68
11 60 289 105 96 26 76 178 113 52 81 178 71 192 248 192 139 225 5 50 206 105 133
6 204 238 122 235 94 103 2 118 222 190 24 79
20 107 47 100 121 269 232 92 73 138 256 245 68 160 22 245 221 288 185 105 120 4 244 69 276 90 210 138 80 136 102 26 251 250 107 89 271 166 59 46 5
15 141 233 6 30 212 49 297 5 297 266 170 118 297 96 26 97 6 37 199 58 30 128 97 252 6 189 170 174 212 184
8 38 80 188 108 25 70 140 181 124 171 144 237 74 211 77 242
15 166 184 69 231 170 150 30 13 57 159 199 24 271 60 66 48 134 147 57 186 199 241 271 46 115 142 297 299 69 138
2 71 163 257 11
7 52 162 134 230 116 10 52 39 170 70 297 84 31 141
9 299 210 226 47 305 258 47 276 6 185 89 77 51 102 157 207 40 235
14 258 76 295 241 181 207 71 205 163 91 259 138 200 116 117 64 164 132 86 209 93 8 281 169 170 179 228 106
11 297 60 69 80 297 116 69 36 297 193 170 207 69 4 69 228 170 46 170 137 69 242
6 250 189 166 38 100 60 253 29 191 4 297 156
17 259 42 73 249 144 59 43 239 96 273 134 108 220 115 176 141 169 269 68 58 19 37 65 207 104 147 89 220 288 85 151 67 57 45
12 254 129 288 78 83 155 148 134 228 300 89 128 191 57 281 99 291 47 69 289 69 164 138 281
8 115 76 266 156 46 291 148 22 46 197 52 130 115 159 192 48
12 19 262 129 264 48 198 288 247 178 125 58 39 113 47 306 12 245 156 13 295 307 279 69 234
15 15 109 41 263 69 152 127 194 4 216 205 198 262 89 75 208 212 29 87 262 214 188 19 242 275 151 283 123 35 92
14 141 293 26 150 26 162 13 145 160 49 46 239 4 139 297 72 212 15 100 298 212 295 116 294 26 175 31 27
8 159 57 105 276 115 127 26 138 169 245 199 259 148 106 209 1
20 27 140 66 220 195 46 266 122 57 53 92 127 234 8 288 106 258 189 225 269 144 121 39 144 127 129 275 76 81 283 87 245 84 15 154 267 265 182 207 173
19 26 206 96 215 69 157 301 59 125 152 129 213 163 124 89 161 13 294 104 48 301 29 83 144 306 22 178 2 245 42 225 93 96 138 271 0 40 36
8 154 235 105 167 181 279 308 226 30 281 30 203 224 229 246 281
3 192 30 31 79 145 169
19 78 169 90 41 302 246 6 170 148 210 160 152 6 132 178 188 226 119 97 140 104 56 116 218 266 180 138 150 288 119 156 80 4 115 169 18 159 248
2 181 284 197 195
0
1 65 64
3 80 24 76 149 169 133
0
20 199 51 225 216 134 176 297 217 136 193 105 214 43 215 269 161 26 70 104 293 170 20 269 79 199 162 104 106 166 265 269 223 271 172 297 267 269 83 6 113
14 136 222 228 96 33 299 176 46 33 18 44 132 88 118 69 208 151 38 116 148 99 77 101 144 142 42 4 113
1 8 294
19 91 206 178 149 141 31 40 140 259 118 154 294 262 279 40 198 50 133 68 128 160 106 275 290 78 205 154 74 90 186 142 130 245 276 141 193 241 205
1 294 101
19 217 74 51 269 228 117 181 30 96 193 259 176 101 32 266 49 302 175 113 162 209 32 97 104 71 50 51 68 161 140 25 266 252 77 43 56 93 128
5 170 182 89 153 104 108 66 205 97 173
10 32 50 229 270 158 52 271 175 180 79 226 152 151 203 78 233 151 126 297 217
19 90 276 97 255 212 173 199 116 269 86 159 44 104 277 159 86 107 38 178 0 21 215 100 23 212 94 26 70 69 256 13 13 13 271 245 276 43 85
2 281 173 43 152
17 297 140 69 204 69 249 69 232 69 60 69 194 69 62 69 53 297 218 297 222 297 214 297 150 69 33 297 67 297 122 297 255 297 39
4 175 283 199 87 220 299 259 241
11 292 157 237 77 49 67 59 29 219 94 211 187 23 21 146 59 25 231 283 300 170 13
15 113 169 140 224 158 141 138 81 109 292 177 189 276 27 102 76 30 60 234 268 70 70 50 136 125 69 100 181 37 300
17 17 92 253 131 92 185 159 203 74 54 258 71 266 102 221 185 43 119 156 268 139 212 161 259 54 55 178 58 145 110 25 243 221 222
4 228 11 71 281 91 210 26 298
16 148 211 175 145 13 150 254 125 245 208 26 102 26 257 281 226 209 100 65 236 166 290 73 68 169 20 73 207 68 176 302 269
19 163 142 101 215 117 137 165 62 215 123 181 86 57 114 73 244 179 174 253 145 65 290 170 65 133 177 220 268 191 62 138 61 198 185 268 291 263 77
10 271 270 97 24 254 36 199 201 6 169 166 62 297 244 89 138 43 258 90 62
0
13 267 27 277 17 183 149 165 65 168 101 228 219 129 45 258 44 288 28 306 53 141 166 50 18 198 126
6 129 55 40 59 100 199 218 223 220 11 220 99
8 16 218 61 243 29 155 169 280 81 139 189 41 81 31 18 293
4 100 241 189 166 303 275 71 132
14 207 0 79 175 165 259 101 109 209 211 304 83 232 157 224 9 130 292 64 215 164 130 245 261 239 217 47 122
15 191 209 134 80 91 138 301 245 169 33 228 66 281 116 307 106 25 2 291 160 245 80 89 206 99 205 170 293 145 73
10 70 72 228 89 199 297 279 206 170 52 183 204 241 259 289 183 195 44 177 283
19 137 251 142 234 160 284 253 49 47 252 214 172 129 25 11 174 77 235 116 193 157 235 181 92 139 287 266 189 170 118 154 154 81 102 301 19 146 69
11 54 295 94 271 245 88 169 270 116 40 231 208 23 271 307 280 249 274 220 100 86 236
1 65 177
7 250 137 159 215 73 181 105 129 50 136 41 246 41 67
4 13 284 21 174 13 90 297 252
18 21 6 107 282 302 0 168 265 46 48 141 115 259 81 83 27 301 298 134 155 159 224 178 13 6 292 46 209 170 133 83 248 160 266 297 42
12 296 232 215 52 150 253 3 216 79 263 185 240 203 2 245 105 302 129 269 137 116 74 30 172
10 24 132 242 128 92 274 13 128 301 143 224 9 89 45 212 203 249 98 116 65
3 26 237 13 28 307 295
12 270 227 298 278 14 29 213 42 35 120 261 108 193 105 289 230 308 45 244 283 176 136 199 231
18 89 237 225 146 149 7 254 160 202 12 288 182 301 262 269 90 31 100 284 14 52 42 179 104 142 211 169 74 21 173 113 174 273 33 209 38
15 231 273 176 201 50 251 115 260 3 158 200 84 197 277 297 48 178 290 138 21 199 249 209 112 72 187 241 91 247 214
13 69 1 97 24 30 13 141 268 69 225 97 51 170 20 30 215 297 35 115 4 297 292 30 30 141 84
14 280 82 115 254 6 219 170 28 73 79 31 110 115 166 209 131 225 49 43 246 159 86 307 53 149 194 266 161
6 114 108 98 216 140 248 48 116 187 213 169 2
3 43 125 78 251 280 226
13 199 292 148 279 227 124 197 114 222 243 200 216 280 217 151 92 169 91 76 75 199 28 65 194 40 109
10 2 175 203 204 297 14 30 10 41 139 117 62 52 110 273 217 118 41 159 231
13 24 235 79 230 254 171 284 199 69 30 102 100 101 266 217 176 182 190 178 152 269 217 195 29 26 102
16 246 171 8 20 241 256 113 15 68 236 156 57 170 119 144 200 155 191 301 15 153 91 307 290 95 15 120 200 136 82 91 9
16 139 121 87 287 91 134 254 47 105 76 86 235 227 66 69 191 228 52 222 8 94 220 291 179 79 2 165 256 168 4 246 288
2 267 132 83 211
12 105 169 134 222 115 123 280 211 141 121 288 199 168 220 91 266 262 287 199 191 281 217 21 233
2 165 82 92 19
11 95 244 288 139 301 58 99 297 241 41 186 289 250 111 293 278 105 6 116 84 44 95
6 271 68 115 265 97 238 170 169 199 152 271 23
6 123 177 205 249 232 43 276 234 10 99 143 75
7 3 196 305 97 275 279 257 44 253 254 241 209 91 180
15 168 194 192 208 252 4 89 189 44 220 78 234 170 239 97 40 306 55 266 273 34 119 26 281 107 270 19 26 131 35
14 130 262 182 7 83 130 217 126 117 175 152 168 212 1 31 263 122 51 101 248 77 116 85 165 54 94 5 132
9 97 73 65 251 96 61 225 9 90 244 90 102 179 164 291 140 212 62
4 60 270 125 217 133 255 41 297
18 65 10 239 156 306 13 60 297 308 259 205 122 178 137 161 110 146 25 303 262 133 207 303 54 155 253 96 58 303 92 305 210 34 175 289 293
5 131 36 101 248 225 78 43 296 151 138
20 129 4 146 256 288 44 294 120 58 266 13 277 36 156 224 94 65 124 195 90 7 144 21 4 144 175 269 62 75 241 146 164 87 226 224 141 218 245 293 59
5 153 192 143 100 231 70 198 92 164 226
17 86 55 166 103 99 275 180 156 111 8 3 110 259 66 142 238 77 85 131 272 87 181 48 299 83 284 157 4 241 247 271 138 8 61
3 40 269 302 67 21 89
12 134 141 104 137 6 117 30 282 134 194 26 102 97 130 26 169 57 39 6 234 212 284 105 256
4 52 296 159 15 43 289 13 152
10 71 86 78 278 101 10 6 284 73 203 263 281 178 86 266 103 68 201 144 162
5 170 103 254 235 192 25 266 279 250 247
15 132 191 64 298 103 149 96 230 163 136 230 66 260 262 206 292 138 9 191 143 283 28 206 205 30 117 203 121 233 294
5 163 188 241 138 33 123 101 155 90 180
15 286 54 191 90 241 34 170 284 88 203 88 26 148 217 30 263 88 282 33 36 65 284 60 269 33 40 99 185 166 51
13 295 70 250 10 245 4 54 17 58 4 105 229 110 31 128 195 190 214 305 24 294 38 226 75 27 169
19 118 201 21 58 171 109 143 246 20 94 71 61 51 226 95 145 4 155 232 79 211 76 48 107 93 253 282 299 36 185 119 4 110 109 88 248 36 45
12 246 141 218 289 277 258 281 84 209 239 76 38 286 213 294 85 124 143 31 131 252 251 231 165
11 243 100 42 266 55 61 111 132 18 115 275 85 308 225 81 46 92 245 222 20 120 26
8 180 104 279 228 74 215 212 67 54 192 267 240 156 39 142 293
9 255 167 135 120 49 117 142 177 50 280 284 159 152 234 182 289 197 224
14 252 66 60 162 99 274 220 73 278 112 120 110 203 63 191 265 199 92 72 273 47 228 66 44 70 218 190 300
13 109 87 11 29 231 185 30 262 254 96 249 88 151 58 205 93 76 266 43 290 210 63 160 100 87 283
16 22 114 82 200 5 133 194 125 127 112 11 95 302 15 173 200 58 10 281 5 181 9 300 31 80 200 257 27 97 172 19 77
14 116 247 21 150 68 35 154 199 101 137 269 109 153 284 92 49 253 64 50 114 30 228 138 233 125 274 89 212
20 125 80 81 294 141 111 185 102 89 211 245 47 92 2 227 266 259 229 81 262 131 34 281 55 262 197 178 117 18 299 257 35 51 158 202 66 303 171 97 166
20 173 286 236 102 293 28 110 102 260 165 304 158 195 287 230 6 34 300 212 70 274 297 193 93 294 272 258 140 116 247 41 289 256 24 162 289 274 300 301 207
13 47 230 278 57 52 227 13 78 117 74 149 223 52 137 303 110 295 264 166 273 218 198 189 124 93 42
8 31 145 271 70 141 204 166 37 259 254 281 29 69 143 107 105
5 113 22 288 97 95 22 195 178 93 53
6 31 163 90 270 88 44 262 105 145 282 191 70
3 300 283 214 212 225 33
19 92 13 305 228 26 154 257 97 101 213 277 169 170 226 263 85 81 40 137 154 266 175 301 240 91 294 141 172 115 201 50 29 39 293 277 75 156 224
8 115 137 97 153 115 15 60 69 30 273 254 255 148 183 271 84
2 147 38 45 247
18 43 268 269 158 263 232 286 42 96 236 202 91 34 104 175 212 154 187 306 255 43 136 104 59 289 241 83 275 91 79 259 129 166 266 65 22
6 168 93 212 120 225 51 116 168 269 75 269 110
11 297 233 30 253 6 89 269 189 136 54 166 43 269 31 66 279 212 134 141 148 69 267
15 187 38 222 227 72 11 297 282 17 167 125 179 256 52 117 241 177 118 304 234 146 196 176 32 102 283 148 47 259 84
3 197 0 222 189 206 15
17 48 288 68 198 86 152 220 41 176 152 227 158 26 93 30 37 250 203 92 164 78 269 25 270 6 86 66 5 66 90 295 151 305 26
12 120 234 77 76 191 37 271 238 222 264 137 250 134 165 131 254 245 243 43 170 119 138 83 19
3 271 69 134 2 89 136
16 274 222 247 79 304 117 36 90 179 194 26 12 51 163 115 263 284 28 79 7 158 165 210 98 215 216 117 163 29 217 95 79
5 185 88 199 81 178 101 30 50 289 99
18 138 101 52 151 78 63 245 80 141 152 26 43 105 6 83 270 92 35 31 186 266 50 68 71 160 169 52 112 13 35 281 181 253 38 160 255
14 307 34 275 5 199 243 153 23 21 164 280 174 228 167 212 154 269 213 302 69 141 39 153 177 159 69 245 227
9 285 230 248 188 244 121 60 139 260 156 121 236 53 25 55 15 48 203
16 238 103 180 220 84 71 30 129 8 6 86 89 209 127 284 260 245 139 291 139 90 104 142 293 3 109 95 114 66 291 286 57
17 104 40 50 283 166 150 170 199 4 88 225 117 90 83 116 68 90 56 297 22 271 123 13 190 83 177 297 170 13 165 116 36 66 59
10 33 288 13 297 202 147 25 3 124 110 13 24 128 23 26 253 128 199 257 251
15 128 134 124 160 155 157 214 167 34 149 183 46 271 241 225 263 242 259 278 56 202 202 100 7 297 182 200 175 141 265
9 225 223 89 145 97 161 30 71 104 123 134 183 136 237 134 53 66 217
11 171 125 85 14 179 103 180 42 88 110 214 109 33 67 19 233 132 223 41 209 41 136
14 69 187 69 173 141 229 115 76 170 20 69 99 97 193 141 54 97 113 297 182 141 123 97 159 30 27 69 272
18 122 116 88 128 15 114 119 260 47 292 191 194 71 278 249 81 89 182 11 147 198 40 113 279 276 256 221 32 38 107 194 147 41 7 9 211
1 190 133
9 34 200 252 26 291 145 144 217 6 180 13 231 57 40 71 292 97 196
3 301 250 40 187 259 161
12 39 209 164 100 93 70 145 252 168 283 217 72 131 83 77 280 148 203 70 223 153 280 50 172
10 46 253 92 55 129 273 44 149 303 188 33 153 66 284 30 293 259 42 134 167
14 178 244 78 202 4 69 259 246 105 212 154 167 138 99 78 20 228 165 96 253 142 174 133 0 199 149 81 209
14 217 199 266 24 286 256 268 6 306 78 281 28 200 86 68 41 3 133 51 274 277 157 165 101 306 175 308 156
4 134 17 288 236 52 9 66 281
3 269 194 26 212 105 257
15 280 110 189 21 21 247 278 23 52 51 131 211 275 79 181 113 87 133 245 274 51 21 297 224 145 186 220 85 241 298
2 279 31 77 169
17 179 208 52 81 92 168 281 113 6 230 44 253 179 113 34 71 31 67 125 224 252 158 40 99 168 168 166 288 212 182 50 240 226 16
18 233 85 267 222 14 137 45 55 163 23 120 170 34 283 45 90 124 56 208 146 228 49 233 228 220 130 23 253 27 261 148 1 140 97 253 66
0
11 110 178 44 238 190 150 266 71 77 74 286 213 176 29 117 147 117 300 297 13 275 102
4 33 280 43 290 116 210 26 204
9 160 83 30 155 26 174 153 179 115 21 101 3 166 86 169 115 271 239
14 247 256 231 68 145 287 230 117 137 297 3 154 295 173 160 252 266 6 273 205 280 7 286 84 230 16 226 250
2 245 16 281 258
5 12 15 126 205 235 159 264 158 195 90
7 179 181 6 196 128 225 288 164 284 34 164 96 89 151
1 96 282
8 259 84 144 133 116 209 46 279 297 137 163 169 148 117 83 208
5 222 257 68 161 95 202 222 288 223 102
0
13 186 82 50 224 182 259 76 192 275 128 64 110 17 12 244 298 282 37 210 183 153 144 189 136 248 38
5 117 220 110 184 27 77 92 15 306 120
12 7 149 38 240 296 211 245 66 168 77 97 54 203 38 121 136 155 264 85 198 43 264 274 154
6 33 15 259 111 178 252 43 272 115 42 100 107
2 90 88 89 209
17 263 190 254 140 30 71 133 178 262 259 60 5 202 173 190 108 6 171 96 6 44 222 115 11 231 14 175 252 262 60 169 262 228 37
15 208 42 119 209 244 106 226 20 291 188 104 7 290 254 113 268 152 188 35 228 209 48 72 151 25 292 55 80 18 60
12 113 229 115 194 151 105 86 86 176 295 65 236 71 223 209 174 69 242 104 267 97 21 83 223
8 78 19 92 82 301 98 131 56 115 187 66 156 254 187 89 8
2 254 142 153 109
1 57 233
