134
4 26 279 86 221 82 300 64 33
2 80 295 47 109
3 103 216 49 296 114 216
3 113 158 87 238 33 108
2 21 118 29 95
2 91 42 112 12
1 51 281
2 46 243 51 232
1 96 142
1 3 158
0
2 73 57 17 230
2 114 181 100 126
1 24 190
1 18 173
1 102 48
3 100 120 101 18 29 165
3 47 239 17 147 101 183
3 128 83 106 124 14 100
3 90 56 108 45 75 112
3 31 79 113 280 131 116
0
2 12 11 122 29
3 83 288 72 108 121 267
2 78 249 76 154
4 126 166 32 37 89 282 125 253
1 128 140
3 42 41 5 299 77 273
2 131 274 100 122
1 18 33
3 16 273 29 143 48 166
1 60 103
2 96 102 83 216
3 56 30 121 51 131 243
1 56 177
4 105 62 38 269 84 100 115 283
2 52 11 93 267
3 74 149 30 147 69 133
3 102 99 108 210 98 237
3 104 202 22 113 41 212
1 83 257
2 41 188 106 192
3 11 27 73 174 72 85
1 133 79
2 31 184 101 157
3 102 188 85 74 14 14
2 73 64 16 43
3 83 179 96 255 131 50
3 20 34 117 155 65 131
1 14 127
1 66 2
1 68 122
2 120 171 59 82
0
2 123 59 130 147
2 106 99 14 67
1 98 263
1 95 83
0
1 10 243
1 8 63
2 85 34 106 27
2 40 123 61 154
1 93 234
1 72 200
2 112 26 39 96
2 22 286 11 150
1 29 132
0
1 73 87
3 56 280 20 218 56 32
0
3 72 68 83 226 65 246
1 127 289
3 87 82 115 47 16 24
4 4 256 43 122 19 106 72 227
3 6 173 33 17 87 122
2 58 126 101 161
3 39 59 29 32 18 152
2 107 87 70 97
2 129 196 15 99
4 36 54 13 201 92 168 53 169
0
0
3 98 257 108 90 133 82
1 99 24
2 98 97 128 105
2 97 252 47 148
5 55 293 109 233 25 165 46 291 88 151
1 57 200
3 121 165 98 274 80 157
3 71 267 94 172 45 47
0
1 17 298
1 106 17
2 72 157 65 45
1 65 88
1 106 276
1 132 237
3 102 60 101 61 83 139
3 96 117 97 188 121 66
3 128 154 97 286 96 178
3 23 228 50 197 107 245
2 67 235 107 31
3 81 111 119 140 34 191
3 65 241 65 262 72 174
2 133 110 87 6
1 19 113
1 111 7
1 2 69
2 62 150 75 206
0
0
2 87 264 35 63
2 14 43 70 244
2 28 197 27 115
3 85 300 134 168 133 126
3 7 78 37 6 44 288
3 9 140 11 67 100 38
3 110 40 96 101 67 135
3 131 298 73 118 72 247
1 16 107
1 100 145
2 119 260 53 5
1 79 141
5 116 23 63 64 124 248 118 96 54 61
0
2 97 233 96 85
3 95 105 72 142 90 12
2 106 139 44 32
2 96 16 72 205
2 134 255 48 254
1 131 202
1 29 287
