624
3 329 121 159 171 186 88
4 36 82 521 34 241 256 165 103
0
0
0
1 175 42
2 539 188 234 264
1 578 296
0
0
0
2 347 90 357 214
5 387 127 31 252 144 68 157 44 248 190
0
2 606 207 232 117
1 136 114
6 555 1 174 235 525 141 414 113 481 250 340 54
3 325 68 93 251 399 116
1 178 150
1 538 73
0
0
0
0
0
0
0
0
0
0
1 150 49
1 193 99
0
2 120 105 66 40
0
0
0
2 176 120 95 127
0
0
3 544 274 511 86 624 80
0
0
0
0
0
2 374 293 68 295
3 167 9 132 103 446 270
1 24 75
0
2 621 22 28 107
0
3 203 204 370 267 55 152
1 504 159
1 263 113
1 37 23
0
2 465 98 460 133
0
5 423 75 108 284 552 191 609 79 272 147
3 278 38 565 290 114 190
5 612 87 89 18 364 247 617 25 142 296
0
2 385 88 593 43
0
0
0
0
1 425 135
2 363 98 355 125
2 279 290 436 136
0
0
1 39 199
3 346 278 339 126 200 85
3 48 238 463 77 398 199
1 362 35
0
0
0
4 596 117 62 289 51 278 413 183
1 4 269
0
0
0
0
0
1 180 39
2 345 110 171 132
1 448 262
0
2 97 222 79 258
0
4 297 259 487 129 129 188 403 150
0
3 531 45 342 244 561 193
0
2 49 20 605 21
0
1 508 146
0
1 83 38
0
1 518 162
0
1 27 136
1 572 291
2 458 117 78 19
0
5 375 120 189 42 277 282 182 297 408 187
0
0
1 590 31
0
2 449 120 461 122
0
5 607 78 16 166 222 286 456 134 260 236
1 569 300
1 418 99
1 164 19
0
0
0
1 412 50
0
1 553 159
0
0
2 391 252 63 213
2 223 264 2 101
0
1 57 101
1 534 102
5 141 131 597 260 210 126 123 126 111 18
4 228 286 18 92 335 71 50 162
0
3 488 244 382 6 444 96
0
1 25 264
1 19 23
1 496 147
0
0
1 332 50
0
0
0
1 72 42
1 619 291
0
7 379 32 546 196 170 171 568 167 266 277 512 249 613 39
0
0
0
0
3 622 123 316 148 236 203
1 191 223
0
3 76 111 509 279 480 192
1 137 203
0
0
0
0
0
0
3 410 204 138 194 469 208
1 442 21
0
2 202 0 26 169
1 321 46
3 292 295 396 277 155 0
0
3 294 10 610 111 101 12
0
0
0
2 177 46 188 221
0
0
0
0
0
2 376 295 543 269
0
4 64 183 255 88 256 140 482 187
1 380 81
0
1 113 114
0
0
1 524 256
0
0
1 492 162
0
1 125 227
4 392 17 475 117 310 278 162 55
0
0
1 338 262
0
0
3 40 111 368 170 406 3
0
2 495 89 285 264
1 199 71
1 440 134
2 333 177 262 232
1 337 273
0
0
0
0
0
1 505 50
0
1 84 50
0
0
4 32 299 149 108 304 152 441 51
1 341 182
0
0
0
2 54 1 73 28
1 330 139
2 221 47 242 278
3 326 26 591 149 22 51
3 575 32 542 87 59 243
0
2 65 228 515 159
0
0
0
0
2 53 42 305 67
3 486 124 352 128 264 106
0
0
0
1 9 230
0
0
1 576 221
0
2 116 10 44 123
1 284 53
0
1 517 93
1 35 175
0
2 274 215 343 31
3 8 262 494 243 431 275
1 428 43
2 112 69 298 199
4 500 66 319 143 506 246 404 31
0
0
0
5 151 300 351 178 327 91 271 215 528 33
2 477 182 128 134
0
0
3 450 212 196 284 620 1
3 296 250 336 56 306 126
1 420 96
0
1 282 222
3 474 245 356 204 143 34
2 358 25 390 286
1 100 237
0
2 323 77 586 196
0
0
0
1 416 138
1 46 180
6 308 259 490 122 115 222 168 39 185 87 145 22
0
0
0
0
0
0
0
1 312 251
1 533 269
1 499 247
1 309 209
1 43 257
5 485 294 541 292 301 109 87 51 365 39
1 20 261
1 383 283
0
0
0
0
2 445 107 288 17
0
1 158 201
0
0
0
0
1 455 197
3 371 171 443 101 71 58
0
0
2 220 276 269 273
0
0
0
0
0
0
0
1 328 168
0
0
2 566 218 153 227
1 21 5
0
2 109 11 233 222
0
2 169 46 42 153
1 513 192
8 60 236 589 78 134 58 81 160 293 118 384 36 457 220 94 250
0
2 30 29 493 175
1 567 194
2 131 134 507 23
0
0
0
3 237 12 407 8 291 54
0
0
0
0
0
0
0
4 75 164 530 56 421 167 276 180
2 275 38 181 200
0
2 121 257 103 198
0
1 173 257
0
2 106 154 190 272
0
0
0
2 459 280 205 27
1 540 221
1 198 210
2 378 214 491 197
3 302 165 545 248 15 100
2 52 151 91 114
2 550 170 201 216
2 397 74 547 60
0
0
3 479 96 430 97 289 189
0
1 361 230
1 527 274
0
3 536 52 573 111 290 104
3 251 162 331 18 381 210
1 195 46
1 532 285
1 58 12
0
0
0
6 554 66 96 179 453 159 17 156 117 147 432 238
0
0
0
1 618 43
4 69 51 581 237 240 267 267 234
1 551 182
0
2 281 296 599 68
0
2 299 38 99 52
2 122 189 514 129
0
1 194 296
1 417 286
0
3 559 193 467 28 615 292
0
1 3 201
1 307 225
0
0
0
0
1 10 226
0
0
0
1 348 270
0
3 88 151 47 247 526 121
3 204 227 415 295 468 75
0
0
1 592 233
0
2 411 242 516 146
0
0
1 611 12
1 235 26
0
0
3 437 212 313 298 118 253
10 261 4 558 54 523 68 580 90 300 18 366 236 608 147 557 196 45 89 231 22
1 283 147
2 252 118 452 96
2 105 115 197 105
1 124 28
0
1 556 208
0
0
0
4 107 207 110 116 286 266 287 26
2 427 48 426 45
0
0
2 570 279 14 260
1 104 61
0
0
1 353 248
0
0
0
1 133 232
4 280 69 98 279 401 278 67 137
0
1 6 56
1 451 122
1 268 201
0
0
2 102 269 594 42
0
1 377 63
0
2 433 32 86 135
2 270 218 360 194
1 239 203
0
0
0
2 238 147 119 29
1 249 103
0
1 154 282
0
0
1 217 147
2 389 32 400 96
2 74 152 295 64
0
1 386 66
2 359 174 393 237
1 147 35
3 5 266 478 51 213 124
0
0
3 344 77 135 146 537 39
0
1 207 29
0
1 245 144
1 139 282
3 476 47 588 136 522 299
2 253 283 224 256
0
0
0
0
0
0
0
1 179 37
1 127 133
0
0
0
0
3 243 193 585 164 498 180
1 29 79
1 424 142
0
2 623 18 317 156
0
0
1 587 113
0
6 571 138 61 152 140 244 311 248 603 230 600 76
1 535 143
0
0
0
0
0
0
0
1 259 294
1 192 128
2 126 31 82 85
1 582 228
0
3 230 82 334 132 435 287
0
1 156 212
1 214 140
2 152 81 219 5
0
2 148 223 595 152
2 598 257 11 282
0
0
1 320 69
0
0
3 470 228 172 268 227 36
2 584 169 183 4
0
2 422 174 484 250
0
5 549 166 225 63 577 76 405 228 349 282
3 187 28 244 288 367 229
0
3 229 289 471 153 564 288
6 146 111 215 13 369 285 519 108 579 206 303 296
3 409 296 438 237 466 118
0
4 510 245 77 104 434 194 166 136
4 273 3 258 83 247 95 574 158
1 250 6
1 246 90
2 209 128 372 271
0
3 265 59 601 92 439 116
3 12 98 614 248 394 224
0
0
5 226 54 7 183 483 213 503 210 501 84
1 462 204
0
1 447 66
4 429 94 583 53 373 236 563 144
1 454 188
0
1 388 259
0
0
1 520 78
0
1 604 144
0
0
1 497 252
0
2 489 182 33 266
0
0
1 616 60
0
3 257 7 208 191 502 213
0
0
1 395 5
1 324 226
1 38 0
0
0
0
3 548 149 350 298 560 274
0
1 85 30
1 23 138
1 318 204
1 218 50
0
5 13 34 254 110 70 103 211 224 163 53
1 562 218
0
0
0
5 41 183 322 248 130 96 472 233 314 71
3 419 114 92 70 90 187
0
0
0
3 529 262 354 235 212 38
2 602 248 473 23
3 216 82 80 109 464 257
0
1 184 75
0
3 206 213 34 162 161 172
0
1 160 244
0
1 56 36
0
0
0
1 315 159
0
1 402 252
0
0
