537
10 218 240 377 240 46 240 171 240 253 240 48 240 333 240 319 240 534 240 182 240
1 184 240
2 56 240 305 240
3 414 240 334 240 306 240
1 231 240
2 484 240 150 240
2 83 240 57 240
3 283 240 74 240 94 240
1 114 240
1 153 240
2 69 240 419 240
3 345 240 56 240 178 240
1 365 240
2 444 240 63 240
3 178 240 79 240 75 240
2 91 240 153 240
2 391 240 327 240
3 423 240 534 240 466 240
2 306 240 120 240
0
1 192 240
3 14 240 337 240 199 240
1 304 240
1 296 240
3 242 240 288 240 272 240
3 193 240 128 240 231 240
0
1 486 240
3 11 240 275 240 426 240
2 392 240 271 240
1 313 240
0
4 437 240 343 240 212 240 161 240
1 358 240
5 441 240 13 240 507 240 281 240 90 240
0
1 246 240
2 303 240 133 240
2 280 240 363 240
3 328 240 189 240 370 240
1 162 240
1 485 240
0
2 369 240 309 240
1 214 240
6 267 240 249 240 434 240 202 240 297 240 519 240
3 279 240 488 240 470 240
6 186 240 496 240 475 240 210 240 455 240 500 240
2 222 240 287 240
0
2 29 240 6 240
3 349 240 299 240 151 240
1 446 240
4 450 240 65 240 233 240 61 240
3 359 240 177 240 416 240
2 79 240 55 240
1 334 240
1 280 240
1 157 240
4 460 240 264 240 482 240 38 240
1 479 240
1 232 240
1 87 240
0
0
3 382 240 391 240 532 240
2 148 240 215 240
0
2 479 240 247 240
3 312 240 510 240 329 240
3 522 240 104 240 382 240
1 340 240
1 122 240
3 521 240 182 240 110 240
2 241 240 466 240
0
2 306 240 225 240
1 323 240
2 334 240 350 240
1 280 240
3 338 240 257 240 363 240
1 474 240
2 213 240 41 240
2 22 240 308 240
3 211 240 503 240 80 240
1 530 240
2 43 240 231 240
2 498 240 10 240
2 325 240 280 240
2 341 240 526 240
0
3 156 240 10 240 509 240
3 9 240 42 240 219 240
3 256 240 454 240 4 240
3 508 240 391 240 508 240
0
1 149 240
3 190 240 99 240 138 240
0
2 107 240 319 240
3 374 240 8 240 163 240
2 400 240 145 240
1 282 240
0
3 520 240 23 240 379 240
3 273 240 170 240 504 240
3 506 240 388 240 329 240
1 529 240
3 245 240 290 240 178 240
1 142 240
2 195 240 327 240
0
1 326 240
1 307 240
2 54 240 197 240
1 10 240
1 225 240
5 85 240 35 240 424 240 49 240 472 240
1 184 240
0
3 146 240 514 240 225 240
0
1 149 240
1 465 240
3 16 240 263 240 483 240
3 95 240 516 240 460 240
1 170 240
3 414 240 183 240 304 240
2 465 240 350 240
1 144 240
3 67 240 120 240 415 240
3 352 240 61 240 342 240
0
1 414 240
3 131 240 72 240 425 240
2 168 240 90 240
3 397 240 3 240 501 240
1 356 240
3 71 240 228 240 515 240
2 468 240 235 240
5 164 240 198 240 78 240 447 240 156 240
2 402 240 61 240
2 404 240 10 240
1 226 240
1 56 240
2 509 240 24 240
0
1 371 240
3 124 240 400 240 273 240
1 342 240
0
3 420 240 451 240 92 240
2 356 240 232 240
2 53 240 448 240
3 330 240 239 240 239 240
1 239 240
1 36 240
2 134 240 199 240
3 521 240 180 240 80 240
3 408 240 415 240 199 240
1 360 240
1 232 240
1 129 240
0
3 417 240 331 240 459 240
5 366 240 302 240 421 240 298 240 184 240
2 250 240 447 240
3 177 240 232 240 306 240
1 304 240
1 324 240
5 227 240 536 240 2 240 270 240 332 240
1 481 240
2 167 240 289 240
5 353 240 292 240 194 240 490 240 314 240
3 477 240 220 240 180 240
3 56 240 363 240 168 240
3 350 240 341 240 214 240
1 258 240
2 295 240 4 240
1 258 240
1 489 240
1 403 240
1 280 240
0
3 527 240 299 240 112 240
8 364 240 442 240 70 240 346 240 512 240 111 240 339 240 409 240
3 523 240 457 240 262 240
3 79 240 394 240 492 240
3 126 240 321 240 476 240
6 336 240 259 240 380 240 456 240 64 240 15 240
3 56 240 57 240 310 240
1 334 240
1 520 240
1 109 240
0
1 481 240
1 178 240
3 60 240 406 240 185 240
2 232 240 416 240
2 407 240 177 240
2 200 240 181 240
0
3 375 240 97 240 268 240
1 383 240
1 57 240
3 525 240 379 240 213 240
2 7 240 324 240
3 347 240 513 240 495 240
2 438 240 522 240
2 486 240 326 240
2 245 240 405 240
1 262 240
1 438 240
1 334 240
3 232 240 178 240 57 240
3 52 240 265 240 215 240
3 221 240 382 240 204 240
6 98 240 174 240 445 240 317 240 274 240 214 240
2 516 240 304 240
1 345 240
1 91 240
3 483 240 204 240 488 240
1 394 240
1 119 240
3 341 240 520 240 258 240
2 341 240 177 240
3 201 240 47 240 117 240
3 178 240 226 240 280 240
2 192 240 4 240
3 413 240 115 240 458 240
2 528 240 3 240
3 356 240 356 240 178 240
1 381 240
3 185 240 410 240 425 240
3 311 240 273 240 382 240
3 480 240 12 240 5 240
2 522 240 228 240
1 220 240
2 481 240 526 240
3 147 240 225 240 412 240
3 196 240 522 240 313 240
0
2 473 240 268 240
3 232 240 90 240 228 240
3 351 240 38 240 45 240
2 494 240 457 240
1 178 240
1 492 240
4 464 240 224 240 504 240 428 240
1 494 240
0
3 105 240 58 240 305 240
5 33 240 101 240 106 240 320 240 431 240
3 459 240 56 240 24 240
2 88 240 263 240
0
2 183 240 357 240
0
3 103 240 108 240 416 240
1 318 240
3 310 240 516 240 228 240
3 75 240 379 240 52 240
3 232 240 296 240 23 240
2 372 240 436 240
2 412 240 206 240
3 291 240 254 240 240 240
4 141 240 262 240 386 240 354 240
2 104 240 280 240
1 449 240
2 457 240 73 240
2 57 240 327 240
0
2 533 240 341 240
2 309 240 397 240
2 429 240 379 240
3 160 240 44 240 508 240
3 257 240 306 240 412 240
1 119 240
2 6 240 323 240
2 79 240 45 240
1 471 240
2 345 240 486 240
2 30 240 294 240
2 282 240 145 240
1 448 240
3 355 240 411 240 221 240
3 492 240 393 240 123 240
3 228 240 127 240 300 240
2 359 240 520 240
3 31 240 350 240 355 240
1 62 240
2 470 240 278 240
2 493 240 183 240
1 102 240
0
1 232 240
3 357 240 7 240 57 240
1 361 240
2 479 240 257 240
2 338 240 334 240
1 20 240
1 452 240
3 501 240 330 240 5 240
2 57 240 416 240
2 55 240 334 240
0
3 75 240 241 240 334 240
1 10 240
2 4 240 214 240
2 168 240 258 240
3 258 240 178 240 350 240
2 45 240 534 240
2 356 240 258 240
3 137 240 240 240 67 240
4 86 240 208 240 272 240 77 240
1 206 240
2 110 240 178 240
1 309 240
2 150 240 176 240
3 286 240 37 240 397 240
1 418 240
1 505 240
1 443 240
2 188 240 404 240
1 287 240
1 41 240
2 91 240 416 240
5 435 240 367 240 284 240 251 240 175 240
0
1 494 240
2 232 240 341 240
2 252 240 162 240
5 427 240 93 240 166 240 396 240 39 240
2 232 240 356 240
3 389 240 209 240 440 240
4 158 240 285 240 290 240 180 240
3 63 240 63 240 176 240
1 528 240
3 177 240 278 240 28 240
2 256 240 522 240
1 334 240
1 397 240
4 118 240 315 240 173 240 368 240
0
3 473 240 310 240 516 240
3 492 240 116 240 482 240
2 248 240 327 240
1 354 240
2 68 240 159 240
0
3 125 240 378 240 344 240
2 112 240 277 240
3 497 240 25 240 248 240
2 327 240 130 240
1 18 240
0
0
2 144 240 394 240
3 10 240 416 240 526 240
1 334 240
3 316 240 313 240 300 240
3 422 240 3 240 177 240
0
5 154 240 59 240 207 240 454 240 191 240
3 313 240 465 240 414 240
2 132 240 127 240
3 290 240 528 240 486 240
1 465 240
1 360 240
4 34 240 236 240 237 240 244 240
3 257 240 183 240 304 240
1 76 240
1 160 240
2 384 240 322 240
2 485 240 58 240
1 311 240
8 385 240 518 240 255 240 187 240 399 240 17 240 372 240 225 240
0
2 192 240 10 240
2 511 240 526 240
0
1 258 240
3 345 240 133 240 133 240
2 81 240 403 240
1 21 240
1 521 240
3 467 240 126 240 112 240
3 196 240 231 240 345 240
1 470 240
1 335 240
1 120 240
1 130 240
1 274 240
2 90 240 19 240
1 131 240
1 463 240
1 191 240
1 371 240
1 388 240
0
0
3 532 240 310 240 184 240
3 124 240 495 240 119 240
1 365 240
1 341 240
2 326 240 457 240
0
2 130 240 316 240
3 244 240 327 240 520 240
2 119 240 342 240
2 122 240 381 240
2 162 240 526 240
3 499 240 217 240 145 240
1 334 240
2 3 240 342 240
2 311 240 214 240
3 276 240 446 240 45 240
3 261 240 473 240 27 240
1 140 240
3 359 240 195 240 18 240
2 57 240 298 240
0
0
1 51 240
2 27 240 247 240
3 524 240 433 240 515 240
5 491 240 216 240 439 240 32 240 269 240
3 356 240 178 240 438 240
1 271 240
2 393 240 219 240
3 155 240 23 240 517 240
3 27 240 422 240 28 240
1 390 240
2 203 240 226 240
2 135 240 102 240
1 235 240
2 84 240 79 240
2 465 240 412 240
4 387 240 266 240 72 240 306 240
0
2 258 240 478 240
3 96 240 469 240 234 240
3 67 240 229 240 205 240
2 243 240 102 240
3 272 240 29 240 160 240
3 293 240 291 240 179 240
1 362 240
1 532 240
0
2 192 240 430 240
3 288 240 502 240 531 240
2 61 240 358 240
3 432 240 127 240 430 240
2 481 240 226 240
2 406 240 462 240
0
3 407 240 520 240 400 240
3 440 240 104 240 231 240
2 354 240 391 240
3 303 240 446 240 177 240
1 28 240
1 19 240
2 407 240 231 240
3 230 240 100 240 82 240
2 412 240 313 240
0
2 272 240 485 240
3 175 240 310 240 75 240
2 453 240 172 240
3 508 240 341 240 147 240
0
2 350 240 196 240
1 199 240
1 466 240
3 165 240 535 240 301 240
3 348 240 338 240 256 240
1 462 240
3 120 240 528 240 282 240
0
3 349 240 280 240 242 240
0
0
0
2 517 240 423 240
1 205 240
0
0
2 529 240 300 240
1 77 240
2 398 240 395 240
3 223 240 113 240 461 240
0
2 139 240 525 240
0
1 241 240
3 376 240 393 240 178 240
1 479 240
2 66 240 68 240
0
1 240 240
3 412 240 71 240 36 240
2 104 240 463 240
2 340 240 436 240
4 26 240 143 240 260 240 356 240
2 478 240 196 240
1 157 240
1 19 240
1 209 240
2 50 240 145 240
2 151 240 313 240
2 40 240 121 240
1 498 240
2 214 240 306 240
4 43 240 142 240 463 240 401 240
0
1 486 240
1 136 240
4 474 240 238 240 254 240 533 240
3 244 240 128 240 196 240
3 356 240 416 240 334 240
2 177 240 345 240
0
2 116 240 323 240
0
2 305 240 228 240
1 258 240
1 519 240
1 153 240
3 55 240 184 240 525 240
3 89 240 123 240 58 240
3 537 240 235 240 56 240
1 296 240
0
2 329 240 181 240
2 373 240 316 240
4 152 240 487 240 169 240 55 240
1 359 240
