459
4 131 138 331 33 23 198 165 184
3 207 138 388 162 190 252
0
0
0
0
2 445 29 149 3
0
1 267 12
2 415 248 123 29
0
1 296 140
3 113 296 173 196 227 272
0
3 458 57 96 238 54 218
1 359 100
0
0
0
1 302 8
0
5 39 71 348 159 457 234 453 278 371 105
6 250 297 26 45 83 48 394 191 413 70 68 300
0
3 389 68 108 272 103 236
1 307 274
2 451 65 169 18
0
5 425 136 117 38 89 150 209 166 262 98
1 49 8
0
0
1 66 8
0
0
0
0
0
1 194 168
0
1 223 130
1 150 151
0
0
1 5 19
0
0
4 97 170 242 281 6 42 156 69
0
0
3 176 241 254 89 35 245
0
0
0
1 279 232
0
1 77 287
0
1 300 262
0
6 255 110 143 187 286 21 399 105 239 112 40 180
4 356 126 365 91 280 96 258 67
0
0
0
1 119 118
2 380 230 75 268
1 429 234
0
1 351 19
1 441 127
0
1 273 236
0
0
0
4 281 271 189 103 256 220 428 215
5 277 112 355 255 95 198 206 91 323 151
1 102 127
0
0
0
2 346 132 126 265
0
0
0
1 440 210
4 275 181 293 239 282 296 298 270
1 309 290
3 308 19 65 130 313 266
0
0
0
1 384 149
0
0
5 13 98 168 223 203 22 396 116 417 122
1 122 157
1 387 6
1 360 188
0
0
0
1 57 104
5 210 166 185 273 10 106 241 1 86 239
6 101 138 188 201 325 250 353 141 130 100 171 119
1 405 122
1 74 292
1 160 38
0
1 357 213
0
0
2 38 25 456 118
0
1 238 108
1 317 227
2 335 48 42 72
0
1 4 176
0
0
0
0
0
3 397 199 410 163 306 259
1 8 133
0
0
0
3 7 66 283 23 261 114
2 443 258 53 205
0
1 330 201
0
0
7 139 131 2 0 303 120 350 239 328 263 375 59 208 236
0
3 213 135 291 127 17 170
0
0
0
3 420 219 406 221 47 2
1 435 25
1 287 172
0
0
3 137 220 104 33 361 251
1 34 177
0
1 366 50
3 340 99 263 295 91 14
0
2 44 140 218 171
0
2 278 252 138 95
0
0
1 432 136
0
3 393 72 292 31 12 177
0
0
1 124 172
3 230 231 52 105 288 151
1 408 299
0
0
1 338 254
1 426 238
0
2 15 38 249 224
0
2 56 27 229 162
0
0
1 216 265
1 316 95
4 191 172 110 26 187 86 63 88
3 345 83 106 291 289 193
3 343 185 141 261 404 13
0
0
1 58 262
3 197 212 324 28 411 219
0
0
2 99 192 450 103
0
0
2 253 217 395 10
2 427 90 60 154
0
0
1 32 298
1 419 151
1 314 236
1 244 242
0
0
1 161 64
2 174 38 80 22
5 51 30 320 171 219 229 416 214 247 84
0
1 391 113
0
1 276 207
0
1 422 251
4 27 191 400 261 45 74 295 102
0
0
2 231 40 43 79
0
0
0
1 186 244
0
4 127 96 452 99 120 167 378 181
1 73 252
1 146 197
1 285 295
0
1 37 278
5 88 213 195 240 310 181 412 18 50 176
0
0
0
0
3 368 70 62 259 87 41
4 294 63 192 254 333 179 21 155
1 347 17
1 182 197
3 71 37 401 192 274 254
1 221 179
1 414 79
1 82 97
0
1 271 78
0
0
3 107 35 172 2 193 66
0
0
1 41 230
1 304 264
0
2 431 255 158 98
2 228 278 305 5
3 22 15 299 171 455 9
0
1 421 203
2 367 87 133 131
1 167 177
3 290 132 363 137 336 174
0
1 9 108
0
0
0
2 220 157 217 73
1 449 1
1 36 130
0
1 153 128
0
0
0
2 390 125 81 249
2 266 226 374 57
2 329 238 142 205
1 116 217
0
0
1 145 251
0
2 148 59 67 25
2 337 42 454 234
0
1 157 248
3 269 45 100 20 407 94
2 98 138 354 297
3 196 189 129 162 121 165
1 377 164
1 85 56
2 381 59 198 79
3 418 124 319 63 215 136
1 424 25
1 438 157
5 225 191 48 217 78 170 29 133 222 79
0
0
2 383 211 125 2
3 179 152 270 36 214 67
2 403 184 332 164
0
2 376 141 31 279
2 409 91 433 297
1 392 245
0
0
1 264 196
2 170 40 212 148
0
1 442 252
1 84 177
0
0
2 115 291 154 82
6 105 275 326 241 252 80 436 185 166 267 437 141
0
0
0
0
0
0
0
2 364 190 243 296
3 344 204 72 265 311 158
1 202 177
4 349 172 136 77 268 161 134 297
0
0
1 177 77
1 297 44
4 181 241 90 155 398 200 70 201
0
1 402 68
0
0
2 61 250 20 232
0
0
2 237 121 147 94
0
0
0
0
1 25 71
0
0
0
2 112 185 14 50
2 33 186 358 104
1 109 39
2 93 0 155 126
0
1 459 215
2 144 253 362 174
0
1 55 72
0
0
0
1 372 155
2 334 248 444 286
0
0
0
0
1 30 153
1 79 66
4 92 138 434 204 201 234 163 219
0
0
0
0
1 164 196
0
0
0
0
1 16 240
0
0
0
0
0
2 178 292 439 38
0
2 152 6 132 233
1 385 255
3 180 222 373 114 211 15
0
0
3 114 294 342 34 312 135
0
0
0
0
2 184 190 140 51
1 46 294
1 352 87
1 341 142
0
0
0
2 246 23 200 258
4 386 129 151 30 135 3 251 189
2 369 13 234 41
0
0
0
1 183 180
1 447 12
0
0
0
2 446 118 235 83
2 272 45 318 38
0
2 382 70 205 274
2 448 259 128 0
0
1 24 90
4 257 236 379 96 111 11 19 23
1 199 231
2 260 290 28 33
0
0
1 64 138
1 175 102
4 233 20 3 200 159 249 430 21
0
1 423 102
0
0
2 259 69 327 130
0
1 94 216
1 226 286
0
0
0
0
0
0
1 265 85
1 315 219
2 69 11 59 152
0
1 284 95
1 236 198
0
1 76 47
0
2 204 111 301 24
0
0
0
2 11 179 162 203
0
1 322 74
1 370 62
3 248 76 321 224 232 80
1 224 124
4 18 42 245 90 118 47 339 2
0
1 240 227
