901
6 570 132 306 142 734 213 281 192 84 105 792 33
2 901 188 600 236
9 713 115 605 209 689 119 274 148 833 130 573 254 465 2 290 151 24 131
17 665 126 476 64 120 102 182 102 159 267 423 262 755 294 282 71 134 297 894 54 897 281 305 13 443 275 356 189 506 48 47 239 682 157
15 471 200 558 111 72 162 519 218 688 103 274 171 530 54 820 30 316 113 545 34 297 267 836 232 714 136 582 219 126 296
4 208 9 188 109 348 85 723 217
0
8 387 95 433 281 571 206 772 9 265 13 641 280 491 183 896 149
19 482 103 434 251 691 239 475 200 284 0 47 6 673 139 144 273 26 114 437 0 2 129 109 25 126 85 123 242 334 172 781 287 583 22 513 274 548 222
9 536 298 201 195 34 139 547 205 811 59 246 175 775 139 718 275 724 241
3 449 1 193 31 593 58
4 55 63 122 81 714 254 160 29
6 406 194 313 122 80 43 112 262 586 207 107 56
4 259 107 266 89 624 280 400 100
9 49 16 717 300 710 125 509 270 685 141 481 70 545 186 78 139 359 29
5 477 247 897 227 631 103 173 289 853 234
13 860 213 157 291 48 69 54 245 660 280 420 294 882 230 506 288 563 117 202 289 893 116 286 175 874 58
8 21 268 483 175 97 258 519 291 717 292 399 8 501 263 847 10
14 386 59 798 188 302 114 416 40 775 141 432 123 176 84 195 217 745 131 575 194 120 123 368 202 400 12 506 56
11 825 246 405 185 432 73 405 213 843 109 309 267 153 218 767 156 461 218 125 104 791 163
19 602 261 496 92 258 16 328 206 215 35 379 91 556 79 274 193 7 203 574 13 418 46 406 69 242 230 205 279 659 124 56 207 254 178 778 85 343 264
0
0
2 79 266 749 299
9 131 153 198 19 259 2 577 220 107 190 214 92 392 254 496 91 481 162
10 811 182 720 269 22 204 837 148 837 297 205 86 804 192 81 80 580 194 724 146
15 153 271 536 280 892 16 22 47 535 279 315 35 275 186 839 183 193 189 822 32 257 37 72 97 270 278 334 75 54 198
13 745 50 186 257 163 85 193 68 729 297 559 90 457 250 629 142 714 58 406 265 184 91 601 4 352 139
12 750 213 195 116 686 146 299 215 117 174 712 96 683 130 633 133 171 144 443 129 741 133 75 178
20 797 158 654 9 340 259 556 239 394 230 717 290 204 255 443 219 676 85 856 102 872 292 257 188 312 292 128 13 622 123 469 137 523 222 142 86 27 160 497 162
5 224 235 413 204 20 158 98 53 536 298
20 781 264 44 128 831 60 722 37 149 269 886 269 418 4 181 152 91 219 692 188 310 123 260 294 892 241 230 70 68 255 845 43 702 226 801 93 615 259 474 152
19 578 117 656 183 27 240 654 275 385 270 554 114 894 197 50 186 347 193 890 201 452 86 746 71 430 4 44 15 874 228 587 224 151 115 529 209 746 83
20 569 59 726 60 679 293 488 210 26 109 346 189 511 100 724 236 481 52 551 225 184 286 218 214 551 161 720 135 511 173 481 299 558 0 726 174 580 124 81 250
0
2 160 218 454 76
14 518 244 493 74 796 81 482 144 672 239 199 127 25 198 106 212 584 106 690 103 296 169 766 61 830 163 599 251
5 155 266 503 223 653 89 347 138 617 144
6 877 206 634 293 731 298 893 298 336 283 618 160
16 510 299 665 280 129 51 193 198 749 92 20 232 380 207 697 24 729 93 134 191 523 263 114 193 114 155 170 6 717 51 493 175
16 822 67 545 9 685 39 458 278 167 260 252 198 98 131 488 35 563 241 576 3 480 171 584 263 707 85 881 197 81 126 832 232
10 676 219 330 126 302 228 864 0 130 127 198 81 400 218 389 154 580 222 724 18
6 149 261 163 127 872 46 353 263 97 161 791 104
1 867 5
16 443 89 185 114 138 181 800 85 437 33 689 134 259 132 189 147 336 126 275 281 78 201 205 221 567 103 535 226 837 11 258 107
19 710 23 127 259 130 157 551 69 380 240 107 54 435 120 238 218 379 154 193 239 157 270 582 283 216 81 157 81 316 104 227 143 778 172 488 262 796 16
15 81 194 788 18 791 294 234 264 555 8 858 203 491 77 860 34 480 88 406 152 530 153 754 170 194 269 98 268 98 283
4 122 2 98 84 536 186 649 188
19 466 298 882 157 35 33 286 146 618 108 532 264 511 216 218 75 337 258 562 152 545 194 177 44 724 117 801 167 313 290 745 185 366 73 335 80 96 27
11 291 91 492 282 897 145 366 37 335 259 149 213 406 192 267 89 866 198 185 40 510 138
9 375 140 253 69 119 30 674 55 856 159 159 199 316 77 7 88 610 171
13 316 119 721 129 657 250 202 3 160 253 866 12 416 147 901 128 124 271 900 234 142 154 901 191 569 273
2 261 202 465 12
4 580 230 822 81 580 192 302 32
10 866 292 100 281 336 144 26 216 538 61 244 3 52 250 378 223 347 229 65 288
3 882 204 170 137 565 200
3 329 42 384 243 85 239
7 880 37 136 79 340 119 665 284 376 184 47 239 547 85
5 249 172 782 187 68 250 688 148 749 216
8 26 153 180 163 582 122 559 208 571 58 729 124 223 96 660 189
14 365 286 810 174 673 99 440 64 36 64 550 298 182 25 270 12 457 97 30 27 250 109 182 120 347 240 93 159
17 773 20 203 43 420 41 827 216 523 266 309 64 553 266 718 270 53 242 746 187 807 114 270 162 798 175 86 169 303 293 309 200 885 271
17 185 286 10 194 682 291 208 159 467 92 589 4 302 177 532 184 463 232 865 187 589 204 662 125 676 129 54 156 836 26 853 158 268 0
2 136 46 689 42
8 186 66 234 29 167 38 745 74 34 160 216 124 419 33 98 74
10 325 9 193 129 238 244 377 218 571 34 435 32 778 278 492 277 238 114 359 200
19 645 192 428 62 791 284 41 131 351 157 166 26 785 227 92 151 584 254 837 85 390 79 547 122 513 28 662 284 336 19 176 62 530 67 347 149 234 125
3 741 88 601 17 642 159
12 853 67 263 183 458 61 556 98 440 63 790 88 523 129 86 117 153 285 739 33 497 91 798 239
12 460 44 78 107 628 223 94 267 618 119 418 266 616 82 550 251 379 10 367 37 297 77 894 275
4 618 60 350 146 299 149 660 277
9 198 250 98 56 435 239 170 156 107 73 286 211 551 271 257 132 437 264
5 845 208 161 120 454 228 378 266 150 281
20 575 128 601 33 586 249 817 180 775 46 198 35 352 243 336 124 891 272 837 55 389 250 530 45 613 229 509 120 396 73 216 61 163 122 457 9 511 3 778 51
6 286 210 493 180 160 138 714 27 372 45 152 289
18 545 76 180 140 363 193 82 280 359 172 732 123 757 240 196 192 351 157 759 228 550 72 343 185 686 106 890 1 120 119 504 72 342 48 808 83
6 341 174 144 173 426 297 394 156 655 222 56 190
5 103 128 392 252 296 224 359 9 258 37
6 866 231 729 286 545 66 163 19 416 228 629 223
10 366 0 697 5 133 205 133 254 60 36 547 52 618 80 359 271 839 131 546 182
8 201 78 22 69 316 254 201 93 796 92 107 226 316 58 252 47
19 222 90 545 193 892 69 761 127 809 4 258 244 356 253 853 268 641 159 402 81 68 144 236 260 220 83 63 181 508 0 297 130 7 133 98 8 876 74
2 146 219 774 67
9 313 69 745 169 666 274 688 14 76 74 613 295 583 172 383 231 226 207
15 124 38 367 147 114 8 352 92 313 244 93 111 458 11 901 218 729 274 201 56 183 54 309 142 457 24 270 295 593 160
5 330 210 796 49 725 43 569 27 613 292
15 692 252 850 58 26 107 719 219 479 170 71 199 767 77 383 287 855 92 300 227 536 298 472 178 203 261 788 174 189 16
1 502 266
14 844 220 859 29 849 198 643 272 313 7 797 77 826 89 63 232 806 196 229 23 440 205 88 228 883 197 65 54
3 278 101 267 126 611 264
1 463 246
7 770 10 55 15 198 146 401 127 900 234 700 153 865 156
6 46 109 866 8 316 296 106 277 377 189 406 147
18 313 10 546 169 80 27 673 99 400 20 416 72 638 73 420 115 299 70 882 109 251 246 72 106 643 13 317 12 19 299 5 81 882 190 257 208
19 723 134 133 235 403 16 900 29 470 25 208 269 867 117 47 265 642 221 339 232 182 141 584 214 376 28 163 296 828 205 666 143 19 125 282 112 348 48
6 775 222 804 9 714 42 569 109 252 54 900 49
18 252 117 724 163 878 41 121 50 235 66 488 134 348 87 798 296 96 273 437 247 778 238 312 82 227 148 754 105 557 254 508 55 405 117 238 69
14 660 11 668 3 400 166 385 110 81 162 551 21 198 102 227 102 481 22 157 180 198 149 216 285 216 241 464 123
3 739 143 409 125 896 87
18 492 215 791 231 821 182 361 43 690 280 35 133 492 149 558 211 894 81 336 188 826 259 297 286 133 5 798 184 142 290 209 289 872 290 488 70
9 540 245 879 86 705 198 893 59 620 223 657 233 425 13 577 275 291 33
2 219 108 208 287
2 368 233 837 3
11 485 142 892 190 723 143 184 283 861 178 136 232 240 95 37 178 555 81 78 24 520 281
4 70 258 587 286 503 244 891 133
2 580 46 747 165
20 106 77 676 135 580 96 676 226 316 103 580 199 710 126 580 169 22 294 676 247 679 212 676 180 676 177 679 232 316 164 877 235 22 120 22 275 747 128 22 197
8 858 154 825 168 539 101 402 145 707 128 513 117 543 53 508 82
5 381 147 719 289 236 178 382 135 767 216
19 134 146 901 284 457 26 124 194 227 55 55 240 868 188 763 252 34 242 821 49 659 15 371 36 715 213 190 144 513 235 657 248 142 49 504 206 127 15
2 790 167 556 15
18 643 116 820 8 815 37 252 101 231 245 54 152 822 257 398 87 805 269 348 220 809 79 538 267 830 88 563 199 696 161 495 272 17 288 150 235
20 186 211 93 10 218 183 679 239 819 250 657 15 368 180 86 193 259 41 214 201 866 273 136 292 683 157 529 15 154 160 811 67 877 20 54 2 558 213 379 30
15 400 256 411 80 760 205 885 93 258 143 398 43 893 108 817 225 835 107 509 268 153 240 377 192 222 75 488 73 457 264
18 451 155 37 93 789 9 105 102 795 75 805 147 861 167 698 97 830 101 353 111 707 45 24 10 870 124 292 126 782 65 796 289 890 285 67 228
1 217 253
4 343 52 763 48 145 187 555 29
2 104 99 284 16
5 771 29 679 105 176 300 275 226 774 103
18 562 58 567 189 167 16 406 50 841 51 770 182 130 287 236 90 877 109 571 138 222 73 380 264 582 165 400 187 798 261 386 74 419 103 767 236
17 747 263 511 25 511 9 406 70 359 214 419 254 710 66 222 35 34 61 336 9 877 40 613 240 130 80 726 98 877 118 569 40 149 232
16 649 263 350 212 726 215 567 150 811 103 580 212 171 76 745 130 900 110 263 9 7 239 149 42 405 146 798 65 380 99 457 239
18 340 14 420 27 303 9 737 249 194 238 100 250 24 48 185 200 739 229 129 29 726 250 410 130 353 116 453 23 759 46 183 136 100 207 682 31
10 96 182 601 154 377 41 536 130 435 277 7 55 107 263 122 159 679 172 127 116
6 696 37 874 110 330 257 258 5 7 172 760 105
2 788 78 535 209
15 731 54 302 17 731 88 822 231 359 291 720 46 316 160 817 17 569 115 860 196 582 79 54 246 405 18 107 287 405 15
5 220 293 390 274 836 161 389 55 302 66
9 107 97 127 108 686 280 336 149 747 184 316 63 822 218 900 272 238 5
17 710 19 747 238 679 227 877 17 569 100 668 166 877 99 683 239 676 142 405 61 184 219 683 25 710 56 468 225 724 232 205 159 714 127
10 150 169 837 60 674 241 860 77 737 289 841 146 368 15 790 227 582 130 718 250
19 222 51 559 82 607 55 599 51 34 209 724 63 379 144 681 163 601 100 258 99 770 201 575 140 876 295 634 13 586 224 826 214 435 200 406 101 726 264
20 464 152 666 148 42 214 334 235 580 43 96 95 336 130 405 256 567 61 129 297 325 233 692 273 380 250 760 99 718 154 223 65 471 44 666 40 747 119 297 272
8 896 197 726 78 362 215 790 5 194 271 769 276 205 167 26 97
19 778 88 463 142 336 284 97 92 14 267 236 159 258 189 351 259 690 224 47 144 26 194 106 46 830 262 771 67 523 115 638 161 366 141 707 295 405 141
8 361 285 878 294 299 126 379 297 235 107 512 36 575 233 820 63
3 223 215 71 130 450 264
13 731 248 96 87 676 194 136 95 48 128 419 44 674 95 559 103 438 181 710 48 668 144 19 134 378 49
11 701 117 773 142 383 94 108 152 690 270 305 0 434 128 550 36 544 26 108 112 517 134
7 664 124 871 270 57 132 486 231 888 253 389 268 282 238
18 289 206 818 192 286 77 222 150 557 31 593 91 649 180 685 121 767 278 136 62 352 263 275 24 154 72 519 2 418 21 153 135 831 228 688 285
3 350 297 222 191 660 60
14 409 258 601 284 468 38 317 226 7 215 720 30 34 263 86 116 901 14 416 192 157 180 658 176 668 130 180 214
6 574 279 299 179 297 165 743 15 417 157 592 234
14 673 168 234 118 459 92 707 151 461 160 72 116 317 207 605 90 803 199 733 1 589 225 438 51 438 208 543 1
16 480 184 10 271 877 282 843 143 574 288 553 63 44 237 270 90 263 161 551 236 135 5 858 24 832 73 78 195 725 73 718 35
13 838 148 216 11 438 88 576 258 171 112 597 74 399 104 465 202 265 83 535 44 65 212 774 184 506 124
10 870 275 583 131 817 65 674 296 238 138 597 99 737 181 157 225 218 110 411 203
9 107 248 468 257 837 44 96 248 710 77 346 176 457 194 900 140 860 81
15 720 267 571 144 668 84 184 256 435 136 481 172 442 165 569 100 184 132 379 88 731 211 877 58 718 297 488 5 747 269
2 840 76 226 118
17 841 246 726 296 527 243 548 116 511 105 320 155 132 162 97 79 377 65 359 187 819 75 665 164 618 57 379 213 376 37 157 156 309 117
15 132 19 286 46 42 280 668 271 353 153 559 24 361 104 252 130 149 116 377 56 377 109 696 99 336 290 657 20 180 154
8 54 42 860 46 252 210 901 243 47 213 48 168 74 34 349 153
18 421 192 230 147 439 43 350 34 357 64 99 90 436 164 518 39 481 208 211 85 337 14 44 61 815 44 817 198 826 234 186 5 185 115 472 187
4 872 245 368 11 791 48 820 49
15 468 72 238 299 389 114 558 226 481 93 822 53 798 37 668 198 629 271 588 14 435 162 380 269 316 50 676 140 481 253
5 641 64 356 55 169 65 522 259 609 252
3 402 156 20 208 714 298
3 679 30 754 40 666 152
16 96 90 168 124 130 26 311 259 251 54 149 113 539 239 875 209 450 146 274 12 546 33 246 214 706 94 584 196 437 98 222 276
9 60 101 826 56 721 160 775 275 546 292 235 176 511 242 471 54 411 226
19 201 197 582 277 193 297 796 84 107 252 837 84 457 69 613 249 252 219 804 220 679 14 54 207 193 38 130 280 442 6 96 76 150 111 582 86 405 30
19 668 16 599 234 256 176 855 203 154 9 800 268 639 251 667 99 190 103 882 154 781 227 800 148 730 37 440 137 574 273 701 143 267 24 48 277 876 248
6 622 248 348 20 312 224 141 279 383 128 557 131
5 74 158 803 85 853 17 336 172 152 230
7 361 77 718 108 361 114 714 203 551 194 234 256 235 156
1 819 79
1 383 59
10 54 131 745 299 817 292 551 93 396 91 796 46 193 266 729 96 745 36 7 170
14 559 209 435 233 860 278 900 95 157 275 676 208 163 95 660 252 601 47 862 49 464 145 649 217 193 69 54 3
2 199 261 499 45
15 761 283 180 76 536 80 728 94 508 39 804 272 643 173 424 36 184 296 275 89 280 299 777 73 209 151 144 167 679 266
11 395 25 479 91 564 112 840 270 296 101 662 160 582 150 841 118 366 148 420 55 736 134
4 111 68 730 150 99 145 394 146
2 72 164 203 126
17 832 160 386 48 124 61 386 226 171 52 593 71 42 276 303 65 214 102 389 221 775 71 372 180 275 132 312 168 596 253 534 13 122 162
6 241 256 894 162 634 124 7 267 745 295 471 144
15 765 119 124 209 459 209 420 109 258 89 209 199 767 279 47 32 382 111 251 122 381 222 797 205 818 74 191 215 681 160
5 48 81 770 269 325 62 811 50 297 192
1 259 194
20 747 218 54 108 244 137 601 167 538 53 480 131 571 285 890 33 481 135 456 133 372 155 130 120 54 180 456 167 81 177 472 141 203 207 721 220 454 93 720 75
3 530 147 491 36 796 293
11 316 300 201 131 877 214 379 116 107 82 106 175 201 109 193 68 193 279 676 176 511 27
12 775 241 335 113 60 109 586 141 163 92 184 124 506 258 14 264 882 230 457 11 839 102 400 68
20 488 1 336 61 686 156 468 134 511 133 882 174 724 200 796 91 798 146 804 274 201 178 668 235 582 125 252 71 359 256 380 34 163 106 817 11 205 38 54 213
4 829 156 372 39 567 172 109 19
8 373 235 71 247 167 158 376 4 777 270 875 204 246 1 299 3
8 881 186 841 117 685 165 316 80 721 205 121 130 201 213 210 62
15 843 136 601 245 442 111 373 126 289 25 359 8 420 53 282 51 515 271 593 69 203 286 28 245 108 198 882 72 456 150
8 197 81 566 84 767 157 847 166 426 18 324 228 333 293 504 264
2 478 291 53 6
11 747 151 580 253 316 111 710 132 822 290 316 214 316 1 201 45 877 240 511 29 676 284
12 650 112 236 295 463 170 124 37 222 243 535 299 512 55 383 113 198 186 860 53 685 294 167 117
7 142 19 236 196 811 268 511 137 271 85 638 37 54 18
17 798 138 180 41 839 210 121 80 162 11 79 167 198 85 660 175 805 278 715 80 839 40 696 223 881 12 874 61 885 198 681 63 893 76
12 169 68 434 249 733 17 349 259 141 233 198 223 774 191 336 220 569 240 201 119 751 261 602 184
16 676 194 129 299 551 266 464 54 747 20 539 295 216 114 26 206 107 275 588 253 389 172 822 135 385 126 7 233 193 143 468 30
19 438 179 340 37 100 44 634 12 459 91 735 246 380 265 742 8 522 228 693 241 893 55 546 67 433 92 169 71 715 294 167 147 613 58 763 83 473 236
5 677 230 30 97 262 21 369 9 454 195
8 877 270 747 21 822 95 676 4 710 63 822 113 22 229 679 226
12 130 129 338 24 728 188 205 91 788 260 203 32 218 251 488 196 458 7 14 100 236 138 580 293
11 835 204 317 297 864 271 634 142 692 147 471 198 65 269 668 5 539 231 893 222 257 76
11 627 27 685 235 274 216 771 4 241 123 322 267 437 300 479 191 279 141 93 212 227 117
14 405 105 379 49 184 222 580 296 201 264 668 50 822 90 302 199 22 182 747 198 668 177 252 109 22 29 405 88
20 899 99 166 106 845 114 547 297 244 252 388 101 811 218 156 159 346 39 223 116 437 51 353 36 302 287 545 76 376 29 299 49 759 113 517 262 127 247 390 260
7 833 169 226 53 827 182 237 92 244 73 154 66 210 282
15 735 270 506 9 589 125 296 256 703 217 600 36 558 110 815 156 79 85 668 251 446 15 194 62 689 6 369 124 350 198
7 52 87 189 237 613 253 386 113 163 119 419 252 527 278
4 80 19 866 300 420 100 86 0
17 216 299 381 9 686 173 876 185 271 187 251 234 817 139 665 162 97 288 659 109 453 145 338 262 684 287 753 247 683 265 320 126 864 285
3 179 204 627 171 453 100
16 214 19 153 229 864 50 601 124 725 177 837 293 388 248 571 236 456 9 142 117 27 69 831 191 202 140 389 151 565 208 176 121
15 302 153 724 199 274 139 714 172 872 71 512 84 380 140 657 215 263 166 263 129 546 264 292 271 599 54 559 27 292 233
1 311 42
10 569 240 882 113 613 196 718 218 601 20 613 81 588 135 238 174 22 61 580 84
20 415 57 168 237 86 103 215 17 631 125 857 97 234 67 270 284 367 105 851 178 385 80 42 116 247 59 685 197 821 52 450 14 559 176 35 162 247 91 594 177
6 193 152 796 226 107 74 405 240 379 78 106 27
1 875 130
3 185 60 339 74 196 23
2 901 220 120 103
20 731 239 668 283 22 116 359 176 668 148 571 54 726 180 201 227 336 194 150 192 442 130 316 230 406 149 406 152 127 59 804 132 238 82 718 13 435 32 54 277
19 539 31 683 4 479 14 745 274 729 74 569 194 292 235 721 231 367 12 96 289 129 215 710 179 811 72 878 217 601 71 286 189 613 97 98 289 796 294
11 851 27 476 44 27 7 884 106 581 152 718 164 137 230 825 209 458 267 4 251 839 300
10 604 190 487 167 869 27 270 246 866 25 511 21 353 294 664 6 333 248 550 84
15 64 188 465 232 620 201 473 61 576 84 549 257 723 11 893 107 257 270 173 20 440 65 80 234 161 17 526 83 784 191
0
16 498 79 61 13 29 299 786 268 13 216 702 258 378 58 244 116 209 155 128 126 671 140 779 67 577 188 643 58 218 99 431 102
14 617 169 352 120 120 224 842 2 435 217 381 53 270 202 188 244 762 213 825 162 395 15 535 235 803 103 781 168
17 456 224 330 62 878 215 352 227 191 132 885 132 400 42 600 22 74 209 250 154 78 267 516 2 131 46 680 61 75 166 132 27 180 53
1 354 50
11 624 144 429 136 280 198 897 247 363 269 466 18 166 256 679 114 86 79 637 5 335 249
3 834 103 663 213 657 181
14 359 195 292 39 442 82 379 67 373 280 406 245 464 147 22 2 218 115 710 233 718 82 130 270 389 152 26 54
14 613 68 822 174 468 211 817 4 731 116 361 210 731 77 378 227 862 235 198 237 679 116 822 217 184 289 720 197
12 216 67 373 278 122 292 837 263 724 126 396 218 361 104 316 33 567 48 882 102 720 46 34 28
18 501 118 363 55 714 42 539 195 369 245 584 154 858 169 513 142 195 210 384 216 194 90 593 149 338 184 728 5 5 212 65 206 162 108 106 27
8 811 170 696 285 379 12 106 19 837 214 34 292 379 252 511 279
7 772 112 137 298 639 128 157 215 660 0 749 124 450 197
5 361 166 770 207 320 127 371 143 706 107
8 209 12 539 89 720 127 683 139 185 148 889 242 154 215 27 61
11 868 148 558 247 91 143 733 89 204 294 382 115 446 19 803 127 544 21 818 196 373 254
10 535 143 17 238 723 53 98 158 251 217 608 260 271 58 120 267 686 19 195 56
8 347 248 303 220 441 109 176 72 835 162 697 42 668 108 353 271
7 752 102 823 203 695 256 207 10 260 259 232 204 553 239
18 745 253 7 41 754 242 252 283 559 65 729 22 171 23 841 230 22 19 201 214 106 300 567 151 557 175 686 226 299 68 389 191 796 25 882 3
1 209 119
19 236 83 821 129 559 6 361 84 847 114 193 56 496 285 211 250 583 110 424 57 144 89 406 63 257 162 213 91 683 252 257 114 419 175 897 220 432 260
11 854 139 693 60 362 241 131 252 388 105 654 220 834 95 432 166 486 177 703 93 779 71
9 366 61 385 296 138 69 309 107 639 197 270 190 893 133 600 132 126 191
4 651 1 523 122 496 291 320 19
5 184 291 710 213 302 11 379 249 22 168
16 393 243 429 278 650 48 608 140 170 65 789 37 592 41 380 109 713 45 764 5 854 193 201 3 892 278 92 140 185 110 289 55
14 684 140 690 222 589 211 894 5 234 147 377 266 41 237 858 126 331 192 534 230 213 278 733 167 817 7 127 139
12 612 86 647 130 650 237 599 2 575 215 170 113 840 115 717 202 46 192 16 115 712 208 32 183
8 95 71 772 82 586 177 440 215 402 14 542 181 496 235 536 284
16 558 13 400 289 186 128 745 239 227 233 731 105 167 187 406 166 352 227 346 16 325 252 7 192 336 72 252 144 858 152 106 22
6 336 11 822 176 336 31 419 252 686 10 754 89
16 336 221 681 213 731 9 720 58 479 181 222 273 492 138 601 297 330 164 729 227 726 282 860 105 198 18 163 220 841 56 720 195
1 647 6
10 426 150 682 192 777 124 575 204 380 254 363 184 861 69 354 17 497 160 273 245
10 808 276 779 149 454 192 254 274 576 144 194 169 218 4 39 35 109 24 438 143
9 817 297 378 95 96 69 860 166 222 192 238 52 798 192 725 143 696 269
16 337 251 217 100 206 120 497 71 900 293 496 272 781 120 340 126 186 180 39 111 669 145 529 231 472 208 262 24 462 232 722 127
11 496 266 213 37 504 10 160 33 103 104 492 78 463 67 767 92 152 296 54 247 218 2
6 389 80 798 247 720 59 861 150 216 25 54 182
16 58 218 189 81 512 41 509 92 110 13 286 216 509 188 379 35 237 279 137 269 861 58 48 296 799 213 510 146 480 104 125 183
5 697 12 202 253 46 237 608 178 777 230
8 182 117 522 86 692 105 160 205 360 56 511 113 754 208 271 67
2 222 113 157 250
17 582 103 98 54 275 139 679 67 696 150 98 210 331 57 760 21 129 146 198 169 66 165 767 1 184 265 198 35 373 55 693 49 778 33
13 304 239 863 0 852 211 72 132 133 82 284 93 707 268 351 75 826 117 381 162 626 246 796 31 391 27
5 760 81 122 209 46 129 882 269 878 129
7 171 67 874 102 657 273 10 192 378 30 184 126 96 225
11 601 195 726 33 346 15 668 64 714 157 729 300 346 169 582 67 822 102 396 63 201 248
2 19 69 456 259
9 768 131 11 127 743 161 320 295 477 266 345 213 179 48 397 112 320 205
14 868 32 227 27 901 283 577 137 408 293 525 158 72 91 213 156 866 197 585 208 682 208 273 286 28 19 881 294
14 749 153 523 141 788 221 405 69 624 131 22 81 127 61 726 75 696 249 754 106 93 258 186 57 548 249 223 277
13 565 92 798 36 628 133 317 100 845 91 241 277 86 174 685 197 719 197 726 73 71 118 373 290 325 237
10 140 271 626 3 684 8 399 204 875 126 680 244 708 297 582 19 138 230 894 211
14 468 145 181 125 607 112 470 282 129 37 297 260 372 95 47 213 861 38 234 149 458 286 65 271 132 39 122 29
11 293 141 802 115 193 45 884 187 203 44 9 151 669 30 22 125 124 135 212 123 700 248
15 90 232 178 294 513 42 864 194 771 45 316 116 849 248 842 192 139 82 491 281 698 268 782 133 763 234 205 107 707 203
20 345 91 134 45 858 83 872 117 187 146 165 98 377 267 259 206 381 139 282 54 517 268 291 82 725 240 796 130 778 211 696 71 485 55 531 176 55 184 91 35
4 837 297 775 19 471 130 42 183
4 323 256 191 78 401 208 129 32
19 265 97 865 134 456 132 55 86 242 102 127 182 860 181 872 25 558 232 754 173 70 264 475 161 682 54 884 300 20 7 867 178 771 156 663 120 241 36
17 392 64 891 139 186 60 721 100 263 70 726 24 437 36 754 133 892 179 54 118 588 248 98 285 629 13 419 162 65 113 236 74 457 246
8 193 105 374 168 108 17 464 226 354 169 106 251 379 190 706 81
12 680 188 710 20 7 88 588 278 508 102 94 246 244 271 585 200 549 110 506 229 474 243 24 291
12 714 25 731 206 601 194 442 156 731 254 186 204 837 16 588 4 676 251 571 264 679 256 81 52
20 708 163 73 161 738 270 5 291 690 279 39 286 236 219 376 46 172 223 220 146 430 166 894 263 688 33 843 117 691 29 868 199 24 208 239 224 550 151 443 249
8 564 297 91 239 17 262 113 33 429 291 595 221 135 66 296 223
12 309 91 622 255 830 88 489 294 878 96 257 105 710 251 203 102 385 15 435 295 508 237 535 213
3 170 296 352 233 710 10
6 98 104 710 178 559 38 571 186 726 36 419 205
3 558 51 400 178 805 247
16 107 198 839 213 336 143 839 163 129 130 464 192 649 201 686 63 601 46 571 172 218 182 754 72 567 133 325 244 730 49 170 285
7 660 36 81 250 266 142 251 195 223 254 719 200 679 88
9 4 171 159 15 239 197 817 227 848 175 740 82 652 299 667 233 816 161
5 676 14 106 224 316 182 798 154 184 193
4 826 16 749 79 894 69 558 242
4 842 71 746 53 289 294 468 221
15 596 182 22 182 214 116 721 1 189 15 153 219 826 38 533 249 861 249 170 58 649 218 312 119 435 241 693 175 376 138
7 552 123 579 125 101 56 704 101 32 193 151 156 16 242
12 883 26 667 229 512 240 274 118 538 192 893 220 888 99 227 85 807 270 110 50 441 42 173 24
14 399 220 24 5 773 176 204 82 730 204 396 21 673 120 241 203 290 17 310 16 663 203 223 16 899 149 336 172
3 171 37 717 27 22 293
8 479 52 720 58 488 286 106 106 765 278 60 181 759 265 707 33
1 188 91
13 817 202 543 64 389 2 372 2 28 297 352 46 274 229 334 192 875 60 519 74 81 127 274 188 860 84
0
15 308 295 337 124 669 264 395 244 881 11 733 194 718 94 736 58 526 96 589 31 143 251 726 272 195 223 36 127 65 136
7 548 52 876 70 826 30 296 22 864 43 153 203 508 222
10 676 5 580 8 580 186 580 23 580 215 747 200 580 32 580 262 747 181 676 65
7 557 170 7 210 405 70 46 160 676 181 372 72 34 50
4 758 294 33 207 886 175 110 123
0
18 642 0 181 105 480 64 730 123 600 26 491 265 299 51 601 172 558 295 411 193 882 72 396 237 235 37 468 200 353 70 548 104 167 193 376 116
16 801 289 411 277 80 292 359 25 153 0 815 253 746 242 389 229 322 266 142 183 80 48 87 117 688 77 114 271 208 234 197 39
11 857 94 878 58 889 290 811 81 142 295 714 83 97 206 401 33 668 79 142 174 72 105
10 515 155 769 33 209 135 210 61 138 45 232 272 852 5 774 99 875 187 60 93
20 530 249 515 67 853 108 658 257 329 44 354 45 85 227 209 205 63 272 154 126 184 281 119 199 390 224 481 278 639 277 736 141 728 54 825 169 481 264 760 280
20 679 185 557 216 130 166 405 87 817 147 106 216 569 104 34 188 811 111 227 6 385 50 258 200 817 268 747 132 686 19 127 80 379 61 567 221 238 190 822 192
19 87 94 606 258 36 111 543 151 433 72 289 233 45 40 383 74 295 70 833 55 539 152 517 96 615 49 46 273 595 48 170 269 530 118 388 264 504 227
10 336 172 474 139 44 220 161 62 221 101 587 240 250 276 423 140 536 264 825 200
12 86 53 828 187 543 145 184 92 613 50 373 293 479 165 624 66 257 168 14 45 257 140 368 161
6 545 133 600 38 730 150 731 112 54 171 489 126
10 580 240 346 120 696 221 127 132 129 95 252 193 724 0 775 39 629 52 380 269
11 629 10 377 266 406 61 894 201 778 107 492 83 330 267 275 131 411 211 866 208 201 62
6 740 43 870 196 49 121 726 218 716 133 85 105
12 672 193 394 120 880 49 599 26 300 19 512 58 577 78 667 268 441 15 471 182 477 153 376 95
1 839 72
6 252 88 877 276 481 233 352 51 201 197 405 279
9 571 91 205 291 811 131 724 68 316 298 96 121 571 51 81 146 811 77
14 107 245 177 35 120 23 826 33 767 93 195 47 555 250 848 115 788 67 872 163 805 251 74 207 775 12 546 27
14 876 243 442 45 848 149 457 140 218 200 334 286 875 80 42 193 234 84 127 230 372 237 729 131 817 89 390 143
12 607 2 693 176 352 173 124 185 577 274 182 208 196 32 322 284 330 222 495 114 543 20 325 182
11 26 4 468 140 188 243 309 259 390 56 491 249 193 38 523 287 72 209 108 21 311 144
5 45 77 183 47 585 285 432 256 343 68
4 188 269 125 296 4 82 892 126
5 135 113 203 147 826 173 211 263 99 157
15 721 68 571 244 218 102 596 23 875 7 575 294 336 141 582 267 574 230 275 279 588 268 770 197 54 255 270 104 791 72
11 314 110 474 23 220 78 322 160 780 66 637 153 766 296 314 103 57 186 206 25 449 19
5 205 208 54 18 724 80 731 290 22 162
1 894 210
18 379 113 775 75 258 161 203 284 882 67 132 183 378 55 882 28 419 133 335 138 352 185 437 292 666 269 835 176 832 145 419 27 760 267 885 245
16 263 298 156 193 351 100 576 93 334 245 900 67 575 48 352 275 136 208 150 183 841 205 828 195 86 249 194 40 234 176 377 26
14 130 41 696 254 692 246 642 139 28 282 359 198 22 29 547 194 406 176 127 246 572 112 22 182 66 242 22 176
7 599 8 599 164 416 187 180 114 559 81 882 265 400 163
17 775 165 336 212 837 271 106 227 346 248 559 203 582 270 316 220 882 262 900 47 558 245 205 225 186 54 860 56 442 103 804 185 877 15
20 724 39 858 218 457 300 642 129 98 194 42 213 127 25 121 212 572 146 252 203 377 134 184 115 359 58 572 43 588 226 488 199 186 56 683 22 389 123 46 71
5 389 210 329 232 831 162 788 187 238 261
11 240 228 793 87 165 132 43 95 791 261 773 184 763 183 371 142 169 81 254 71 167 277
11 809 82 693 4 724 289 106 103 142 51 159 89 146 34 481 256 544 53 162 299 638 208
13 78 219 171 218 508 171 817 110 489 120 826 265 574 271 292 192 75 258 759 143 501 140 416 144 99 246
16 41 234 71 88 884 203 217 241 742 222 56 189 71 133 593 115 646 239 542 234 327 114 884 69 267 99 777 43 371 87 202 116
14 796 96 747 260 679 291 582 172 877 152 582 215 696 84 201 198 696 57 679 258 817 136 683 17 582 219 582 255
11 825 300 205 176 729 63 877 123 198 158 20 215 745 264 141 187 344 49 235 97 848 66
1 536 138
0
11 376 191 380 62 54 163 299 57 98 123 152 229 107 0 177 146 822 244 126 9 251 254
6 888 61 685 69 432 264 679 251 858 187 119 188
1 516 275
10 885 229 551 209 180 108 367 36 176 142 679 50 296 162 368 148 316 111 227 73
11 96 38 205 294 710 258 442 267 302 246 377 292 668 298 238 137 385 201 442 173 613 162
12 649 181 588 38 302 138 858 163 714 138 236 227 660 286 122 259 710 265 142 71 607 120 297 32
6 819 240 100 113 186 3 302 62 331 181 841 189
14 783 74 397 23 608 279 488 291 450 213 447 276 50 8 628 0 126 59 510 47 205 66 477 274 103 109 857 100
2 389 158 643 219
14 481 122 405 127 558 17 569 293 729 109 54 18 150 105 302 94 170 299 352 209 594 143 400 53 547 76 804 272
16 222 214 668 265 106 204 396 292 488 47 81 228 201 115 582 115 796 168 201 155 216 243 817 231 34 50 729 101 389 101 649 275
8 125 236 743 121 679 52 562 144 807 139 279 11 131 141 866 278
16 67 58 878 238 827 61 568 269 659 35 143 100 39 117 637 161 586 124 67 279 210 45 329 84 96 42 261 300 655 137 243 276
18 297 284 379 226 548 277 777 202 690 45 527 169 660 86 380 72 336 4 313 298 14 125 745 112 377 119 209 95 271 177 325 258 577 229 176 290
19 557 237 238 146 198 170 629 67 551 273 730 226 275 60 858 150 594 89 683 300 775 83 668 36 107 162 601 205 730 148 729 169 745 267 798 261 26 128
18 373 159 613 148 796 45 359 2 435 88 336 249 862 64 539 139 316 9 649 198 714 5 106 112 479 280 46 103 559 33 201 274 686 68 720 122
16 822 166 679 294 193 138 22 4 877 253 107 150 106 22 679 279 679 277 106 171 107 47 107 145 193 268 822 263 580 263 747 59
20 150 221 218 240 127 160 22 191 882 135 405 193 205 98 163 208 613 25 726 236 726 254 804 241 359 143 551 189 731 3 683 36 163 78 468 191 346 262 81 12
14 470 221 103 280 848 216 536 24 896 97 209 26 659 274 832 165 22 126 627 253 190 274 416 122 633 270 152 94
6 821 231 721 245 866 21 350 233 266 208 556 109
17 599 122 885 82 180 187 686 84 130 106 819 82 96 224 891 73 720 2 543 217 891 81 861 33 390 31 599 205 874 176 457 93 634 172
7 271 72 817 24 96 261 271 1 376 165 299 136 372 64
9 292 86 668 30 389 28 559 132 811 180 720 234 359 227 676 31 22 80
4 730 276 42 163 562 38 331 12
20 280 102 497 91 330 82 682 31 779 73 210 294 771 105 460 207 891 193 837 63 473 176 856 176 252 31 892 74 483 271 767 41 848 235 183 171 592 162 94 17
20 183 98 96 175 862 55 416 244 900 178 872 262 588 181 822 6 286 21 350 184 127 100 398 220 96 15 545 180 749 63 841 288 136 142 378 37 681 232 34 27
6 569 106 683 204 222 141 822 277 726 299 720 130
18 411 243 263 128 543 114 54 284 729 57 389 150 406 237 547 207 34 66 7 141 676 124 775 175 686 231 481 257 900 26 642 154 127 164 679 282
16 358 46 67 27 396 159 316 171 338 105 835 29 336 3 585 276 654 204 714 234 409 25 338 298 796 145 317 171 862 136 359 138
16 864 290 729 193 804 218 419 107 292 201 96 9 878 181 377 180 124 121 877 26 373 91 839 237 860 180 186 134 804 187 683 245
2 194 62 418 240
13 742 95 411 153 668 189 535 230 371 233 529 170 213 42 501 111 471 268 385 80 271 277 839 1 243 39
8 697 111 835 272 878 176 538 138 28 129 659 56 822 105 538 38
15 601 287 193 279 163 283 710 233 558 118 775 242 511 168 731 249 580 82 184 34 488 152 22 52 96 33 54 155 511 40
13 777 79 584 274 419 21 572 267 80 279 278 149 71 227 733 57 437 60 157 139 828 161 637 210 136 84
12 798 295 534 128 563 129 26 220 817 143 331 147 353 263 149 181 22 169 286 155 392 194 234 185
11 69 110 136 233 804 222 121 95 328 141 742 44 684 99 377 22 10 78 343 279 300 278
15 201 229 696 21 130 44 618 189 46 170 54 72 127 97 316 6 468 31 34 115 186 27 227 56 396 91 163 218 720 62
9 238 165 718 294 547 269 601 202 389 159 547 15 817 52 660 226 811 252
4 548 118 693 181 693 156 867 113
9 322 58 379 157 157 265 843 191 157 144 466 115 717 27 227 208 892 144
7 76 101 533 12 885 279 559 100 771 103 831 198 558 92
6 184 260 747 88 822 70 676 295 106 161 379 7
2 81 241 201 19
11 506 89 42 176 725 21 343 270 111 73 124 15 536 113 75 179 390 66 661 112 662 178
8 129 19 464 147 220 138 718 127 858 151 196 10 176 201 710 206
10 832 162 760 254 418 243 717 270 551 85 43 210 747 0 66 288 775 91 796 240
4 784 134 669 113 475 103 208 182
9 798 187 435 184 718 242 54 188 22 131 860 31 316 217 389 264 28 70
7 632 6 192 171 407 297 9 34 298 67 436 70 820 201
20 445 190 721 100 620 248 827 171 158 133 706 248 108 223 485 56 625 268 663 64 77 185 690 191 647 293 833 216 422 208 531 133 366 287 850 93 501 88 82 273
3 548 166 446 73 328 72
2 561 120 359 292
8 464 233 121 198 492 163 551 189 720 26 536 72 274 270 42 83
10 286 106 463 157 606 254 492 18 299 126 85 70 220 221 150 240 441 194 138 207
16 481 15 692 11 235 251 463 228 767 19 98 49 129 93 861 119 163 94 546 45 464 77 798 243 54 273 129 177 130 156 726 113
10 222 233 163 220 468 16 877 185 316 215 316 53 804 179 559 208 380 87 227 292
6 259 103 302 216 315 74 685 128 586 77 97 207
3 423 224 769 125 729 49
13 257 193 81 109 527 278 334 88 234 127 858 161 843 297 470 199 299 272 42 70 93 5 27 46 93 201
3 470 152 5 198 366 57
9 694 206 467 82 633 91 243 53 595 297 166 213 369 100 820 127 279 5
13 51 40 38 209 449 282 239 102 622 44 650 284 870 24 7 288 525 100 551 209 875 159 466 77 21 5
4 268 254 542 288 347 5 463 273
17 661 268 722 168 25 238 821 92 493 143 145 43 252 256 334 242 885 59 465 125 146 230 198 7 417 1 767 143 629 59 106 217 14 183
9 816 280 248 198 237 240 737 101 743 28 142 92 237 91 261 237 785 286
10 529 78 325 285 492 79 86 147 279 82 63 53 542 287 526 113 569 274 822 100
14 812 151 300 138 184 101 499 154 410 4 548 246 877 17 358 300 220 272 676 217 114 237 264 106 72 38 779 171
19 277 143 581 153 899 231 315 207 264 151 43 50 347 272 176 257 702 15 772 122 370 54 79 182 853 223 606 269 750 255 585 182 627 114 235 188 100 187
16 296 194 390 41 804 144 361 293 435 79 392 196 686 43 569 125 385 106 252 171 74 288 629 66 577 172 396 80 714 131 900 297
11 254 75 426 176 188 208 532 93 805 9 488 96 40 74 316 218 757 104 204 34 19 275
17 221 174 440 23 437 154 674 240 403 51 109 45 396 261 892 61 585 258 57 8 739 131 674 153 757 119 724 217 389 149 361 79 548 25
4 796 185 900 183 796 93 551 83
15 847 81 85 84 390 63 438 87 698 204 55 261 87 262 618 56 27 244 846 22 561 229 880 157 43 181 5 276 772 161
5 352 250 292 37 26 224 557 83 336 15
2 861 103 767 197
5 735 231 634 258 174 225 352 172 374 141
3 582 195 580 55 760 88
11 662 153 858 49 352 225 246 86 820 38 638 18 866 185 686 272 289 188 881 186 10 214
7 184 265 405 168 679 236 796 74 405 129 205 126 679 166
16 733 58 690 251 880 14 719 61 900 127 55 71 310 235 354 43 17 19 156 149 12 280 350 199 706 139 47 207 568 44 565 29
5 264 75 91 208 395 253 466 58 388 253
5 294 84 102 288 656 250 867 172 717 56
8 432 36 832 163 121 83 558 241 252 222 221 295 442 11 243 121
5 595 105 74 187 589 123 594 269 775 175
4 472 181 491 71 149 275 171 121
1 161 192
6 141 224 93 214 550 238 441 61 177 92 359 69
20 23 259 800 120 36 45 828 97 103 279 72 105 824 243 72 165 504 126 237 258 808 10 88 217 109 140 565 136 301 291 71 62 781 32 849 289 114 5 487 280
13 186 252 689 93 248 294 774 21 507 260 359 220 566 93 553 204 217 112 163 128 262 114 529 74 607 71
20 114 180 236 101 864 161 297 109 227 231 492 88 788 253 562 157 547 267 790 165 839 227 681 56 312 278 509 5 313 45 296 262 201 157 398 213 599 286 575 135
14 442 77 39 188 409 118 690 66 122 210 120 94 562 193 14 23 405 214 681 0 120 221 186 84 405 27 129 275
8 514 208 115 5 310 152 12 205 165 244 405 172 608 225 753 64
9 65 282 754 128 567 257 440 169 432 262 858 71 223 48 556 300 183 79
2 205 33 837 131
9 205 91 878 266 406 64 442 156 624 174 832 21 183 61 398 296 60 100
2 222 137 515 241
0
9 820 91 297 244 544 152 373 171 519 196 349 63 557 183 241 230 132 69
7 211 12 894 150 259 257 864 246 601 141 286 295 328 93
5 819 209 26 10 81 96 536 137 259 192
8 26 135 660 175 396 150 401 229 419 215 435 18 798 132 22 50
9 250 191 755 171 765 274 596 20 643 231 600 242 382 70 211 136 343 92
5 586 225 464 272 774 176 737 267 790 14
3 367 261 221 125 313 20
13 379 67 710 297 201 218 747 274 747 193 405 238 405 3 184 264 201 257 184 153 22 159 106 73 184 225
12 321 88 50 35 811 43 843 190 616 183 122 298 177 51 659 111 804 134 194 282 657 54 181 158
18 509 50 770 208 60 128 377 292 724 225 252 43 22 81 122 225 236 32 46 255 331 250 153 138 819 41 122 74 42 0 745 150 811 275 760 44
14 81 200 81 101 198 62 559 197 858 225 193 5 601 146 488 80 714 167 745 27 613 278 551 268 745 20 22 175
9 193 35 724 270 238 126 607 52 555 240 584 153 81 11 481 197 843 189
17 848 223 819 9 176 148 85 2 710 216 122 7 763 151 519 238 52 117 652 289 731 22 616 29 10 298 125 177 599 124 890 98 120 178
7 718 20 683 140 820 158 729 200 5 136 533 129 589 26
1 458 126
2 417 77 575 141
10 889 124 322 22 827 271 415 208 650 240 242 118 214 17 437 147 672 214 80 33
19 794 136 319 164 722 192 573 187 871 1 286 262 828 254 777 230 241 33 111 223 476 242 874 102 509 222 423 139 81 93 284 154 12 40 759 184 526 149
1 580 156
19 26 33 246 114 312 134 42 221 392 194 489 294 747 265 567 24 263 205 22 10 534 141 325 111 286 202 383 230 129 128 334 163 492 104 681 92 530 40
17 252 30 804 271 127 151 668 34 569 186 205 122 724 7 569 268 359 103 796 143 798 228 731 284 731 17 580 79 316 196 676 14 720 6
5 469 135 174 54 128 226 427 169 706 217
4 385 167 266 255 489 251 359 210
6 425 96 307 181 670 293 678 50 420 238 435 225
17 717 5 605 221 870 285 475 146 749 269 779 132 529 243 872 206 43 194 530 238 66 18 169 235 161 232 138 79 668 137 565 62 664 201
5 567 36 196 72 242 283 113 138 390 128
6 410 159 396 93 395 227 506 283 673 290 801 251
3 205 190 481 132 804 129
11 893 282 599 200 618 175 747 240 201 136 170 238 227 140 28 73 457 118 588 152 511 199
18 856 24 682 77 550 24 203 150 899 142 561 235 761 149 394 9 534 176 519 57 587 154 80 43 227 110 545 206 862 3 751 81 467 124 735 100
3 252 299 193 133 613 8
14 679 182 380 282 811 269 227 78 822 106 877 282 642 235 649 67 618 42 170 59 559 283 710 47 726 239 796 168
5 534 66 303 263 274 138 504 151 805 239
17 875 195 135 219 551 269 839 55 783 223 4 211 853 60 759 202 78 280 712 183 353 33 388 170 476 17 367 279 658 29 337 140 41 104
2 263 14 894 280
14 728 195 389 163 618 237 336 87 185 213 601 220 825 93 877 194 862 29 676 24 811 263 266 37 106 75 547 193
8 403 266 461 251 378 87 142 192 338 179 201 47 718 266 638 208
10 147 97 666 267 633 10 851 140 320 212 739 190 438 72 376 126 614 39 511 285
14 791 194 801 26 312 228 724 124 754 74 577 64 583 105 64 26 725 224 188 50 40 244 216 224 154 277 389 112
12 590 88 709 287 576 21 382 119 716 271 486 36 123 143 211 165 600 135 195 29 796 84 759 26
7 317 2 530 297 624 119 651 111 274 83 176 116 379 290
19 122 94 790 198 239 31 536 32 848 189 143 35 320 73 623 279 525 96 774 92 103 224 309 34 308 160 697 248 899 143 97 165 299 229 601 274 680 66
0
13 811 287 770 189 315 54 113 63 196 211 719 269 42 241 885 75 674 273 676 155 706 199 542 26 266 28
12 452 278 636 19 357 219 2 296 688 264 701 121 52 190 238 22 573 253 236 27 42 33 276 195
16 359 152 726 67 379 230 822 123 396 76 28 233 468 278 547 288 714 12 65 117 235 59 822 297 65 112 601 247 205 289 730 228
3 143 127 737 249 435 292
15 372 297 170 225 519 104 839 265 876 134 584 110 286 52 205 208 330 40 548 171 401 103 350 195 216 89 841 114 162 216
8 406 274 666 245 353 135 435 97 543 212 316 267 170 36 629 260
20 22 261 316 275 613 124 723 29 98 7 714 50 693 168 463 180 627 277 20 263 760 107 251 145 479 274 406 290 120 141 620 247 715 200 685 272 681 0 599 138
6 106 169 822 250 580 36 316 122 580 110 201 265
14 184 56 594 139 577 83 562 226 551 249 46 111 259 184 760 182 737 250 567 242 129 28 668 208 714 254 745 116
17 252 209 114 194 718 275 316 222 201 123 221 151 286 37 567 143 227 23 724 91 835 214 817 3 96 288 120 33 506 273 81 237 130 290
15 225 257 652 257 568 68 107 8 10 63 887 198 156 105 665 268 588 278 607 160 860 200 155 79 683 269 303 25 94 270
6 131 117 601 266 767 140 100 135 347 281 383 63
5 123 223 166 283 559 12 633 183 565 7
16 63 101 152 26 168 91 236 227 411 185 688 295 761 104 692 226 866 186 338 33 890 166 442 294 582 276 545 74 252 65 223 209
10 404 198 520 147 75 107 623 171 553 260 565 122 519 194 890 108 17 38 57 298
13 754 84 649 233 745 189 893 80 692 105 692 216 373 166 205 108 96 159 216 62 745 250 551 93 96 20
16 315 68 753 222 24 293 681 244 881 130 750 232 549 299 622 107 588 216 25 200 869 54 565 206 44 116 709 91 429 75 869 52
3 6 164 171 131 449 294
19 231 30 492 52 99 55 312 281 666 60 788 155 697 271 620 127 402 20 176 115 674 155 36 22 596 119 193 210 268 19 216 151 328 9 63 181 546 38
6 864 267 551 141 649 98 601 186 891 212 567 113
2 644 31 414 30
1 495 2
0
1 760 265
2 64 228 315 121
16 400 229 257 128 334 265 693 294 157 261 567 213 778 8 205 151 189 235 770 28 279 232 835 289 167 224 563 30 19 23 129 100
18 539 169 642 113 885 266 770 19 163 28 600 133 236 164 767 284 547 123 129 243 726 201 817 146 170 171 841 115 398 226 124 115 559 107 132 75
5 560 266 333 241 324 68 161 113 441 181
13 440 2 34 133 805 239 286 155 558 147 390 94 124 269 336 199 42 127 350 70 607 261 580 51 79 97
19 295 262 872 256 420 241 202 176 422 170 201 18 801 211 782 17 556 259 190 198 290 157 818 68 183 138 821 197 634 218 236 51 715 69 492 50 156 171
8 406 58 582 278 488 80 252 151 588 1 359 10 697 170 81 82
18 442 206 98 296 227 49 132 255 588 39 153 64 690 79 668 3 201 95 149 5 252 77 841 196 398 59 325 85 142 72 133 72 46 119 594 179
18 218 155 302 128 547 166 222 223 401 262 580 238 796 133 238 215 7 109 406 167 435 6 150 201 601 119 754 246 811 239 479 219 718 216 396 215
3 148 43 25 169 647 64
10 372 116 194 116 893 275 718 102 649 279 124 204 582 289 86 226 534 59 19 70
9 837 152 683 221 558 185 107 42 81 263 252 18 127 51 184 295 668 157
4 228 150 431 55 732 162 242 13
5 528 149 15 289 660 77 41 262 168 248
1 339 279
11 353 56 726 291 193 101 725 235 193 103 379 178 547 229 837 203 835 36 42 259 580 39
5 860 190 154 198 826 229 236 198 258 249
10 292 218 548 257 826 65 754 246 600 299 142 136 539 72 714 110 804 83 586 172
20 676 28 860 50 481 245 877 72 572 271 150 106 798 291 718 155 804 287 839 39 775 12 336 161 170 0 48 48 767 294 601 43 492 77 330 184 594 224 302 123
20 594 130 601 211 582 39 775 128 798 291 660 15 718 211 201 247 747 222 216 170 336 159 7 73 405 86 649 92 775 243 796 234 511 92 754 57 726 1 580 183
6 860 184 726 100 543 294 406 97 259 247 690 99
11 803 71 525 8 171 283 322 260 185 23 696 60 153 285 717 2 252 289 34 60 351 213
12 828 157 193 68 223 84 543 16 819 120 861 120 706 123 39 203 194 275 223 236 472 264 491 211
14 442 232 26 177 405 87 106 232 193 49 511 101 811 212 811 109 877 33 679 102 81 249 837 255 796 292 569 51
14 245 210 744 70 524 74 60 234 607 147 325 83 124 190 545 230 421 241 286 54 796 187 178 56 617 47 40 43
4 41 275 349 139 723 203 745 13
8 135 268 681 108 66 149 150 52 138 106 519 36 575 247 325 174
0
17 201 82 390 180 350 142 198 186 130 39 596 228 860 124 246 90 157 285 205 211 216 75 770 90 121 95 419 74 519 269 302 241 726 292
19 468 205 401 192 157 294 676 253 464 252 442 194 46 238 686 3 96 83 252 152 184 222 882 172 258 105 481 9 860 242 121 270 435 272 683 33 569 98
3 107 7 359 47 696 42
19 731 287 747 293 359 203 346 291 679 55 442 222 96 75 406 213 488 191 186 183 720 148 130 282 380 229 877 291 668 235 569 181 683 19 106 9 837 38
13 785 134 698 131 340 10 655 124 551 169 891 62 722 130 519 93 528 160 329 148 459 190 297 196 607 105
6 338 205 426 146 696 39 875 55 721 31 515 124
10 457 184 543 20 893 106 718 138 246 151 582 114 205 100 385 296 649 239 46 10
5 600 237 107 295 335 143 411 151 649 240
15 48 1 313 3 21 144 72 157 356 256 855 263 509 288 843 217 366 201 633 39 720 216 726 138 400 35 571 232 54 225
0
4 85 250 861 72 417 127 384 18
4 385 71 481 274 405 200 336 235
9 850 214 594 255 13 232 848 9 747 258 628 273 49 38 754 136 587 258
16 710 6 882 204 822 281 679 135 668 55 837 98 817 274 724 253 379 80 877 243 359 273 54 46 302 224 379 160 877 145 582 186
14 630 202 591 142 318 109 283 146 787 176 254 44 320 231 354 120 279 100 83 217 716 244 376 288 558 280 674 79
3 747 121 359 232 184 73
18 804 72 457 271 406 10 201 224 150 110 660 16 330 268 184 64 372 277 389 278 686 121 618 260 107 255 218 165 419 74 396 167 464 51 121 166
11 316 12 82 199 497 286 342 254 738 48 96 123 768 218 642 92 496 186 804 124 467 5
19 563 39 167 107 624 127 558 28 730 5 398 72 312 64 545 18 864 9 841 10 901 10 596 54 378 150 378 208 831 282 805 32 348 178 238 223 48 295
1 839 133
10 775 298 353 145 489 271 754 211 258 231 203 296 804 234 613 202 804 80 882 127
9 257 244 34 59 650 275 878 253 821 208 718 207 572 50 361 278 874 35
7 362 27 138 154 853 161 455 14 309 254 780 117 282 124
19 505 226 455 288 756 210 235 191 436 75 154 284 52 271 621 192 543 268 640 189 30 57 658 181 463 58 23 38 383 189 453 264 44 12 468 31 440 157
6 747 146 747 297 747 62 747 180 747 112 747 20
20 88 48 348 55 153 281 385 226 206 299 633 255 706 22 146 141 836 1 609 82 516 106 414 1 133 274 384 176 321 72 594 4 745 197 273 244 631 51 569 299
8 302 88 218 265 316 47 822 133 676 249 468 235 302 4 22 22
9 312 213 263 39 613 116 274 24 335 24 41 201 145 44 841 279 384 129
11 839 117 594 1 822 28 464 146 275 242 861 157 107 70 613 127 754 87 350 20 893 77
8 338 296 315 208 442 144 858 197 703 76 280 235 46 85 265 80
10 54 45 336 173 65 155 7 29 66 92 539 185 720 100 7 140 572 113 826 198
6 145 82 458 237 885 183 804 289 403 270 331 274
17 184 87 336 118 511 166 710 125 569 180 193 105 718 259 346 251 804 299 551 292 218 295 569 63 201 235 405 219 837 194 22 156 252 36
14 658 83 878 16 558 90 730 289 724 257 193 205 638 198 804 10 463 278 791 76 857 21 815 133 259 141 97 49
5 649 10 44 177 99 113 297 3 755 50
10 89 6 648 217 370 70 762 134 589 42 650 251 794 120 609 263 876 79 829 10
3 133 256 352 256 351 151
4 35 12 760 184 718 217 216 111
16 96 237 127 89 379 298 900 55 778 213 396 139 571 258 481 275 668 166 696 107 380 185 683 89 149 68 216 17 862 46 163 230
20 889 61 81 135 17 136 534 294 441 64 195 206 692 212 152 211 857 298 408 51 114 109 557 173 700 57 394 141 86 126 95 50 39 241 403 132 798 147 250 43
20 235 97 302 120 398 58 271 133 259 159 839 89 506 142 642 123 685 202 181 269 634 23 235 10 828 116 557 117 457 153 201 267 567 109 796 7 519 8 864 89
3 896 171 350 57 339 115
12 327 128 418 41 218 291 768 57 674 176 541 126 850 33 899 184 58 296 528 254 359 122 779 40
4 471 66 571 254 775 227 122 100
19 367 35 778 139 34 11 547 206 198 284 874 82 696 196 676 135 511 256 28 150 373 87 745 193 714 26 599 159 107 295 862 255 551 119 841 54 218 24
7 882 205 96 38 882 127 316 68 346 50 837 237 720 259
3 616 92 638 186 582 67
11 873 263 764 107 303 222 347 5 100 97 811 74 642 63 411 9 15 46 811 275 100 270
14 898 270 804 123 603 283 730 132 40 161 694 251 362 256 219 264 619 143 677 229 503 182 16 133 886 177 611 66
10 545 28 534 201 189 30 593 40 878 102 395 242 241 188 697 167 815 139 543 296
8 388 166 234 119 108 291 366 249 821 167 453 143 349 285 831 256
19 258 38 411 160 81 90 353 53 649 222 286 141 457 26 543 297 900 68 330 75 234 176 389 77 122 71 770 223 385 51 822 155 346 82 96 173 238 190
19 538 29 353 138 804 36 563 191 210 20 666 19 547 50 238 62 336 150 882 72 882 287 98 203 584 266 600 166 129 35 479 170 313 155 103 101 666 286
11 416 120 862 251 900 80 486 173 472 38 344 219 300 18 209 195 470 178 167 14 681 256
2 511 215 784 273
17 544 126 798 264 489 26 660 87 238 33 380 191 826 222 692 112 295 185 274 162 631 285 682 116 437 19 599 153 313 220 46 218 715 77
14 830 131 218 84 395 125 389 182 611 247 599 91 80 114 685 54 42 85 564 160 667 185 538 295 461 83 842 259
13 96 232 817 62 184 77 442 151 26 191 106 65 22 160 804 127 130 79 778 77 804 207 679 201 580 30
8 285 270 332 121 172 92 494 155 507 8 164 159 276 233 266 8
16 133 187 109 16 599 72 97 278 534 192 309 169 124 24 110 5 542 268 348 266 42 64 290 199 720 277 669 202 853 242 270 46
13 715 30 328 136 194 105 275 215 271 294 389 31 340 14 847 147 674 273 136 264 241 119 650 6 400 196
1 713 74
12 34 268 129 194 775 239 163 137 822 96 205 237 613 177 130 167 900 192 216 33 201 60 481 291
16 200 240 824 55 181 256 491 165 405 297 501 39 674 201 685 202 284 146 527 97 440 230 138 228 515 217 152 4 660 42 157 99
11 243 289 390 57 642 200 649 220 106 76 258 215 302 119 350 279 401 95 183 77 411 101
16 582 115 223 40 728 8 227 215 93 227 890 170 244 53 204 194 201 273 526 188 862 79 458 155 839 25 353 102 54 229 562 286
2 881 247 715 214
1 523 223
18 377 69 292 226 401 270 252 255 811 193 864 235 536 27 205 152 149 30 479 281 26 33 222 155 692 270 42 254 150 119 81 13 234 298 389 175
7 619 213 355 277 843 34 11 128 717 9 851 145 890 202
10 471 211 818 270 361 186 416 98 54 83 80 269 681 110 80 66 312 186 402 47
14 279 208 673 252 527 215 400 72 236 130 586 91 613 38 183 25 767 204 432 180 828 79 850 291 244 113 618 281
17 188 296 26 232 836 182 657 103 702 290 60 241 60 267 846 12 767 88 409 87 396 10 194 293 186 291 889 261 715 55 320 196 572 202
11 481 238 184 241 718 246 718 34 34 188 107 231 559 99 729 5 860 266 860 189 720 291
10 814 269 412 231 890 103 583 94 466 94 385 195 136 215 402 147 593 29 145 242
9 511 66 509 53 651 290 522 159 575 171 563 71 99 7 855 50 329 123
4 77 115 635 92 229 130 424 215
14 266 250 651 198 588 230 395 4 471 114 607 153 350 58 623 287 580 97 719 219 613 257 822 16 753 23 850 114
7 582 163 692 120 796 164 817 129 676 13 642 236 551 159
14 573 62 177 278 472 11 527 283 107 150 512 231 780 268 605 136 109 80 284 234 384 83 355 28 826 24 645 139
18 430 115 212 24 556 81 638 220 112 48 247 12 865 280 21 143 374 22 599 52 190 274 80 134 41 3 92 123 764 294 179 105 831 52 732 153
12 401 75 71 163 98 101 596 237 548 23 86 174 479 42 167 155 373 197 510 3 121 111 168 33
18 659 73 437 93 201 37 398 212 492 45 767 2 831 233 874 94 236 257 398 252 861 135 546 101 234 16 582 57 804 38 601 221 348 34 492 3
16 150 138 181 276 10 233 696 160 872 71 367 208 837 36 201 73 815 252 628 57 257 170 60 126 289 21 157 99 85 183 14 241
9 31 208 875 251 712 141 581 125 544 243 360 81 793 2 697 62 162 123
4 566 270 583 203 897 288 599 160
3 481 178 198 150 316 21
7 686 263 624 64 351 251 52 103 411 97 593 142 273 87
9 448 96 446 98 163 177 15 28 739 256 562 63 58 183 241 145 471 244
4 56 192 836 200 373 207 546 279
1 54 74
11 887 57 382 78 108 156 411 255 19 20 509 206 685 127 889 161 319 299 409 263 891 93
8 637 3 862 63 386 11 513 241 253 296 328 120 719 29 899 27
18 389 215 601 158 292 206 238 154 601 24 201 292 676 187 877 24 714 109 150 102 468 53 54 5 559 249 405 47 488 154 127 18 457 25 798 268
10 28 180 468 300 270 113 683 26 271 137 299 210 259 273 142 224 270 64 331 194
4 14 44 176 206 527 153 52 99
13 592 146 855 135 489 96 513 202 463 251 41 55 313 198 456 162 286 126 367 169 553 24 558 3 798 57
3 364 82 674 70 72 228
1 876 218
3 473 157 113 124 396 231
17 779 83 411 144 521 51 251 149 346 278 534 71 190 34 65 57 57 63 897 218 757 8 769 102 24 84 735 95 40 110 856 82 173 218
13 292 234 519 276 692 229 401 198 634 152 419 28 378 123 263 294 775 100 336 198 122 19 107 46 98 244
11 850 282 385 67 189 280 156 177 196 197 257 57 472 101 894 135 361 9 551 167 156 100
1 222 40
4 817 1 488 3 676 200 613 140
2 384 103 395 256
13 555 127 882 67 35 91 157 113 133 249 46 282 377 1 815 201 274 175 588 293 411 111 825 8 770 52
1 275 189
4 806 225 665 296 454 56 633 17
4 331 266 649 156 396 194 19 186
1 697 72
13 419 270 205 147 673 244 646 85 223 133 682 54 136 178 296 15 374 46 79 156 561 58 592 19 791 243
0
17 523 129 555 177 60 35 593 103 236 105 221 21 182 192 628 96 710 83 48 186 195 29 539 75 112 124 536 86 559 164 362 275 715 36
6 819 39 159 6 321 296 491 119 169 7 195 272
8 62 59 831 10 622 218 359 40 553 245 807 168 653 68 733 178
16 683 99 107 295 353 279 267 4 746 258 356 155 526 240 554 3 529 58 378 97 489 288 215 118 742 184 782 103 757 182 542 202
8 246 280 580 192 875 160 489 48 676 277 114 228 398 200 292 177
6 93 35 489 168 347 118 862 130 891 14 492 178
6 711 220 736 199 145 39 745 73 520 212 343 18
18 747 45 747 209 580 11 747 178 747 82 747 66 747 111 747 240 580 246 580 29 747 33 580 22 747 94 747 150 747 8 580 46 580 198 580 85
2 655 20 342 129
3 884 41 753 198 569 270
12 877 294 316 244 710 39 676 176 580 230 747 156 822 73 106 36 747 297 747 105 106 235 877 253
19 184 93 878 19 463 62 234 220 848 104 17 280 489 121 737 249 363 12 741 243 741 35 555 50 480 198 108 282 103 204 44 121 736 233 626 51 202 105
20 198 231 457 154 98 121 216 42 66 145 720 196 668 35 624 209 380 71 878 132 679 7 390 173 235 57 330 126 235 66 878 203 804 225 822 288 894 115 121 54
19 366 251 402 25 825 42 126 92 222 145 818 202 141 170 177 78 562 8 48 276 121 95 131 252 580 126 685 215 416 130 48 28 692 236 527 79 190 167
8 720 174 201 218 252 11 877 166 582 25 107 238 81 125 107 25
17 99 114 52 265 642 268 846 1 335 70 236 52 798 231 205 95 359 6 622 100 666 34 628 6 622 74 805 107 878 104 271 30 561 231
15 731 191 491 85 153 115 666 143 506 112 390 296 770 97 350 51 114 177 536 274 149 242 130 238 396 262 81 80 392 6
4 726 83 238 153 571 296 558 22
5 272 184 716 175 8 283 156 112 238 55
17 519 244 149 104 765 137 509 11 96 232 607 42 470 191 545 78 258 249 317 218 19 238 706 147 472 44 509 59 569 219 65 71 544 199
5 329 232 875 236 100 68 361 111 470 84
3 411 225 368 206 861 25
4 538 94 577 37 538 264 580 228
1 286 144
8 346 20 811 30 697 116 770 247 42 116 835 206 133 162 167 213
5 815 255 330 103 719 23 346 236 536 292
3 255 253 447 80 588 299
18 201 13 468 2 252 201 822 47 379 294 747 268 405 167 511 143 882 150 379 73 106 260 580 243 511 89 106 142 22 90 877 40 405 80 796 138
14 624 228 539 110 149 108 377 251 588 281 714 106 352 145 258 243 491 270 336 165 259 40 42 239 551 152 559 191
14 799 283 881 243 529 237 791 274 274 265 674 107 49 19 279 89 611 226 265 284 157 1 629 289 346 189 848 148
17 671 1 233 4 59 90 215 43 176 129 501 73 280 0 656 132 267 242 556 3 868 47 333 148 776 170 739 275 456 85 562 298 749 142
10 126 45 893 200 470 197 133 31 274 45 777 275 316 98 132 190 707 140 351 39
10 565 145 47 62 145 62 271 167 20 249 774 243 881 287 39 26 761 268 611 235
9 392 16 10 11 811 300 826 300 697 87 368 217 832 273 574 41 153 167
20 461 216 334 270 492 184 893 204 203 163 643 29 193 225 257 67 210 241 60 219 271 287 182 163 177 215 891 282 874 47 353 147 872 154 618 235 271 12 35 44
11 269 158 549 89 496 119 296 297 46 270 356 205 735 52 390 168 463 243 582 286 599 300
20 10 273 100 131 91 260 573 153 536 70 332 254 363 2 860 248 890 141 810 252 270 1 549 118 768 255 310 2 194 206 188 114 109 127 353 102 729 297 417 145
14 282 14 835 115 47 83 194 293 183 269 185 191 238 34 34 2 96 118 878 230 150 90 380 138 390 13 130 241
6 317 223 297 127 596 20 372 156 488 31 368 90
16 301 297 487 139 137 263 489 215 622 18 550 48 71 278 186 185 767 23 68 129 198 270 649 30 582 61 728 290 699 19 84 66
10 871 21 106 70 828 175 839 110 280 42 571 136 185 111 213 144 317 87 265 266
10 580 163 316 252 106 187 106 177 747 211 877 43 676 251 822 282 877 238 822 64
7 158 282 290 194 870 74 776 270 832 125 605 235 333 200
10 390 116 302 56 126 292 549 262 471 85 805 93 113 155 361 275 861 25 60 265
10 526 222 459 228 122 43 377 92 82 58 820 52 126 199 405 119 872 173 193 206
2 668 90 877 241
19 885 113 184 219 316 95 618 124 556 91 714 3 54 45 170 281 236 199 577 140 27 269 331 4 252 1 666 141 729 77 519 167 730 89 246 232 222 43
7 861 11 626 200 13 171 404 16 901 143 530 236 620 19
4 132 269 539 256 492 288 668 252
13 34 155 442 78 488 243 130 243 107 154 81 232 54 64 359 10 252 92 860 41 238 84 683 74 679 103
5 729 188 127 270 820 48 730 269 558 25
2 184 212 882 230
6 558 254 457 140 396 46 28 179 536 21 127 118
11 350 80 270 28 263 264 822 123 48 73 418 136 618 297 74 127 171 45 336 271 171 240
11 894 115 22 35 666 52 754 292 184 62 634 16 331 191 696 102 480 160 839 186 721 82
11 580 122 668 32 676 161 580 157 405 92 511 201 710 274 580 216 405 299 710 36 580 201
12 729 177 378 128 150 146 81 12 22 120 34 251 325 47 720 229 862 144 580 280 839 98 198 299
0
4 428 192 206 252 807 245 390 200
12 835 145 223 168 275 12 353 200 274 220 234 141 882 127 259 22 696 146 488 185 720 15 297 59
11 81 256 798 132 796 29 511 287 302 83 379 67 731 133 731 112 679 182 724 114 558 172
19 582 119 569 185 419 122 559 60 649 163 193 289 130 195 325 237 22 263 258 165 798 61 862 134 127 297 511 189 837 211 198 187 862 124 170 186 594 114
0
8 371 188 891 67 652 138 198 147 547 91 79 171 203 64 125 41
2 204 8 668 32
19 598 163 92 204 404 75 252 255 781 276 348 289 775 113 706 51 798 208 302 246 415 96 6 104 458 182 466 73 492 21 500 151 787 40 302 116 623 110
6 534 107 843 39 720 184 607 277 731 172 275 114
8 662 204 754 145 551 124 193 67 489 122 522 84 150 23 808 66
3 519 2 316 73 770 15
14 757 1 256 91 621 267 27 147 414 142 538 270 548 238 182 115 386 104 697 35 568 300 19 184 520 22 523 108
1 470 52
5 275 108 642 133 791 215 766 259 471 141
11 548 120 63 68 131 169 832 154 862 86 266 269 205 153 384 285 378 137 131 297 555 254
19 154 208 131 29 268 147 273 112 471 143 526 55 390 228 119 129 352 98 299 33 729 40 258 271 458 289 682 32 360 11 419 75 142 84 309 223 530 225
13 344 59 760 293 320 78 81 218 241 32 749 59 600 93 606 164 606 277 385 227 204 217 837 197 662 11
20 603 55 18 40 698 298 39 217 826 65 595 70 507 163 162 121 292 18 830 198 44 112 424 280 74 157 538 107 53 232 611 181 222 192 379 287 241 99 126 78
4 571 48 676 257 778 131 862 103
15 754 141 185 259 209 256 250 30 725 46 565 61 136 9 122 99 376 133 887 291 658 248 690 181 715 66 398 12 141 172
0
18 168 174 717 235 532 99 162 197 80 57 337 189 526 229 52 266 126 283 722 224 720 270 766 139 835 216 267 38 534 230 853 275 731 157 709 50
9 576 226 289 111 584 4 331 7 837 21 312 212 405 85 548 26 74 100
0
13 546 26 131 39 853 222 266 224 17 173 569 212 196 69 86 153 791 288 760 42 511 199 880 13 864 86
9 785 57 737 202 721 218 207 64 664 47 715 21 800 219 744 271 772 7
10 279 239 411 70 193 295 777 102 353 57 512 241 35 17 297 85 351 249 720 298
6 150 286 150 97 580 144 54 186 352 47 54 229
13 409 4 650 176 825 195 506 291 862 141 857 128 351 58 234 291 753 205 303 27 41 48 81 270 336 109
10 614 235 776 147 374 259 398 99 853 163 520 56 24 286 327 270 883 108 729 227
6 258 84 563 187 759 161 582 111 203 58 190 97
6 83 48 640 70 895 89 187 146 247 18 517 93
2 681 47 135 39
4 367 205 218 115 649 85 270 209
19 58 183 7 117 408 169 703 112 511 102 475 127 367 253 382 154 690 149 250 184 176 39 589 99 593 194 166 173 796 135 246 288 551 173 44 189 881 180
18 124 145 302 69 596 268 765 85 486 221 39 47 463 185 527 180 512 253 682 108 193 120 538 75 18 96 10 11 267 199 206 158 804 16 803 90
4 196 189 599 194 868 165 80 296
14 44 127 305 29 846 256 870 28 546 64 688 53 70 177 546 299 78 110 526 37 680 157 642 195 106 82 650 215
6 367 165 892 215 346 16 569 48 296 52 388 272
5 553 233 275 164 371 60 297 219 312 24
7 316 292 263 190 336 127 235 12 372 200 257 225 54 77
14 450 247 596 244 154 130 550 71 884 182 555 38 163 134 785 145 371 58 236 247 152 184 280 85 50 162 472 96
2 71 282 798 187
11 198 56 571 272 882 291 557 52 817 55 745 163 798 76 389 239 479 259 377 86 718 56
11 556 89 176 86 422 259 506 137 714 297 676 252 885 143 892 243 188 130 536 61 300 237
10 855 42 396 117 132 143 395 246 299 184 339 212 803 25 122 39 796 265 376 104
18 466 211 707 156 600 110 188 53 468 206 210 191 847 280 753 134 599 287 241 245 556 83 491 209 717 20 551 25 337 274 594 38 111 275 666 275
18 39 257 586 45 461 177 550 92 336 286 634 208 377 169 760 225 745 71 861 233 361 56 846 283 589 69 42 61 201 220 688 70 707 72 472 43
13 106 101 81 28 696 61 877 54 683 260 184 185 201 175 731 256 346 244 302 188 22 90 582 52 683 161
4 305 112 620 219 209 193 825 297
5 569 274 657 62 183 101 588 102 508 54
5 252 214 22 225 900 133 106 25 405 7
11 437 48 467 229 535 173 257 223 336 206 471 235 15 133 522 29 885 233 331 259 550 209
14 138 212 593 13 899 205 610 187 777 41 214 50 876 39 106 117 669 184 577 6 501 173 49 171 839 43 227 47
17 874 198 315 28 446 176 305 38 694 174 282 41 149 129 551 212 550 139 577 41 434 218 897 175 131 156 295 197 644 281 450 0 652 90
13 295 126 682 83 486 54 322 117 832 80 476 222 422 14 349 182 75 171 674 12 724 99 100 150 519 157
2 504 208 530 106
16 831 142 27 41 831 268 47 153 896 60 849 234 796 201 280 162 542 209 178 31 881 288 110 15 340 142 328 82 433 133 222 11
15 238 291 876 297 861 212 394 127 535 43 496 13 152 286 735 100 700 132 747 105 571 228 891 267 256 118 194 32 479 211
15 40 249 117 200 730 207 763 135 226 166 340 260 251 182 359 247 454 191 182 97 416 166 556 13 779 79 712 255 732 210
7 257 114 858 64 6 255 85 226 693 167 286 78 440 70
1 657 33
13 175 30 326 40 767 212 572 93 721 271 798 294 457 121 423 264 659 291 301 244 79 119 381 29 6 88
6 613 37 122 125 180 166 864 142 372 42 600 25
19 723 190 607 261 509 208 679 292 749 57 860 189 435 285 696 23 607 271 624 223 383 115 406 168 34 22 588 32 227 282 28 179 557 76 714 179 266 243
17 118 34 547 276 753 117 886 89 300 208 760 51 864 185 112 175 803 100 703 153 108 62 497 262 150 177 584 226 271 43 346 36 399 130
15 538 260 389 237 513 143 12 32 244 209 547 33 331 255 875 176 63 86 322 10 730 94 346 56 354 177 107 228 790 147
2 356 28 888 58
4 780 76 328 135 259 208 882 257
16 676 162 193 107 106 2 107 211 379 238 580 107 747 210 747 77 107 193 580 280 747 49 747 192 822 80 316 81 679 295 877 134
18 346 94 491 6 576 25 750 54 471 249 314 225 548 127 250 103 527 161 250 120 654 160 279 22 316 237 6 103 793 287 70 129 806 229 382 143
2 106 5 468 102
16 857 73 878 88 185 189 669 57 79 181 49 265 493 25 390 227 858 3 626 158 100 113 369 234 660 165 739 10 767 74 373 111
10 462 186 13 96 449 3 94 162 544 184 198 167 741 257 754 289 411 79 423 90
0
5 597 112 241 5 79 299 607 68 818 100
18 846 223 855 147 39 290 790 291 753 119 122 257 244 146 489 43 214 86 629 63 183 46 506 169 20 255 662 195 488 111 94 138 167 207 422 91
17 822 254 511 128 710 104 106 18 511 250 193 285 359 91 580 217 201 87 714 225 882 84 798 201 379 101 679 210 817 69 106 37 582 99
10 398 172 432 190 545 275 7 62 696 114 350 69 416 206 325 249 790 269 872 55
20 583 69 112 202 736 214 850 232 652 255 602 250 250 156 749 8 63 269 751 216 44 185 149 180 26 40 254 285 582 19 380 39 646 262 55 169 676 83 362 244
2 271 125 543 55
20 351 75 54 291 777 29 692 46 774 288 273 112 880 206 46 275 337 56 872 48 204 29 344 26 384 94 211 205 352 199 606 193 874 206 182 50 624 213 442 17
4 227 86 270 165 214 10 725 248
16 408 58 335 274 821 259 372 238 419 150 629 225 80 36 99 152 113 79 178 117 360 209 435 190 763 56 584 247 388 97 169 86
16 201 41 726 176 882 13 837 9 714 292 747 144 468 21 379 132 676 86 804 55 726 140 877 27 580 252 580 180 302 250 679 11
9 900 257 548 186 633 110 806 266 165 91 815 183 334 15 587 1 464 236
13 832 111 667 123 502 238 106 112 634 71 98 145 771 102 153 293 85 58 438 16 439 83 601 79 432 290
7 500 55 484 160 699 4 3 34 727 135 541 228 609 183
8 511 5 681 218 509 187 359 231 235 10 194 57 668 267 186 117
15 116 80 72 13 167 179 519 113 184 280 124 93 47 37 717 135 135 275 373 182 315 18 757 289 422 111 496 166 279 69
1 81 20
0
13 317 202 316 150 488 195 575 66 864 265 559 102 877 6 835 21 317 96 121 86 367 180 721 173 607 236
12 457 234 184 97 567 116 546 269 572 33 693 82 270 149 778 42 419 289 488 205 350 23 385 279
1 334 132
0
10 531 218 610 280 847 189 543 221 864 259 222 269 568 236 669 26 869 243 457 112
9 840 77 751 65 103 138 75 218 819 123 7 284 830 190 153 113 205 86
2 286 44 296 153
8 778 91 804 67 536 114 471 296 130 40 796 196 731 9 481 96
16 809 135 106 139 503 66 596 163 726 142 665 229 60 100 659 202 450 181 580 51 211 140 729 33 388 88 754 280 381 283 893 95
17 491 244 98 290 72 269 754 211 405 98 442 227 132 254 479 289 10 258 7 38 567 87 798 128 666 4 822 195 263 20 775 222 900 18
14 576 284 81 178 461 191 346 11 545 105 753 161 607 54 119 135 159 54 352 227 271 163 343 4 170 75 818 154
16 593 212 442 147 369 58 488 57 222 4 555 85 565 118 836 284 589 197 790 161 136 80 559 61 98 46 559 238 438 271 559 158
15 572 50 258 221 7 193 289 245 471 70 180 262 817 280 353 37 535 128 511 26 120 96 642 101 681 97 659 188 315 273
9 7 15 346 9 130 188 457 118 203 1 489 7 163 106 378 175 234 117
17 521 194 826 94 638 135 313 171 819 74 35 145 749 190 290 1 190 22 885 69 270 185 566 155 690 232 112 123 581 145 72 113 751 242
12 712 207 853 295 584 203 775 171 53 288 191 245 248 292 462 146 313 261 402 272 777 64 68 139
10 252 21 613 235 557 185 479 164 373 159 559 109 567 8 547 8 352 55 258 46
11 892 17 513 213 188 115 796 6 567 147 459 171 296 128 584 37 97 113 376 155 43 172
15 822 293 359 57 877 182 668 171 205 243 877 249 747 65 81 112 302 158 205 197 359 30 726 64 726 250 316 231 81 26
17 615 253 265 170 209 197 876 40 202 5 127 116 668 197 875 220 354 118 815 237 767 98 188 190 697 215 594 111 93 146 692 164 261 151
4 539 95 731 134 378 210 385 137
9 622 39 512 248 356 46 418 58 594 84 769 163 262 119 580 196 244 63
12 692 26 7 112 361 47 380 90 481 189 411 136 822 76 745 214 601 220 754 287 302 300 106 116
8 554 29 646 260 378 269 869 0 888 53 257 133 474 34 203 188
0
15 212 0 208 36 403 226 836 251 501 165 854 44 346 18 771 188 123 266 281 38 168 93 460 95 43 73 413 273 104 263
4 493 186 12 138 337 263 876 59
20 577 290 624 101 258 214 481 72 721 218 184 42 492 162 74 99 400 190 683 282 22 54 596 271 575 143 361 123 858 9 271 287 170 167 7 241 315 198 567 209
16 193 93 600 284 690 69 108 189 329 184 539 278 584 122 747 21 236 160 126 261 113 51 167 228 634 210 562 266 461 2 420 271
6 223 21 292 50 861 263 576 213 523 104 826 290
19 190 296 19 100 542 30 807 75 836 227 864 131 376 285 890 228 508 242 483 93 872 104 580 233 363 128 292 79 362 264 759 237 510 41 563 123 310 225
16 539 152 496 179 715 231 692 285 839 266 468 224 857 245 724 57 205 170 858 101 328 242 361 195 201 101 817 279 246 85 368 292
13 585 203 109 160 346 96 209 247 791 158 743 176 216 158 388 7 28 139 650 120 39 283 203 268 91 137
19 766 180 626 287 489 192 520 178 467 145 310 23 168 163 114 238 360 297 759 127 523 295 778 293 634 55 856 117 643 73 373 92 65 165 71 255 605 221
1 39 259
14 139 241 700 217 162 219 91 290 132 145 110 113 701 233 837 196 491 170 58 206 510 199 199 179 214 272 342 74
16 202 45 546 126 828 246 273 180 790 135 80 43 582 287 749 185 805 14 730 291 163 148 202 51 406 42 867 226 223 51 681 123
2 703 81 422 127
13 599 42 805 84 10 277 346 259 81 31 156 65 722 41 156 123 238 30 760 198 858 29 697 45 815 151
5 127 113 222 96 457 98 22 29 201 142
13 620 75 504 55 739 275 431 201 576 44 43 153 746 9 93 77 127 0 804 136 820 158 117 96 557 110
16 676 144 882 266 106 211 22 182 580 129 877 242 316 200 81 257 511 64 252 198 442 58 679 230 405 270 205 78 710 261 796 110
16 346 182 686 66 223 295 721 113 697 27 28 132 607 258 406 136 297 173 170 238 317 258 858 24 390 244 184 63 167 166 380 107
17 539 212 96 104 186 190 724 244 379 31 571 207 775 24 679 34 106 246 511 60 511 192 193 88 34 295 96 53 822 24 205 107 218 59
11 653 162 490 287 261 253 690 228 96 139 172 297 725 286 394 65 900 225 389 245 423 36
9 98 153 837 98 258 39 325 244 613 108 129 282 492 147 811 164 378 231
16 848 172 299 248 574 262 167 177 563 226 385 160 195 39 279 161 188 267 846 209 728 223 17 297 373 197 567 244 409 20 811 166
4 81 48 796 257 600 137 361 80
4 157 189 396 267 729 3 470 291
14 360 141 818 102 546 228 286 57 189 121 818 151 513 280 668 294 268 174 804 108 543 281 715 172 363 99 659 36
9 759 157 213 62 251 82 380 13 66 242 624 190 512 49 674 135 309 3
9 791 241 419 44 369 215 42 61 549 155 642 220 419 161 363 105 843 279
5 320 35 889 68 594 227 111 56 702 194
19 353 198 96 34 864 25 891 208 686 24 569 230 286 135 594 159 718 24 275 221 184 18 218 36 167 268 721 45 551 81 892 7 558 240 747 185 54 111
15 444 57 273 16 218 54 496 283 55 147 697 39 178 78 698 158 436 217 767 257 36 243 296 203 122 298 507 192 618 69
0
8 437 143 559 20 588 38 492 106 359 27 642 201 353 263 236 45
10 613 22 572 132 198 235 860 80 236 165 491 12 122 106 575 182 557 77 26 203
20 22 273 106 132 106 300 747 176 316 216 580 68 580 41 822 99 22 66 676 80 316 235 822 236 106 23 316 18 747 283 676 300 106 208 22 259 580 232 747 171
9 34 71 401 133 378 297 198 231 729 106 679 34 839 265 54 106 726 216
11 287 189 687 31 675 262 288 230 710 262 573 188 210 261 647 299 632 192 278 46 259 128
9 508 49 723 50 259 41 889 177 559 288 686 174 860 138 658 120 181 279
17 373 135 401 242 236 208 523 146 316 1 331 15 214 79 28 226 877 25 878 252 42 277 60 66 10 36 48 119 594 244 679 84 894 207
19 724 138 796 253 511 213 676 205 184 198 468 26 796 126 796 297 22 153 184 143 668 105 798 84 405 248 877 161 379 11 747 121 107 197 316 139 798 227
4 537 265 813 223 391 136 765 30
12 257 38 100 23 508 290 17 260 237 39 746 9 654 270 685 292 311 120 815 82 423 29 461 79
14 66 97 724 141 874 281 106 295 692 163 129 41 479 273 860 95 551 216 457 168 435 185 390 231 405 80 28 88
10 748 299 457 298 717 83 356 227 831 100 24 21 8 180 465 290 196 216 592 78
1 241 138
2 720 244 238 85
20 350 78 223 105 193 49 234 142 534 111 893 78 563 221 601 67 539 193 848 236 153 154 292 142 876 278 723 9 42 1 509 37 607 159 481 240 726 281 98 139
16 292 116 380 118 754 116 731 11 41 24 205 127 257 20 572 214 150 120 860 108 574 79 471 122 805 148 731 69 66 156 468 225
15 372 182 296 165 350 222 770 118 379 142 122 219 571 209 252 102 778 7 841 144 96 133 367 284 150 229 874 113 396 93
16 576 54 668 88 543 280 184 210 171 90 419 256 523 62 334 92 457 39 186 162 601 283 692 80 547 28 259 270 731 12 205 181
6 127 227 372 205 567 296 157 290 796 296 572 133
16 841 25 396 102 98 145 580 82 492 115 547 244 316 147 216 73 275 141 731 15 406 297 572 12 492 227 754 67 227 253 642 199
10 401 234 248 228 390 61 582 64 355 62 227 203 197 227 475 213 70 92 359 212
16 839 162 472 68 633 133 392 36 133 238 544 145 227 201 574 236 340 250 754 245 257 124 350 168 350 118 523 135 894 113 697 177
12 881 49 157 271 94 71 273 172 836 12 271 178 861 199 775 256 440 292 609 35 241 44 204 235
12 625 125 82 166 173 224 555 196 149 252 606 21 179 101 135 292 762 179 365 92 867 26 846 252
4 250 101 767 104 491 286 751 3
9 796 30 882 10 569 53 252 167 710 33 481 107 511 148 130 136 205 42
19 386 56 266 167 218 263 124 136 624 109 686 90 693 230 258 227 385 100 361 291 367 25 861 120 545 58 569 215 858 214 877 26 729 247 86 293 121 258
