159
11 37 72 46 141 64 252 36 181 56 195 128 214 52 105 95 192 31 25 26 84 89 241
1 138 261
15 75 11 87 12 148 13 70 73 10 259 44 117 86 153 75 180 121 111 26 206 122 258 122 129 138 108 69 89 65 260
17 92 225 159 50 8 75 159 36 51 137 48 135 123 127 147 80 69 36 118 295 80 222 7 240 116 229 22 217 92 8 32 120 102 144
6 39 40 30 255 9 126 28 49 47 92 50 205
4 138 112 148 197 75 153 87 268
2 118 84 55 138
12 148 257 91 249 99 27 70 286 26 228 91 134 49 80 129 6 91 38 121 75 122 30 148 297
17 14 290 71 226 7 168 77 237 60 239 71 239 109 146 60 264 105 62 117 207 89 213 84 148 97 208 111 22 81 93 24 47 130 108
17 87 1 122 109 91 239 129 159 121 211 49 56 2 33 26 193 154 156 69 241 70 216 51 269 148 132 49 0 68 280 49 24 154 154
14 120 148 63 29 92 134 39 237 152 290 82 193 128 133 56 200 92 240 53 186 8 222 59 79 150 142 139 125
16 82 291 62 273 140 179 43 158 85 195 142 118 150 135 60 259 155 196 22 141 9 266 43 44 6 151 91 246 95 50 146 247
3 23 175 62 4 155 293
18 121 203 131 291 152 193 93 188 111 98 58 191 85 130 59 212 58 229 8 130 122 245 155 10 153 114 87 9 44 199 124 272 148 296 131 239
18 19 32 82 228 117 17 6 160 6 217 126 91 85 89 59 125 149 284 68 32 19 147 154 184 155 44 153 46 117 188 70 220 51 289 106 24
6 3 141 44 108 116 253 146 254 65 109 121 199
19 70 17 138 74 121 176 91 23 138 42 26 31 91 240 49 31 69 252 122 202 2 158 138 13 68 294 2 267 129 225 121 211 129 48 148 135 70 47
14 124 243 117 88 116 259 122 1 129 257 62 281 116 70 89 13 24 221 154 114 33 260 147 147 135 284 21 153
2 82 244 99 137
5 150 57 71 22 19 29 39 259 109 77
8 10 21 136 203 10 2 8 14 48 30 99 6 126 274 51 160
19 74 300 116 28 129 142 72 91 2 118 105 192 137 129 119 240 136 41 21 72 51 120 17 223 81 196 25 22 99 85 138 70 126 259 8 55 151 78
10 17 201 121 65 148 282 73 101 104 24 148 261 118 11 138 29 129 36 121 292
11 93 133 97 224 93 39 92 121 136 162 146 231 48 22 131 158 126 41 152 87 92 177
14 70 122 69 193 70 206 44 0 51 213 129 270 2 185 2 17 91 188 17 23 51 18 49 26 65 146 51 224
16 68 103 122 282 121 25 121 256 121 67 122 251 68 107 138 90 121 176 138 0 121 9 122 52 68 247 49 155 122 112 122 47
11 73 228 49 12 89 106 59 239 159 264 65 170 86 121 121 126 49 295 158 275 15 6
5 61 137 129 63 111 12 9 23 65 203
11 153 27 145 57 52 77 108 190 91 8 148 139 60 234 154 8 68 127 158 141 87 155
9 108 282 28 92 131 178 154 241 135 127 58 119 19 281 136 198 15 111
13 150 43 157 52 94 44 152 117 68 97 140 269 121 18 138 154 111 256 98 228 130 230 133 101 69 223
17 98 119 110 49 137 25 91 143 45 285 61 160 158 71 65 73 153 290 110 37 104 217 75 68 155 13 86 169 80 294 155 107 26 75
16 121 54 70 221 44 122 154 107 10 186 10 237 121 142 10 164 68 286 87 131 17 109 74 147 104 201 17 235 10 261 74 112
4 125 205 119 105 93 216 84 33
16 101 298 2 145 126 3 105 192 105 166 23 103 44 86 43 120 151 186 114 123 109 17 148 175 51 50 134 138 22 259 17 73
7 144 92 66 249 152 265 74 165 147 40 101 15 159 187
12 78 156 107 87 57 225 156 10 33 266 138 185 62 87 27 184 97 103 98 265 63 33 30 250
15 129 117 91 297 129 101 17 131 137 290 69 242 122 14 79 157 6 268 6 70 134 162 8 187 49 118 126 101 25 133
1 104 206
16 9 63 134 26 126 84 20 290 52 60 133 268 15 250 25 116 29 271 59 60 73 168 68 64 154 42 129 178 25 275 140 90
16 130 34 81 160 7 30 101 44 113 291 84 116 18 205 75 147 97 13 73 16 53 148 124 10 33 257 55 156 135 295 139 84
13 86 178 73 264 59 272 48 41 69 270 49 290 96 239 69 269 94 195 6 85 44 195 26 217 25 11
5 137 265 89 237 80 95 152 284 97 79
13 154 129 148 51 49 186 121 58 2 231 68 30 68 92 68 143 49 200 49 144 122 292 122 65 148 124
15 85 64 83 25 106 268 104 291 104 118 72 90 146 4 60 104 3 44 48 21 143 223 142 101 130 88 44 24 81 26
14 67 9 5 275 140 218 151 63 79 154 122 2 67 295 39 86 22 117 66 128 99 214 133 0 84 103 6 229
1 100 35
18 87 56 94 267 99 132 49 68 72 101 137 142 19 179 72 125 143 220 65 2 25 33 143 177 23 254 122 29 86 184 19 261 74 142 151 164
4 121 254 121 206 121 247 121 93
17 141 177 15 199 146 26 10 56 125 262 125 103 53 67 121 200 23 186 65 198 65 141 22 44 114 234 96 74 108 157 137 152 12 71
11 154 257 138 129 129 40 17 188 68 277 129 90 2 276 91 101 68 241 68 189 17 117
20 151 139 75 297 10 49 19 190 17 68 125 288 114 218 73 126 70 105 72 35 10 80 151 286 138 116 69 197 118 8 104 123 126 69 74 41 3 283 85 62
2 24 196 142 153
5 133 260 79 168 129 105 138 158 59 31
18 104 271 127 189 17 270 70 9 48 299 91 55 23 172 94 226 145 230 69 214 21 111 125 126 87 138 2 249 146 50 81 30 72 52 3 19
5 130 180 70 13 154 164 159 70 158 40
4 132 117 99 165 52 80 50 253
1 105 167
20 65 106 126 37 3 254 6 239 143 164 71 120 121 91 154 126 44 105 99 219 151 131 114 227 114 249 127 231 70 25 19 76 2 144 2 267 125 190 86 119
16 2 39 58 48 58 5 121 287 7 207 55 151 55 204 101 151 65 223 131 234 153 94 155 299 124 270 143 262 71 300 19 218
17 96 43 15 189 96 193 131 137 51 8 38 182 134 81 148 22 79 212 14 202 15 37 79 205 118 193 128 170 21 256 134 86 127 214
4 10 147 142 99 43 2 9 299
14 62 40 4 256 109 67 113 254 22 97 93 82 157 222 14 188 154 254 124 65 140 2 157 131 82 21 148 289
8 41 91 139 253 31 178 154 245 98 99 117 45 70 94 30 257
13 49 5 154 253 70 169 154 94 138 131 121 234 154 93 70 51 148 98 49 80 2 170 49 121 44 241
5 58 108 104 276 95 88 135 175 43 92
5 11 7 29 157 12 133 77 13 7 237
15 121 297 49 97 121 76 121 283 49 52 121 34 121 267 121 169 121 27 121 77 121 114 121 31 49 236 49 180 49 197
7 26 109 70 25 121 178 122 279 49 144 148 252 138 49
11 26 26 68 236 122 55 44 247 148 298 122 24 91 135 91 220 122 221 121 81 26 94
4 8 164 129 71 99 179 129 141
8 10 38 17 35 51 196 99 125 51 278 121 45 70 199 65 160
10 99 240 26 230 51 171 25 27 72 258 99 232 70 61 91 113 99 149 129 126
12 122 202 72 187 125 275 138 92 86 70 3 55 121 150 99 79 70 14 91 96 87 286 65 249
6 26 106 2 157 87 83 114 46 87 104 99 16
6 83 137 15 151 157 10 140 198 124 82 140 242
19 55 280 119 65 72 256 138 259 119 35 52 65 97 220 105 113 10 32 51 41 55 298 21 144 25 288 23 9 3 285 111 191 159 263 137 26 118 141
7 112 107 40 300 20 278 54 135 102 253 97 63 92 39
9 143 35 3 238 94 111 77 226 137 100 129 193 22 172 91 230 48 298
14 3 234 8 274 48 291 143 40 122 129 137 263 33 211 86 175 145 217 129 175 48 145 26 211 3 233 126 278
3 82 129 125 48 8 21
16 70 261 70 222 3 96 26 249 8 129 72 114 17 188 99 151 138 236 3 229 91 137 69 57 87 19 114 131 70 37 91 237
14 59 18 149 168 55 294 155 61 149 142 146 106 89 180 155 221 148 179 80 130 105 62 26 118 85 56 105 61
18 6 112 69 201 75 108 127 17 140 184 97 291 73 13 68 243 69 257 96 8 55 132 101 94 109 215 71 122 83 259 122 78 8 237 23 282
6 125 29 49 248 138 204 118 178 25 138 44 252
7 17 58 69 51 72 124 17 217 65 232 69 29 2 175
0
20 115 172 13 154 34 31 48 69 39 43 155 41 79 203 86 125 114 86 8 13 95 147 2 47 81 113 74 92 154 230 29 162 29 204 147 32 58 11 32 29
10 118 98 129 217 111 152 154 186 48 205 150 73 129 121 42 152 113 279 55 34
18 65 265 137 20 19 255 8 5 129 210 133 225 155 13 155 104 84 165 79 211 148 37 77 263 69 126 151 136 147 296 60 84 101 143 157 108
18 2 287 122 2 154 24 49 288 68 28 49 26 68 252 26 16 154 72 49 184 121 277 68 29 121 227 68 225 121 279 2 110 26 103 121 258
19 106 11 59 163 15 293 77 180 154 203 113 297 153 86 17 287 126 104 87 54 136 48 6 221 122 81 86 38 69 33 104 149 118 265 23 191 157 60
5 80 236 42 165 111 237 86 44 70 219
3 75 46 104 69 91 273
16 32 154 43 75 97 109 10 102 14 32 49 110 74 194 24 109 125 126 149 61 123 257 145 235 96 203 118 247 128 7 102 117
1 72 185
16 157 286 137 57 25 211 26 211 59 265 72 21 81 174 85 191 33 176 80 235 129 278 2 267 6 203 19 64 126 296 74 67
9 7 68 38 3 74 240 114 135 55 253 10 50 8 254 7 77 81 58
9 121 26 26 124 68 0 17 76 68 112 70 285 68 23 10 266 65 97
15 119 136 55 128 85 107 98 186 21 171 60 79 70 206 75 96 85 21 135 1 59 43 121 218 42 135 122 274 126 199
14 96 31 82 160 96 284 69 120 97 290 126 113 157 27 135 264 121 280 22 78 55 225 6 283 55 197 44 150
19 101 25 135 166 7 144 84 29 69 278 87 201 114 112 96 167 149 37 3 56 110 289 44 206 82 79 79 300 106 287 94 243 7 210 109 277 15 232
16 123 135 149 21 25 200 108 13 61 188 147 238 126 282 14 110 9 122 22 44 73 296 134 210 27 65 82 282 30 187 69 281
1 49 61
1 51 4
0
3 88 132 21 257 86 25
16 76 114 124 70 158 269 17 237 110 42 119 6 77 47 87 106 77 183 91 127 4 284 93 84 140 67 128 198 124 23 79 232
8 155 255 65 33 118 67 117 187 49 261 118 4 125 77 8 261
1 27 199
8 70 59 151 71 42 56 122 214 65 178 86 91 70 39 81 287
4 18 216 95 149 84 145 158 121
19 154 96 52 256 86 190 10 86 104 231 114 183 8 32 116 285 70 161 91 272 65 29 33 292 122 5 19 225 59 296 80 31 6 67 148 126 127 222
1 44 58
16 47 107 103 300 147 56 116 45 103 229 42 161 3 285 48 139 79 130 154 98 131 140 158 35 39 291 56 63 134 229 49 242
11 154 47 25 231 74 153 137 250 68 54 146 192 137 124 94 126 6 112 8 162 49 49
6 158 282 59 79 140 196 148 83 155 165 51 124
17 74 296 72 293 25 59 2 6 82 22 26 179 69 250 72 186 51 219 49 55 86 223 26 135 86 59 26 163 10 64 33 299 72 28
5 105 0 42 58 85 276 17 9 140 56
13 53 91 45 30 90 1 43 107 71 19 29 84 108 130 75 48 127 45 143 149 106 102 72 248 133 291
0
17 49 247 68 20 49 193 68 292 49 95 121 46 49 227 68 122 121 229 138 3 138 276 138 1 49 66 68 66 49 144 49 282 138 129
17 35 249 42 139 23 201 85 223 42 93 27 127 17 140 69 11 146 70 71 51 92 75 42 231 25 169 80 119 58 239 90 33 7 101
5 111 182 17 102 152 268 93 282 104 71
7 99 274 65 150 91 155 65 163 99 49 2 267 99 86
4 114 235 74 198 26 85 151 62
18 121 109 6 260 51 60 33 63 71 2 81 178 137 20 25 116 52 160 129 55 2 125 148 6 94 264 114 31 17 196 82 167 114 214 138 140
4 148 33 121 22 72 253 43 181
19 68 151 2 211 44 7 154 128 44 107 91 76 49 35 121 194 154 133 26 82 154 271 122 38 68 7 91 262 68 39 121 292 49 135 148 153 122 220
13 22 17 2 33 51 61 114 42 59 35 143 93 69 221 96 218 136 161 114 221 149 139 125 110 96 30
3 126 33 140 163 121 276
14 16 293 81 263 26 46 29 270 70 28 139 88 62 163 101 92 99 233 145 167 25 219 136 37 86 180 19 127
14 68 294 157 222 49 188 48 294 82 115 83 139 2 204 92 11 43 66 114 99 21 198 23 293 145 36 93 30
0
0
18 17 18 44 85 146 17 75 108 81 97 157 154 23 279 74 270 116 122 3 110 17 260 80 100 6 49 70 228 82 8 49 39 81 270 85 86
18 94 170 118 47 69 292 91 185 87 281 23 18 154 162 71 257 126 136 71 146 8 210 33 58 86 271 68 37 2 256 99 81 52 122 143 292
18 121 288 68 89 121 100 49 107 121 235 68 14 49 100 68 64 49 252 68 70 49 204 121 66 121 253 49 150 68 133 49 146 121 76 49 18
13 106 267 108 184 62 49 92 173 48 219 68 84 53 65 142 290 155 125 52 183 113 264 60 223 125 243
6 80 48 70 202 157 227 59 31 48 68 121 130
16 60 210 89 32 145 247 157 33 148 46 129 142 109 252 158 271 135 189 32 164 130 69 90 12 59 275 2 235 51 290 23 118
14 19 191 52 16 72 253 25 286 51 0 117 79 42 34 122 281 99 152 86 212 72 139 121 132 155 4 127 197
13 65 125 10 113 26 159 72 35 65 186 154 157 68 63 121 185 71 20 104 242 6 184 8 35 138 263
19 94 206 38 241 25 32 148 88 12 202 89 286 151 91 65 163 22 227 53 22 128 68 76 211 117 117 114 160 92 74 45 7 92 132 25 57 94 7
8 127 124 146 184 151 182 104 220 157 230 94 54 85 210 69 260
16 104 95 6 185 74 262 121 164 69 39 86 1 6 214 99 164 129 116 69 251 114 82 33 73 94 50 121 111 68 117 69 129
7 136 135 86 142 48 57 111 126 14 282 83 77 85 274
6 91 258 154 220 26 260 121 150 91 38 122 110
15 129 86 116 147 82 186 138 183 26 179 119 195 6 246 8 228 111 15 111 184 23 109 52 212 89 47 129 60 33 4
17 146 244 23 40 21 241 69 79 25 77 158 167 129 188 59 239 44 136 127 185 104 258 87 50 111 199 59 242 21 40 148 173 69 7
17 91 207 75 50 86 243 86 46 75 261 122 298 70 256 91 74 87 26 49 154 2 71 82 178 104 22 17 148 65 260 122 182 74 286
12 99 202 97 180 21 57 140 11 51 286 96 17 116 144 119 107 87 230 73 220 114 112 119 284
16 119 273 42 130 65 76 87 130 72 7 19 152 155 228 72 133 118 194 97 3 158 83 118 123 138 39 87 204 87 21 151 106
4 138 105 68 144 122 281 122 44
19 69 56 121 217 143 127 96 119 59 6 65 19 136 243 75 153 55 224 82 256 8 126 96 25 86 9 116 39 145 7 80 235 118 94 25 78 52 61
2 50 91 121 262
13 143 185 73 295 73 239 118 257 146 160 25 216 125 5 127 68 96 4 81 49 8 109 10 54 118 23
2 10 289 70 38
10 149 294 72 30 114 204 17 39 138 214 73 130 143 8 10 128 125 132 143 137
