99
5 88 189 65 189 74 189 87 189 41 189
0
3 45 189 75 189 92 189
2 79 189 67 189
1 99 189
0
0
1 7 189
2 96 189 81 189
0
0
0
0
0
3 97 189 44 189 98 189
0
1 31 189
1 16 189
0
1 19 189
0
1 50 189
1 18 189
0
1 76 189
0
4 25 189 37 189 58 189 49 189
0
1 48 189
0
0
0
4 69 189 20 189 86 189 21 189
0
1 72 189
2 57 189 56 189
1 24 189
1 43 189
0
0
0
2 26 189 47 189
1 73 189
0
0
1 61 189
0
0
0
0
0
1 63 189
2 95 189 59 189
0
0
1 90 189
2 10 189 62 189
0
0
0
0
0
1 30 189
3 11 189 84 189 22 189
3 36 189 46 189 51 189
0
4 5 189 12 189 70 189 52 189
0
2 89 189 14 189
0
0
1 8 189
0
4 23 189 54 189 38 189 85 189
0
0
3 4 189 83 189 71 189
0
3 15 189 35 189 82 189
2 29 189 2 189
2 3 189 42 189
2 68 189 34 189
2 33 189 32 189
2 60 189 55 189
0
3 28 189 17 189 94 189
1 39 189
5 64 189 77 189 53 189 80 189 9 189
2 27 189 78 189
0
0
0
0
0
1 91 189
1 93 189
4 6 189 40 189 13 189 66 189
0
0
