673
13 576 46 530 112 440 111 145 123 636 251 307 252 221 155 283 45 262 198 372 278 40 32 302 242 441 285
14 478 115 436 13 262 38 662 235 242 208 317 201 376 118 449 149 53 104 132 57 394 33 460 236 619 66 242 139
5 41 204 644 196 346 8 512 183 211 82
8 637 121 247 82 223 125 471 212 471 81 286 131 398 188 146 181
6 657 186 534 156 351 43 595 23 363 83 266 30
2 479 48 286 215
16 521 219 12 81 471 143 566 118 645 154 110 95 425 105 105 240 90 7 561 262 571 179 513 79 280 74 34 86 252 158 214 111
9 43 252 643 185 293 204 280 127 507 178 479 250 426 200 558 25 325 155
13 471 256 423 158 280 225 280 239 566 300 426 300 637 239 247 143 345 226 146 111 286 273 176 197 223 273
9 573 127 280 264 620 155 662 249 478 154 45 259 608 175 230 259 566 281
3 523 97 174 21 283 247
17 149 86 620 276 522 179 54 150 646 6 283 196 319 69 508 90 400 12 635 226 223 4 318 94 56 179 507 109 287 245 644 17 321 147
16 337 128 237 230 345 173 120 111 346 287 664 161 79 199 94 46 516 27 478 21 38 198 333 189 393 113 643 258 113 229 210 100
10 512 37 132 16 522 147 556 203 512 8 3 228 176 172 637 95 517 224 28 23
15 502 34 74 176 672 169 288 194 424 42 531 29 41 151 649 251 178 94 297 155 59 71 438 64 461 155 648 50 282 185
1 209 227
19 578 188 260 267 477 126 575 294 275 62 612 155 367 213 65 161 599 249 542 36 237 96 478 213 560 199 527 290 367 232 583 232 305 252 346 110 110 66
14 381 70 268 129 20 67 654 282 276 20 450 257 414 275 325 170 74 135 449 292 450 254 109 78 99 248 577 99
11 283 226 247 202 543 268 345 60 357 89 566 191 490 88 237 74 286 41 146 238 4 177
14 523 215 55 54 543 102 430 31 96 213 323 270 71 264 496 91 523 125 167 220 522 245 207 257 349 292 387 212
20 565 145 222 123 136 41 174 60 579 295 5 120 248 49 423 161 600 40 139 154 658 192 127 72 564 43 32 135 546 15 620 120 497 232 432 130 395 113 174 84
6 407 7 237 79 365 69 593 144 652 284 396 151
19 357 161 436 276 85 105 345 45 357 134 635 84 143 248 237 61 27 144 471 298 490 155 357 65 398 241 346 252 345 15 637 225 4 276 90 258 92 20
9 509 215 462 297 198 3 614 138 141 202 462 267 451 36 449 169 16 300
18 15 123 529 35 328 300 298 202 303 128 39 165 368 13 237 208 4 237 181 65 123 240 237 82 573 125 548 103 93 158 70 58 545 77 224 66
8 64 112 378 279 354 160 515 25 192 98 289 112 79 16 449 34
0
0
2 513 59 556 124
17 670 97 58 204 447 40 512 70 491 77 262 196 277 111 110 23 447 147 58 67 507 65 331 216 174 255 300 270 424 6 252 90 274 222
8 404 172 121 259 195 13 39 291 662 300 227 262 100 97 485 151
10 637 174 286 50 423 209 637 251 436 42 214 194 436 277 436 76 637 188 146 270
8 459 287 481 58 547 42 526 35 89 299 208 12 141 117 133 15
3 566 50 471 8 286 67
2 104 45 523 170
15 234 138 226 54 460 103 421 213 237 52 132 78 27 281 4 277 646 297 252 38 211 149 319 84 486 88 400 61 430 25
2 473 13 83 182
10 503 21 430 281 70 14 410 216 492 166 499 267 561 74 90 147 274 191 252 148
15 326 32 365 181 4 111 360 148 99 139 283 204 55 162 425 59 169 239 74 19 436 77 29 128 161 182 38 249 588 207
2 75 82 233 36
10 503 110 38 146 595 181 393 27 527 156 266 119 23 237 124 24 585 151 491 146
13 72 190 293 195 646 40 456 23 295 35 651 190 201 256 426 85 146 176 12 173 212 24 321 169 62 206
19 301 164 547 257 80 246 424 80 206 134 435 272 346 61 471 186 256 239 515 177 352 173 10 239 117 162 305 22 435 19 503 164 490 114 34 276 334 155
12 561 247 552 84 155 268 398 65 547 156 346 179 472 84 416 160 402 221 6 62 346 79 401 91
1 85 299
9 141 165 667 68 4 265 662 114 206 90 36 248 289 212 132 154 274 240
12 437 250 600 6 46 261 121 113 211 105 635 29 6 178 2 288 133 153 585 46 552 113 643 175
2 181 139 54 101
9 387 128 430 299 635 10 52 68 577 67 248 104 35 52 94 5 144 264
9 399 67 236 8 536 69 28 187 239 78 571 198 599 32 36 67 223 207
17 463 129 345 152 169 140 288 60 141 215 338 166 640 204 321 127 573 141 124 18 132 19 12 232 251 207 12 124 582 117 486 210 588 93
2 206 237 480 195
2 230 192 226 296
20 45 144 566 208 490 242 34 227 319 58 223 77 36 65 143 86 6 189 11 264 423 60 295 267 620 259 460 253 234 248 94 133 471 203 564 57 670 41 248 160
18 54 280 479 29 491 83 577 20 7 207 564 25 206 91 655 23 357 51 522 253 85 192 252 255 670 275 321 72 211 44 435 157 85 194 507 12
16 286 158 94 176 300 290 436 226 351 109 105 92 11 242 566 283 212 104 45 216 503 164 23 94 646 63 32 159 566 241 206 198
19 422 10 423 240 228 283 464 29 591 54 583 31 212 52 622 156 6 193 136 223 461 244 80 165 420 105 234 36 175 62 75 185 189 96 543 30 581 42
18 251 147 149 89 143 67 4 84 426 244 55 146 62 206 174 294 523 52 646 76 305 82 486 124 34 79 19 190 670 64 573 217 292 154 513 150
20 585 285 38 142 605 63 425 81 658 109 194 141 423 197 362 256 352 12 157 29 354 18 212 85 281 65 389 188 400 264 78 38 626 82 11 26 88 234 36 295
2 395 250 95 193
2 378 82 45 265
9 143 145 523 149 206 212 293 194 236 226 23 32 11 55 619 122 262 218
2 49 77 3 246
15 306 5 274 34 588 53 338 277 643 143 513 34 90 39 283 164 262 298 448 44 10 151 10 229 608 223 6 41 297 157
13 398 101 574 265 203 295 300 77 115 149 300 165 338 4 351 58 283 105 247 77 11 185 289 270 262 137
19 124 202 85 10 491 49 611 123 286 152 426 225 508 238 293 171 366 226 555 251 173 132 110 56 425 286 351 273 155 142 667 102 357 57 430 97 543 160
10 233 70 552 126 587 244 55 205 7 48 403 31 247 43 319 151 110 236 122 39
19 321 198 38 298 616 279 171 78 555 56 449 162 389 269 174 295 144 201 265 126 63 238 647 8 560 11 406 137 119 140 672 99 199 145 588 80 418 250
20 192 36 32 215 192 212 146 16 92 292 280 102 206 71 223 76 176 181 436 151 345 156 283 9 146 160 223 265 398 265 214 31 9 202 214 280 9 235 32 284
13 287 129 280 265 19 91 115 281 357 168 637 255 211 172 670 251 143 49 283 165 105 234 282 45 247 123
16 110 148 637 28 345 171 304 164 607 213 131 63 212 135 165 205 554 199 79 243 396 203 350 44 319 151 211 177 607 233 329 268
15 292 185 582 147 55 3 110 87 137 181 135 219 357 297 346 130 620 278 79 260 143 135 486 122 62 274 331 210 214 8
6 92 70 398 17 206 169 490 82 283 186 223 135
2 12 253 384 296
14 117 289 577 32 253 6 161 196 577 252 620 188 200 112 155 221 560 267 416 62 90 96 105 295 32 290 421 106
9 242 268 38 116 532 203 72 32 225 119 560 193 483 117 600 139 657 59
5 333 98 79 20 70 73 501 20 609 43
19 427 161 103 153 11 74 132 131 393 98 388 287 70 173 528 152 280 246 427 111 606 52 667 232 199 174 558 178 635 169 593 154 378 151 547 193 577 92
3 454 290 521 221 280 123
14 483 225 56 136 161 260 616 214 103 95 7 62 252 172 364 0 366 68 635 278 143 244 251 288 72 209 417 193
7 127 259 267 278 521 41 556 48 327 250 282 56 505 115
18 323 62 32 169 581 220 45 160 662 269 496 211 3 91 584 48 610 49 393 159 525 78 47 210 556 160 548 208 219 125 207 151 149 97 167 16
12 194 213 556 237 399 3 593 50 146 97 446 241 58 76 645 182 245 206 256 221 389 242 95 172
2 202 46 464 73
2 460 182 479 165
5 52 56 310 15 87 156 414 96 56 226
2 214 124 651 8
14 127 236 454 227 43 164 55 144 306 84 226 69 216 174 23 102 290 138 418 53 233 3 423 222 640 276 132 63
16 176 30 146 154 283 86 69 177 645 46 206 211 471 265 237 85 274 137 69 12 280 141 45 5 282 216 122 127 234 183 85 52
4 247 44 463 10 34 275 237 205
8 152 128 20 245 456 200 270 254 278 177 409 75 57 156 317 181
8 398 285 4 60 280 140 286 71 176 33 423 201 176 175 146 75
4 620 213 447 231 573 54 234 205
4 319 39 456 270 237 274 564 155
1 214 107
8 4 279 165 93 364 130 460 137 346 48 418 110 292 227 560 137
12 599 3 41 86 593 140 127 40 281 290 78 111 592 85 547 157 591 159 500 212 434 92 653 253
2 360 292 379 106
0
16 667 258 338 255 490 259 619 145 169 294 515 270 548 74 590 53 417 250 423 53 435 218 237 270 430 237 223 154 651 191 233 152
16 239 150 640 265 3 205 506 191 70 80 122 233 297 91 188 62 102 1 102 289 657 173 64 4 109 170 343 265 358 291 199 143
16 34 138 214 147 555 248 65 96 478 226 644 231 62 193 292 142 32 109 226 183 398 185 555 127 421 177 635 35 132 191 223 31
13 23 226 398 81 226 202 640 74 479 56 513 261 513 171 471 276 280 273 345 210 211 276 23 57 305 176
12 355 205 280 197 32 206 19 225 215 80 517 13 165 77 3 288 200 168 491 188 376 244 512 208
19 19 205 645 153 463 8 398 102 283 159 282 271 456 250 212 200 206 179 635 76 543 165 286 49 376 81 599 217 423 177 274 53 436 140 89 66 92 223
3 432 45 560 204 667 127
16 30 244 35 147 350 208 321 2 171 223 226 113 497 133 622 154 146 85 435 185 384 126 241 191 372 202 415 216 8 240 73 61
20 274 180 247 207 176 63 226 216 214 18 280 57 23 74 566 231 376 159 635 128 90 217 27 123 463 234 214 113 32 39 523 208 262 217 262 192 262 282 566 161
13 214 160 619 189 425 245 310 186 499 175 219 158 282 75 282 15 512 225 45 109 564 248 554 196 523 232
14 4 111 421 79 206 162 423 10 566 293 398 227 670 285 463 69 174 8 105 114 289 65 376 148 614 239 174 133
2 468 293 651 50
5 161 43 556 69 155 200 399 98 290 171
1 192 11
1 340 240
2 19 92 119 142
19 514 121 438 265 601 179 29 147 95 126 192 157 666 5 216 187 145 73 5 277 235 57 83 244 21 217 15 203 74 169 162 254 478 236 627 109 26 78
7 4 83 23 80 400 71 521 32 127 236 521 243 396 212
7 295 287 590 164 2 53 606 127 492 24 512 155 281 125
18 206 131 282 259 599 155 176 148 423 123 599 71 283 273 280 139 436 242 223 65 214 195 423 61 176 282 176 104 436 257 479 279 176 53 206 10
20 119 264 69 220 566 253 32 284 32 162 398 33 306 182 230 153 515 94 19 169 122 62 32 227 119 287 309 245 296 90 4 159 30 23 486 256 192 236 248 221
18 7 180 589 83 122 168 317 260 460 199 426 224 402 107 216 33 437 42 123 212 226 203 263 107 295 210 290 105 447 177 493 19 135 215 608 15
5 280 120 436 193 223 87 4 99 566 290
4 567 214 206 4 69 150 658 50
17 251 44 508 169 471 189 486 253 283 152 210 144 449 7 507 32 73 81 463 99 230 239 11 8 670 264 561 115 410 27 345 56 655 197
18 593 246 219 220 317 153 352 81 319 161 610 195 405 127 652 257 490 39 89 246 413 201 612 119 67 49 221 244 527 199 389 28 426 120 349 145
20 637 284 39 167 30 96 460 105 258 174 477 86 144 265 190 237 182 19 243 54 467 111 453 217 154 199 29 73 224 265 655 119 235 241 567 298 280 222 337 149
20 70 19 108 201 300 89 212 82 486 231 396 232 237 83 283 230 247 4 430 80 274 16 6 133 212 107 283 20 454 252 435 44 146 71 212 239 212 168 45 3
7 485 9 106 207 592 102 657 288 600 112 588 155 419 47
8 297 20 364 16 611 204 283 195 56 19 173 159 85 110 491 105
18 69 9 219 117 211 62 582 202 9 152 635 263 88 176 247 153 274 178 239 286 587 198 219 209 592 83 393 58 493 139 219 105 410 161 414 98
9 471 209 155 124 80 16 456 11 624 246 110 162 50 115 643 115 334 218
6 115 226 463 119 490 229 214 74 223 12 108 182
8 427 18 282 266 512 127 516 281 585 70 79 213 290 79 96 201
17 16 151 507 19 427 269 543 159 69 79 79 272 532 158 169 183 223 16 275 59 349 199 564 52 19 133 478 53 417 141 312 191 103 38
13 396 66 137 39 449 296 507 48 115 251 234 176 454 48 30 38 435 294 58 22 199 82 490 103 345 36
2 491 221 486 104
8 293 51 274 24 556 256 287 98 512 194 199 131 296 232 645 61
5 362 82 564 282 414 194 226 144 283 49
3 479 300 144 260 625 232
19 664 23 430 124 508 146 640 98 130 263 11 163 351 23 363 201 356 125 288 7 525 189 605 119 78 30 655 136 318 291 143 296 100 167 312 132 651 271
16 456 114 251 56 346 24 295 253 645 159 4 139 561 36 226 266 122 177 640 76 410 184 338 140 262 108 338 197 223 275 350 83
20 107 83 306 238 443 51 554 300 192 122 216 189 126 190 672 219 374 105 283 92 573 170 625 84 120 248 46 172 261 65 510 132 590 247 56 190 532 113 534 236
5 346 235 226 13 280 292 119 210 34 26
14 435 116 173 260 197 158 564 142 660 56 670 251 486 272 93 29 301 186 230 103 577 189 560 168 656 238 92 164
9 498 198 420 298 336 268 201 255 450 225 376 5 291 19 77 28 606 242
17 176 38 599 9 426 35 223 181 426 191 426 105 599 38 599 43 192 98 176 254 426 212 176 100 223 28 176 141 426 193 345 117 426 144
16 388 179 590 148 360 86 230 263 81 260 327 165 486 232 12 232 19 243 422 144 352 159 216 215 275 91 354 268 506 254 607 204
16 44 209 584 3 103 67 312 151 672 270 106 236 128 119 176 224 470 62 114 64 278 242 416 239 69 154 461 30 260 22 525 276
2 351 192 73 31
13 564 230 248 258 543 221 174 248 248 288 543 96 6 144 195 40 661 223 55 281 23 92 345 26 508 194
2 316 246 87 192
7 335 264 579 19 358 107 61 107 80 132 129 278 234 54
3 348 272 329 74 90 9
12 455 85 45 236 634 247 242 120 526 171 486 8 13 273 215 4 226 163 219 16 88 133 448 23
11 564 269 102 139 237 173 150 156 236 230 350 215 51 62 248 95 646 172 378 9 199 105
4 338 155 670 200 425 18 243 187
15 389 177 266 135 479 11 4 91 141 285 670 140 587 279 197 142 351 253 545 17 619 291 669 288 51 102 129 135 521 288
20 646 109 258 186 573 236 240 174 477 225 614 161 599 174 523 119 647 273 110 9 296 234 578 120 265 156 607 68 211 119 289 89 156 167 297 129 70 158 662 202
5 265 122 607 109 266 273 51 83 338 203
20 142 68 390 213 394 28 657 199 277 148 70 68 505 255 46 122 574 139 2 251 280 120 161 233 653 28 287 291 86 27 434 63 240 299 301 72 305 165 558 271
2 425 104 564 94
14 550 291 253 249 3 180 644 170 12 211 611 297 42 203 547 57 364 271 421 147 349 64 539 120 175 285 159 278
16 276 87 315 214 123 53 189 265 379 238 326 152 180 248 554 284 325 222 515 172 553 196 159 169 115 271 63 269 9 34 389 172
1 278 72
8 277 147 319 120 490 54 486 260 667 223 4 11 513 141 256 257
17 207 81 569 273 71 153 669 94 23 286 102 270 349 3 407 69 154 140 144 129 206 209 456 17 39 45 310 207 548 121 469 138 340 121
7 292 183 401 175 225 90 50 277 611 120 70 297 505 89
11 179 165 304 261 223 192 389 56 7 117 523 255 121 97 282 51 233 220 267 177 372 122
15 588 164 124 224 329 254 69 12 115 282 345 215 254 132 161 178 90 203 410 284 619 271 577 63 242 274 566 104 645 174
15 376 108 519 53 351 80 60 284 128 188 112 29 165 231 87 289 277 275 667 96 334 160 182 14 302 114 33 134 506 282
16 115 225 11 208 27 0 637 108 479 120 69 189 515 124 312 14 85 76 580 121 206 267 79 22 89 30 2 133 143 276 644 120
5 512 279 543 108 84 24 58 296 661 68
14 201 3 625 217 203 41 135 293 356 205 117 201 143 267 7 108 293 154 247 154 302 74 403 86 32 187 555 135
3 283 189 223 240 146 184
10 372 93 397 90 545 173 436 290 201 205 20 82 192 199 639 104 402 7 591 177
1 192 254
4 606 186 261 277 503 88 577 276
5 594 228 610 119 104 58 658 194 196 150
18 139 3 570 267 53 21 552 174 407 77 527 111 534 25 154 12 288 65 87 13 397 11 510 151 564 86 90 22 504 43 274 233 114 139 207 132
18 499 187 334 128 222 81 657 292 621 55 195 267 423 113 446 182 368 254 443 260 425 24 113 83 314 107 456 125 331 257 637 70 614 139 314 137
7 667 116 219 264 6 147 454 3 580 36 149 233 7 31
4 289 189 417 62 651 131 545 222
6 185 294 300 189 222 255 554 114 126 101 187 64
12 244 35 496 217 207 210 504 8 99 194 166 23 142 278 103 224 107 45 654 252 45 32 565 81
15 560 137 460 86 136 81 512 146 448 63 617 154 619 113 220 251 101 28 108 114 34 188 83 294 663 29 586 109 304 200
12 36 206 404 289 86 291 176 253 282 98 575 257 185 230 181 156 447 73 462 16 37 91 277 154
15 615 75 652 116 171 132 420 21 97 189 165 292 504 276 468 262 185 81 171 144 276 271 418 238 204 40 493 4 650 180
15 85 72 99 108 56 208 636 143 640 241 144 46 133 29 324 210 574 194 38 234 673 266 108 68 375 299 584 110 274 269
2 55 73 85 87
3 227 72 226 300 173 254
1 450 171
0
16 555 27 248 290 146 37 582 213 9 54 561 82 100 280 503 177 287 230 103 40 210 104 479 250 92 204 232 168 364 40 592 101
18 118 153 247 4 305 161 252 174 651 254 274 122 149 76 252 282 293 273 93 293 300 181 587 32 109 246 216 164 280 9 176 202 532 171 242 137
13 356 256 479 41 573 54 23 44 463 125 85 259 635 10 491 2 449 151 309 15 357 3 286 4 508 196
10 346 25 50 112 525 142 445 5 480 27 155 34 456 64 309 132 389 67 45 133
13 146 159 262 156 100 21 592 70 309 201 69 221 513 248 483 176 637 142 115 0 176 126 295 109 70 141
17 99 185 348 218 321 285 304 192 95 248 376 8 412 146 423 203 586 192 93 75 155 224 327 151 585 294 283 5 130 206 551 7 526 19
7 655 292 124 214 350 106 11 163 449 84 621 67 226 33
20 230 14 254 139 9 255 290 208 203 48 355 103 536 213 73 82 277 26 394 9 479 243 564 198 292 216 283 140 236 20 357 100 6 43 445 213 333 95 400 299
15 141 106 288 143 45 269 11 127 564 149 425 94 410 74 521 208 645 230 203 30 108 275 248 84 149 267 571 168 293 211
16 268 14 72 250 507 263 237 15 410 92 2 140 363 249 515 207 572 14 293 20 525 36 289 220 555 86 643 125 189 43 203 82
8 223 196 566 22 85 107 223 274 223 84 463 255 146 12 94 77
10 259 34 404 122 273 276 59 29 310 172 421 210 293 276 236 233 181 238 534 60
6 472 16 144 202 664 97 286 110 560 233 351 25
0
17 347 204 508 150 248 88 267 112 251 261 580 170 329 200 46 240 500 8 644 161 481 167 95 285 310 62 235 191 645 107 421 98 548 7
1 26 50
5 471 204 7 8 58 132 174 15 199 12
14 503 25 252 99 456 164 614 171 89 130 226 154 36 5 574 179 400 92 435 68 319 242 262 83 212 258 295 119
14 214 123 637 48 32 64 599 13 192 162 280 181 286 31 599 200 280 195 32 165 146 45 146 286 426 114 247 280
1 282 2
8 166 75 43 24 408 206 119 295 146 33 553 239 275 262 416 65
20 599 63 599 72 192 180 192 107 146 202 426 208 280 230 345 119 436 170 599 82 223 180 599 49 566 180 146 74 345 114 566 74 176 235 436 36 345 243 280 192
16 92 168 325 129 588 211 53 48 11 259 235 107 515 109 483 124 146 281 23 230 262 226 242 116 554 226 199 246 599 26 571 11
0
7 321 279 132 179 456 195 26 91 611 255 215 221 656 276
20 363 150 226 100 171 118 68 288 70 278 23 1 654 144 525 78 610 73 500 34 161 155 620 269 53 137 479 146 657 149 564 61 148 79 324 244 389 228 634 99
6 646 156 512 132 424 210 127 286 252 166 7 238
17 622 1 450 155 312 225 274 15 543 53 316 40 486 10 447 283 446 102 210 102 118 127 99 165 658 83 554 291 459 78 282 33 393 218
16 656 207 554 225 664 60 70 207 214 255 467 75 590 227 471 106 496 24 421 137 625 229 421 123 360 273 653 256 348 35 165 128
1 300 55
0
10 14 14 7 136 554 50 362 33 309 239 156 248 591 43 132 210 12 242 610 29
9 463 222 554 295 212 267 347 266 41 232 95 164 127 60 418 285 469 6
12 237 251 32 85 9 287 146 212 282 114 146 227 34 243 192 166 119 258 214 143 34 24 211 195
8 62 31 493 222 458 78 108 251 235 5 113 250 235 199 34 92
9 656 174 358 22 45 264 137 132 219 225 319 173 351 186 388 76 416 284
14 53 122 207 72 587 219 513 277 491 46 584 3 65 31 344 260 516 205 45 218 200 243 389 27 364 73 150 120
0
12 37 170 377 145 114 4 398 256 619 239 216 132 662 170 80 101 12 145 103 289 74 84 112 148
9 548 147 92 213 103 282 644 159 356 68 349 197 422 1 667 149 660 3
15 212 43 319 110 247 214 280 145 262 93 400 293 223 256 646 118 146 129 89 105 203 263 426 205 206 65 262 269 292 273
18 146 138 176 135 146 171 460 154 214 47 637 64 423 167 9 212 237 166 436 167 280 119 69 222 423 110 637 98 247 279 214 265 119 71 69 19
1 637 261
8 251 145 212 234 143 122 146 68 69 205 282 25 23 284 655 106
12 214 119 69 71 398 77 206 251 398 118 206 244 637 6 192 228 280 88 283 243 211 196 286 9
19 359 25 609 111 23 197 157 102 223 182 336 209 204 1 214 220 312 254 626 209 204 101 448 275 660 238 299 199 620 123 68 85 156 115 542 158 218 136
20 65 275 449 144 481 111 637 109 277 118 460 282 67 281 192 149 486 108 526 38 350 165 351 212 548 97 548 124 67 132 525 117 421 98 389 89 65 277 670 263
9 654 56 42 154 262 147 90 233 491 141 62 135 274 263 393 238 200 268
19 140 47 654 191 379 171 300 17 313 187 512 292 323 269 567 103 12 36 35 137 481 164 100 59 499 211 521 284 171 181 471 60 445 172 527 235 437 198
16 201 145 248 24 436 238 479 51 560 181 230 216 507 237 34 4 300 260 36 5 302 173 69 283 507 190 69 124 124 121 640 185
1 621 288
10 429 246 265 195 87 178 658 6 20 255 43 10 591 292 11 132 316 103 520 76
12 192 182 34 230 190 188 150 263 209 137 455 260 113 155 314 4 140 268 635 105 449 275 600 62
5 584 214 82 40 607 168 467 295 582 227
20 436 222 223 170 436 71 566 122 426 224 146 266 426 18 566 13 176 149 280 279 286 191 280 29 286 53 146 236 637 61 214 54 286 189 146 125 345 119 192 76
1 283 106
13 180 267 17 193 553 265 8 272 96 265 522 86 118 274 41 182 104 156 409 8 555 11 210 189 383 260
4 519 71 133 208 12 273 582 228
12 132 38 521 64 460 71 300 284 65 274 110 246 212 74 34 103 637 66 338 0 345 2 490 36
0
15 89 44 396 125 587 54 352 294 592 86 256 61 89 63 463 183 346 32 282 209 525 243 463 15 400 189 4 298 566 278
15 625 272 346 165 141 67 58 93 521 85 577 183 460 22 355 172 58 246 251 112 448 229 471 268 214 272 566 144 460 216
4 285 189 29 0 79 245 379 18
5 460 60 421 296 282 173 73 112 124 278
3 318 273 655 22 405 277
13 53 89 135 185 662 183 262 212 394 269 266 142 661 142 296 212 571 286 302 218 155 169 619 136 657 215
1 415 65
8 326 124 623 230 653 288 288 193 635 40 176 40 281 32 516 97
13 151 11 308 58 508 25 345 115 556 231 508 143 121 121 256 299 417 42 534 255 422 224 79 241 268 167
10 456 98 637 76 345 139 523 233 436 96 479 163 490 25 635 3 214 286 85 192
4 110 204 206 70 69 298 281 213
8 322 145 178 67 383 254 204 43 250 76 99 228 624 113 251 91
8 241 242 64 280 258 201 492 3 44 187 586 254 112 192 400 226
14 616 68 79 29 2 273 670 77 69 41 115 46 119 30 352 299 644 41 577 128 292 231 644 66 329 278 277 90
15 608 233 103 139 483 43 395 4 117 219 512 220 11 146 501 221 658 9 236 266 38 72 124 47 426 124 277 146 286 53
2 539 158 124 62
17 611 153 400 20 376 142 35 59 163 64 222 53 23 280 564 5 204 146 631 234 638 95 46 17 259 196 32 149 165 268 241 207 443 223
16 111 92 100 164 351 51 14 221 609 164 67 248 436 261 358 139 288 249 538 30 560 20 205 184 38 53 26 168 292 235 349 78
14 40 257 617 205 442 66 14 144 164 267 457 112 192 161 208 249 62 203 256 121 419 20 354 25 509 300 223 87
15 493 174 300 189 100 204 564 174 179 64 55 300 45 154 350 66 161 145 561 237 12 216 486 79 561 25 450 221 312 37
16 559 77 216 167 434 28 75 174 516 70 147 262 621 33 254 276 667 2 250 287 515 295 11 39 372 160 225 50 624 25 33 254
4 423 69 69 192 282 262 637 108
20 525 92 641 5 10 66 200 89 620 296 155 268 522 162 644 112 81 247 93 283 89 279 233 261 338 57 480 294 493 230 669 3 81 46 347 283 282 26 89 129
18 606 202 659 27 172 228 138 272 644 15 8 266 230 238 331 90 80 289 181 78 416 7 475 233 587 193 140 26 543 206 171 144 63 242 536 52
5 574 17 262 293 234 161 19 145 478 55
15 192 71 394 24 89 198 448 91 620 296 248 1 288 274 331 110 7 268 65 298 283 173 573 99 449 32 350 54 210 151
11 499 22 474 243 210 294 252 43 53 74 242 193 581 187 26 289 46 101 412 293 202 107
10 599 145 176 203 426 223 426 231 176 210 192 168 176 60 345 84 176 283 223 7
9 122 169 9 40 366 215 423 36 643 202 508 33 73 275 258 264 53 250
6 345 282 479 279 599 41 398 220 122 192 237 24
0
10 242 100 574 64 672 64 75 228 469 129 246 85 323 26 372 69 652 61 547 94
7 171 186 149 32 325 197 490 141 508 73 53 179 588 177
20 599 261 436 274 566 33 345 289 176 257 345 113 176 179 345 137 176 272 214 200 176 117 192 3 176 133 599 237 436 121 176 222 192 17 566 93 214 73 280 252
7 490 147 646 198 471 137 460 289 645 224 599 212 211 22
19 247 185 248 11 637 59 9 223 640 43 274 193 507 68 344 214 478 260 577 63 149 271 149 159 30 53 338 37 430 224 347 239 146 213 587 104 89 212
20 108 58 645 38 321 48 89 135 280 251 34 6 174 266 655 30 645 12 282 220 460 43 670 180 670 211 286 25 9 1 491 285 376 4 206 184 521 9 561 255
8 616 74 608 119 513 298 230 54 460 225 256 13 582 271 236 48
6 59 108 246 166 261 265 414 54 318 252 613 223
8 176 287 247 71 4 246 85 10 635 65 122 165 206 17 69 47
7 23 41 262 53 105 31 486 49 319 228 521 260 543 292
9 556 222 221 246 206 237 96 42 317 91 213 246 593 112 275 133 287 108
0
4 350 224 110 114 503 47 410 296
12 103 41 19 158 338 5 292 229 437 295 556 6 513 181 329 186 237 226 421 103 447 0 286 224
2 489 168 154 120
3 556 41 641 35 408 271
3 226 101 122 61 92 150
7 351 92 122 155 447 162 274 215 135 179 277 117 552 118
8 571 220 587 79 262 152 410 22 614 130 89 260 512 29 423 45
7 296 264 385 225 421 179 558 189 97 218 259 206 290 260
15 51 106 4 23 456 110 157 195 66 0 234 40 69 290 669 253 115 130 38 103 416 155 69 173 295 172 351 143 478 93
10 345 14 460 15 236 287 149 103 247 18 92 179 491 188 425 93 620 37 644 226
3 262 162 667 275 296 24
19 156 250 314 124 215 123 585 99 371 68 173 61 205 45 258 66 504 43 340 164 384 254 580 41 575 143 29 28 360 78 635 48 60 193 76 263 135 14
4 286 224 6 189 467 13 129 87
12 233 68 289 214 515 180 644 41 425 149 56 37 117 99 417 198 437 255 192 232 331 287 199 188
0
14 385 33 373 288 158 156 85 149 580 140 339 216 11 118 47 111 261 109 519 211 223 158 198 83 39 292 96 269
5 560 145 318 127 396 185 394 102 176 241
17 624 4 113 126 236 2 400 27 252 230 36 42 430 87 282 149 66 114 356 210 226 214 92 269 478 204 34 35 287 122 491 66 300 30
14 214 236 203 286 251 137 203 253 174 168 12 275 376 43 105 4 317 113 492 65 410 90 515 272 637 210 349 183
18 191 12 384 19 505 183 564 39 419 100 301 51 167 157 139 245 83 272 69 237 501 2 434 197 604 269 167 276 51 187 369 194 666 133 100 215
8 219 245 595 278 102 84 460 256 656 142 549 281 424 5 42 189
16 115 277 45 35 90 51 574 58 426 71 338 268 376 153 287 62 11 62 110 134 574 280 92 198 346 8 571 144 396 237 36 299
10 410 239 564 65 69 290 230 0 252 207 94 125 670 96 620 282 206 284 350 12
15 73 29 92 138 92 79 34 115 436 237 282 23 226 290 146 24 176 58 146 63 471 41 34 273 237 15 670 252 436 181
5 205 78 641 28 473 84 288 195 500 108
1 423 40
5 271 33 434 41 662 134 20 34 157 24
6 334 186 169 139 664 274 210 35 266 68 410 233
0
17 580 213 292 197 670 27 61 110 108 260 625 202 210 29 421 54 513 270 137 156 226 103 278 76 587 190 662 222 124 80 417 135 344 185
19 547 279 288 200 72 265 308 250 618 150 275 150 555 36 50 212 467 130 246 224 584 76 631 117 355 288 436 135 282 88 72 154 258 119 340 240 616 233
14 124 186 6 116 137 71 543 166 242 295 313 265 356 43 366 196 286 180 165 45 161 141 242 247 301 273 454 8
15 86 195 379 138 517 87 192 241 228 132 437 288 6 208 16 288 14 122 524 18 274 72 467 271 149 207 454 155 267 69
19 87 168 331 7 262 111 435 26 508 26 45 80 400 261 355 212 209 70 651 292 355 127 378 160 561 57 478 166 614 280 556 115 463 47 555 229 670 250
7 162 202 531 250 627 257 78 257 325 19 29 211 499 58
20 102 201 305 61 23 239 437 92 9 238 651 264 398 192 651 17 56 126 102 45 561 179 573 269 233 90 437 70 115 294 378 273 283 13 12 84 423 23 292 115
6 510 70 10 121 312 192 167 91 425 104 295 117
4 400 125 242 132 616 268 424 179
7 608 219 289 6 305 94 51 170 437 111 247 155 435 131
18 361 204 47 270 331 43 587 269 547 299 532 239 7 19 49 213 237 258 166 55 134 197 614 245 577 26 437 287 350 173 226 57 571 171 444 205
16 589 276 252 55 360 109 87 48 239 231 144 94 672 212 654 268 633 231 416 260 415 4 478 40 105 210 645 275 93 205 256 126
7 393 294 456 37 89 156 102 116 290 206 635 203 618 5
11 463 66 479 289 223 296 211 212 283 37 45 222 85 42 206 204 89 295 345 187 319 83
10 441 203 639 129 214 103 356 1 566 245 395 121 373 105 413 6 599 293 470 258
9 454 92 9 228 197 61 614 66 141 23 108 23 356 22 605 1 103 41
14 488 225 126 41 443 28 490 178 371 279 488 31 545 242 317 149 447 34 339 117 391 184 591 243 284 56 408 240
15 290 82 373 65 578 56 248 163 302 149 375 297 254 38 195 202 414 170 179 150 178 69 173 148 512 150 29 159 648 195
18 203 217 23 35 169 167 400 64 288 33 648 16 314 106 397 262 290 228 585 120 283 253 521 156 146 6 287 220 567 177 650 31 155 221 664 269
3 655 228 300 293 274 204
7 176 106 176 110 192 267 176 48 192 77 176 33 192 265
4 234 268 262 192 523 152 174 180
15 233 27 92 18 491 70 512 205 90 57 23 143 437 110 110 118 69 130 9 232 344 183 9 8 23 125 621 75 277 287
6 458 1 600 251 424 168 277 241 317 222 290 137
11 56 31 295 217 588 174 80 31 12 287 403 43 254 4 644 290 318 26 410 291 637 40
0
2 319 195 211 38
16 36 192 165 194 137 9 9 154 283 3 79 219 67 70 587 292 421 229 248 60 209 280 295 185 580 199 670 72 11 127 643 278
15 299 96 416 1 549 286 366 132 450 7 117 152 459 224 626 71 118 50 436 245 473 151 235 193 263 96 547 201 387 213
0
4 292 178 426 231 94 57 515 128
9 65 28 143 103 234 275 430 54 640 154 449 266 278 271 53 125 286 299
14 212 124 566 173 282 121 248 216 85 225 226 106 471 109 119 113 635 232 280 117 490 4 283 158 176 231 226 84
13 200 123 176 187 336 103 650 41 448 130 561 245 50 151 232 9 252 263 7 214 208 175 54 109 607 69
3 172 193 20 86 122 195
12 362 215 401 106 549 187 85 61 286 110 399 81 399 94 628 168 622 296 139 39 611 67 415 45
2 182 59 608 106
7 119 259 16 84 87 202 376 83 252 69 124 172 590 249
7 593 22 12 2 656 21 421 272 585 63 478 189 512 18
5 115 85 209 35 667 223 656 262 460 109
4 506 97 417 73 622 146 8 153
3 421 58 149 224 620 228
13 369 194 137 27 190 125 300 72 544 106 444 249 208 30 638 79 479 105 301 125 34 56 493 277 639 110
10 642 237 517 168 46 195 317 102 139 23 500 226 8 1 59 180 433 178 27 40
6 585 143 558 100 423 124 600 127 35 171 397 103
2 88 59 661 246
4 313 206 150 3 277 157 110 271
8 70 163 574 38 650 203 196 280 233 171 266 173 609 199 644 114
16 570 177 458 213 524 1 403 139 63 10 478 247 240 48 155 244 236 158 544 43 263 136 156 66 197 232 608 253 394 263 250 138
10 583 152 144 240 304 82 299 201 457 233 146 150 453 17 510 298 123 285 36 262
15 277 81 398 236 202 181 431 261 587 46 481 172 108 32 310 44 156 274 121 286 363 183 559 251 174 96 23 259 641 100
0
16 648 262 120 97 93 174 588 286 621 148 474 89 216 1 102 54 13 186 352 134 544 32 511 237 119 98 446 105 549 215 35 16
1 503 128
3 219 194 651 141 141 234
18 541 32 77 128 159 150 22 113 10 25 127 178 625 48 211 83 633 98 475 228 390 5 562 107 212 12 473 74 235 108 137 106 524 268 560 3
7 68 274 109 128 275 47 56 126 560 171 274 193 564 270
17 540 279 597 228 177 283 163 99 602 174 297 193 204 3 453 194 103 285 135 232 106 222 255 43 562 73 220 173 147 72 666 201 489 212
4 598 232 101 184 272 269 600 86
0
13 408 195 658 90 283 165 355 94 619 149 670 49 649 227 256 178 5 154 504 31 517 260 34 251 129 111
2 98 185 571 45
0
15 164 188 525 47 357 291 573 96 124 57 199 175 478 125 592 111 58 27 427 12 119 178 64 97 46 149 447 126 85 187
6 349 206 94 23 599 171 283 247 300 86 521 281
16 537 245 411 250 546 163 446 70 603 112 233 176 513 124 276 22 93 144 158 19 534 23 85 291 512 185 456 248 117 17 605 176
2 663 286 504 264
13 35 223 670 156 521 227 135 82 600 41 546 235 638 193 208 36 9 250 283 157 127 242 398 252 14 255
10 634 236 660 95 513 209 51 57 394 13 416 12 165 266 449 8 350 164 448 49
15 32 32 436 156 203 194 640 276 491 35 211 84 127 286 378 235 226 273 345 240 54 123 437 292 34 246 251 295 19 251
5 292 238 226 11 235 99 289 58 288 248
19 174 71 69 274 338 142 286 77 206 130 490 268 423 24 274 147 471 74 262 144 4 10 637 281 34 144 423 195 192 14 45 221 262 0 85 34 463 147
6 139 132 356 130 625 114 491 262 171 91 262 76
0
20 378 272 449 31 525 262 667 87 654 24 99 295 234 196 398 106 280 207 560 282 289 210 62 37 313 266 43 78 80 184 523 102 620 77 325 124 171 283 274 142
1 226 245
0
15 446 15 459 83 34 13 456 176 88 76 256 142 123 176 296 80 547 63 149 38 27 34 666 34 317 185 252 168 274 121
17 643 60 102 145 378 31 515 94 214 112 174 78 587 17 85 101 212 22 289 28 115 61 331 269 667 92 491 291 45 233 571 59 23 235
6 262 51 316 70 424 141 656 95 74 64 216 96
17 398 250 93 278 445 163 419 151 657 285 140 0 141 245 49 60 3 155 519 124 611 162 9 222 548 64 621 158 499 121 268 245 456 100
1 112 44
7 447 137 471 15 81 292 154 291 38 10 449 148 316 237
4 133 270 251 181 360 222 577 230
7 243 176 362 120 235 266 215 260 78 295 584 93 301 162
19 456 153 637 7 11 112 119 179 192 5 599 191 430 5 640 154 503 98 247 121 456 191 503 136 564 34 449 204 523 208 274 237 203 27 614 21 73 294
5 453 58 153 82 551 300 628 221 598 85
2 201 224 403 128
9 73 239 9 163 131 260 4 260 317 185 556 50 340 49 469 101 437 100
4 38 256 325 32 467 76 192 68
8 670 211 327 73 295 150 16 294 19 289 69 38 422 40 646 123
18 355 259 72 233 437 265 486 289 561 128 566 72 143 72 503 92 635 290 45 277 206 267 288 142 283 136 344 296 12 231 237 98 351 284 209 5
10 357 229 69 278 345 115 357 201 283 256 282 8 478 222 460 139 210 235 115 12
3 587 265 513 24 460 214
9 647 134 403 65 308 11 8 168 234 187 516 62 595 174 135 149 345 78
6 485 289 7 44 262 214 461 231 471 26 672 227
7 174 257 670 196 85 184 398 261 338 117 105 92 248 245
19 237 164 46 206 105 110 242 218 223 47 499 58 95 144 19 196 135 98 297 127 620 163 410 107 364 159 293 123 355 273 394 288 89 37 347 1 66 291
2 214 273 471 60
20 9 205 561 235 108 275 574 76 70 101 70 21 378 220 436 130 247 73 398 241 110 45 286 262 119 138 4 118 62 143 4 42 644 112 637 249 556 224 456 102
9 56 25 89 145 561 72 460 11 357 278 94 57 293 157 599 221 4 134
17 176 103 176 132 345 218 345 265 192 35 176 159 176 11 345 19 192 151 192 80 345 110 345 127 192 270 192 174 192 186 345 222 176 23
18 344 29 479 46 237 268 354 70 210 153 289 4 626 124 263 291 506 117 410 235 16 257 297 129 418 281 251 140 483 177 534 174 575 87 46 135
5 494 61 439 92 520 11 405 1 449 275
9 612 46 572 45 74 99 73 38 285 212 393 221 194 298 50 269 193 149
4 19 215 237 295 486 193 282 0
10 600 280 456 59 305 234 455 102 481 128 78 115 277 147 259 275 421 18 503 176
13 402 290 667 158 481 125 253 285 50 68 532 272 548 300 71 26 302 16 448 171 657 133 459 10 164 283
13 166 243 544 78 2 282 254 125 486 129 650 261 544 279 73 222 38 2 317 300 26 263 364 149 588 151
6 316 112 225 282 241 59 121 89 340 63 536 178
12 233 153 192 157 206 14 282 46 614 57 460 13 436 113 398 110 645 294 132 99 132 100 351 196
19 280 86 192 263 345 78 599 285 192 79 426 83 345 279 223 149 176 27 280 212 345 92 192 223 345 37 223 279 345 22 176 279 345 158 176 105 192 101
10 400 121 274 92 460 227 400 191 486 80 479 242 283 34 376 187 463 226 523 198
11 613 17 311 106 591 42 552 182 17 146 600 135 425 86 453 110 286 210 201 273 322 259
20 183 6 511 183 175 48 200 58 295 264 473 234 172 142 405 214 85 261 291 89 219 56 220 70 347 16 670 182 630 150 303 0 589 8 329 42 582 231 64 162
13 91 138 487 258 238 277 342 265 368 182 505 289 29 260 276 150 407 134 134 181 277 280 45 77 520 99
11 305 230 666 197 326 244 30 128 19 148 643 14 434 58 348 234 39 95 242 234 134 3
6 60 260 287 8 210 271 47 28 360 199 635 284
2 551 235 280 14
1 199 76
6 135 273 117 40 36 178 449 142 355 41 425 282
2 141 8 262 204
3 105 177 588 20 233 128
7 523 193 400 283 305 268 588 211 350 95 344 298 513 56
0
19 445 18 501 176 103 101 130 90 56 97 122 25 81 242 456 34 566 10 645 139 436 26 329 80 508 71 492 230 313 86 54 192 216 247 32 279 181 90
15 649 91 538 143 583 17 604 258 147 35 527 290 375 288 22 29 570 163 615 289 606 179 109 229 289 296 262 197 36 108
19 225 273 338 53 88 259 364 68 317 72 26 186 554 139 216 76 409 101 571 154 93 139 480 107 647 53 71 58 206 253 376 211 285 87 338 89 108 23
10 461 224 536 128 592 145 372 250 410 136 155 243 586 163 130 223 510 286 405 77
12 108 98 274 50 463 140 300 258 146 258 122 89 94 23 292 216 212 157 233 126 486 278 192 138
20 549 155 200 40 618 271 480 98 119 198 7 197 237 41 357 100 129 66 669 207 574 291 599 251 558 268 640 237 628 68 165 156 616 74 235 135 366 132 247 78
13 282 168 426 198 174 76 212 162 645 127 566 40 9 261 247 239 637 279 234 138 122 169 206 290 479 276
6 38 76 296 8 226 299 619 38 11 278 646 225
20 321 163 287 76 12 192 351 74 515 87 573 260 566 13 252 219 424 29 89 23 7 174 437 203 70 254 214 24 587 62 296 132 176 296 637 206 289 155 460 205
11 58 45 161 210 110 127 490 16 417 47 92 239 554 221 42 162 366 135 471 155 120 127
7 247 103 92 244 282 198 34 40 122 109 423 136 176 89
1 171 80
1 279 106
16 490 225 237 206 206 252 670 270 280 289 280 161 89 159 211 21 248 209 543 220 32 179 280 31 645 40 280 241 234 149 73 256
1 454 126
11 568 249 80 46 149 149 326 85 278 60 445 19 386 276 117 50 638 142 170 273 258 140
13 131 8 235 238 650 272 74 58 277 231 471 238 76 183 156 30 130 263 517 261 154 153 197 76 285 110
12 67 36 296 174 660 281 11 240 471 24 211 137 460 248 486 129 46 271 349 222 640 223 334 113
9 125 6 603 100 448 6 9 93 129 157 648 209 455 25 32 224 387 215
13 314 113 67 224 135 144 525 34 236 104 616 269 599 177 314 295 366 189 306 50 643 133 110 290 655 210
13 366 217 179 23 461 3 326 152 13 283 349 292 372 57 623 45 70 293 324 59 446 235 581 254 366 119
7 192 281 426 254 599 175 214 71 146 218 436 231 426 108
10 2 276 161 285 277 297 258 223 267 85 445 291 394 201 398 111 127 169 527 48
10 365 269 332 213 354 282 309 233 614 276 87 55 624 73 128 82 302 244 666 145
3 138 111 84 99 645 150
1 234 144
14 160 178 341 173 330 144 484 298 220 60 367 122 217 82 194 10 308 262 96 205 2 8 472 260 267 57 134 201
2 147 47 551 146
3 437 147 223 168 283 131
6 345 94 192 208 247 246 280 11 280 114 471 196
11 490 185 137 91 256 23 566 98 634 174 512 206 197 10 599 224 634 197 27 76 329 124
11 210 171 349 277 302 70 103 127 103 225 479 170 115 275 67 81 266 87 350 28 45 202
14 184 249 57 19 542 1 389 31 242 47 223 29 435 101 410 71 29 252 550 155 653 130 577 153 581 131 387 278
5 449 23 289 52 234 139 149 130 620 71
9 409 270 240 58 205 273 55 241 522 56 140 240 208 116 408 297 486 30
12 316 249 329 191 345 226 99 146 316 240 337 132 522 206 241 108 661 264 566 71 404 289 219 117
11 34 73 319 90 73 230 226 117 226 271 463 207 248 281 223 33 247 138 94 234 635 191
7 495 107 619 262 426 202 67 266 112 159 297 201 279 254
3 497 24 371 74 302 140
17 562 134 294 295 263 203 653 55 425 241 114 74 92 93 349 13 133 147 253 187 331 159 313 205 406 47 20 34 263 125 490 59 61 200
20 426 102 566 169 423 234 479 192 599 300 479 249 32 205 637 26 176 30 247 66 69 249 479 70 247 275 211 52 398 234 436 269 92 23 283 264 283 175 206 176
14 421 5 564 61 252 173 85 259 174 13 670 247 234 140 206 183 212 101 346 193 9 294 34 187 463 269 543 123
5 309 152 350 22 574 258 423 151 105 160
7 149 216 346 213 277 104 654 32 277 34 417 171 54 134
15 228 171 21 163 284 130 364 178 344 95 221 219 145 56 304 264 595 46 534 53 452 175 383 74 61 165 196 47 444 77
3 97 159 33 206 660 104
5 196 98 155 215 457 171 66 233 176 222
13 638 289 466 87 307 103 470 64 285 18 389 285 208 69 69 200 407 140 190 245 69 289 247 121 9 235
10 386 103 481 180 144 218 643 140 246 275 342 213 500 179 585 202 215 89 196 78
20 103 235 108 262 317 20 645 20 599 211 237 297 421 267 211 149 424 41 645 36 300 151 556 104 251 186 56 265 256 270 543 153 460 267 508 145 192 13 508 14
5 566 180 582 189 256 174 88 274 12 90
7 129 223 85 272 115 3 234 206 110 111 302 49 660 258
10 148 181 12 239 272 235 433 46 76 272 512 248 12 44 568 238 121 27 218 33
3 289 282 561 134 282 30
1 286 158
1 436 126
8 349 54 393 234 500 169 525 280 585 188 437 3 109 263 164 199
1 283 258
10 490 104 237 76 73 145 435 289 286 64 317 127 646 115 319 14 211 217 174 83
14 339 24 374 296 536 102 260 246 564 104 305 8 113 15 466 275 144 121 523 15 195 152 317 142 486 129 85 252
6 42 38 132 89 658 90 548 298 449 10 349 52
12 188 276 141 83 400 82 224 179 222 10 559 188 425 111 582 65 333 85 628 295 295 53 639 6
5 236 161 174 10 574 76 79 5 199 230
4 318 229 19 67 490 205 317 146
16 187 30 270 179 320 135 190 192 561 66 594 233 425 211 139 249 75 298 614 120 51 273 529 197 234 88 309 117 495 30 353 266
20 203 73 523 46 571 234 19 146 252 158 398 103 274 145 283 295 317 158 655 82 571 278 247 109 521 206 543 287 478 136 430 45 286 230 203 0 346 144 376 147
3 347 161 127 147 318 53
5 573 258 454 153 292 92 426 122 51 79
6 629 181 535 146 218 173 632 167 524 20 229 257
18 245 115 327 161 236 181 275 114 567 36 62 52 215 96 73 193 108 179 146 10 157 194 23 134 503 274 646 242 43 220 532 267 56 75 196 227
8 130 287 66 268 464 206 650 142 644 149 485 216 527 205 422 122
16 640 30 73 193 319 122 9 229 640 201 176 181 143 243 300 77 122 55 400 156 655 60 247 125 396 275 73 216 561 168 645 84
2 119 224 491 187
16 122 56 637 251 146 196 280 69 456 136 283 72 214 57 89 264 206 288 479 196 456 298 34 275 471 224 543 176 463 235 4 255
2 134 130 302 269
16 449 164 327 24 89 19 543 158 580 200 211 102 27 86 192 241 416 143 350 221 306 13 211 240 236 53 416 133 30 63 582 264
17 515 93 72 57 132 161 318 122 640 154 556 167 656 298 102 58 436 185 657 123 36 291 283 97 146 28 62 9 206 107 161 293 4 132
3 93 17 38 171 486 153
7 119 242 240 160 216 124 314 187 266 55 610 37 274 291
17 105 72 35 265 429 232 641 87 569 136 276 12 616 142 270 197 67 75 354 286 62 19 635 130 491 287 303 39 17 169 390 48 431 121
16 518 43 116 263 25 293 382 67 557 253 249 224 370 63 451 154 82 236 469 23 620 73 496 74 245 146 157 146 200 239 606 41
8 391 32 24 91 186 160 433 265 257 295 444 18 586 53 134 242
4 165 24 28 89 525 138 129 159
20 255 3 168 246 584 154 101 22 434 281 135 227 657 199 600 77 10 244 600 75 348 131 52 106 327 169 523 183 88 116 428 145 496 89 431 98 557 60 486 158
13 210 39 483 172 547 180 19 199 393 82 211 80 480 193 351 127 536 155 400 191 547 282 200 106 288 73
7 22 280 563 115 577 52 469 212 499 232 449 208 464 113
12 42 17 171 114 53 190 378 114 346 215 356 133 620 104 396 59 526 49 449 43 355 68 305 81
10 28 48 52 22 625 222 580 255 23 237 349 222 94 56 36 285 525 63 607 43
3 143 164 120 73 133 206
16 189 151 7 80 486 96 309 122 254 16 634 65 53 87 80 127 42 234 252 211 599 200 274 125 573 20 593 145 278 142 200 286
7 428 199 476 283 291 141 659 152 273 273 221 118 494 290
9 415 179 117 269 141 144 640 5 609 183 194 26 259 235 317 298 71 262
20 528 55 144 293 435 216 55 175 155 4 256 278 211 22 262 135 170 200 547 231 118 220 569 264 657 43 362 8 262 45 638 133 132 122 334 79 481 33 302 211
12 274 264 670 100 234 108 280 112 122 205 398 152 479 161 637 195 122 205 122 44 566 8 4 256
9 217 137 401 288 527 18 504 291 507 99 144 296 310 158 200 221 356 52
13 214 146 490 100 70 16 624 185 521 130 501 63 11 32 619 282 620 141 56 220 447 12 651 152 274 168
15 452 264 363 2 609 29 86 228 92 54 81 232 96 186 614 230 561 227 144 242 523 112 669 6 364 153 500 75 316 82
1 300 130
11 267 139 324 300 169 240 290 209 357 115 211 160 51 25 556 212 46 232 174 248 324 92
7 426 50 660 36 92 52 611 67 34 130 334 40 492 228
7 213 105 305 181 277 157 520 117 561 86 53 36 645 275
6 666 296 418 31 647 150 400 212 127 217 199 295
13 252 112 556 201 398 36 90 29 206 242 655 30 645 154 318 122 357 40 655 194 523 92 577 124 396 158
2 281 217 606 106
13 122 111 616 177 216 176 45 226 96 65 646 261 536 106 486 164 281 256 445 76 309 152 357 119 95 164
12 637 28 251 143 65 35 319 70 65 285 400 98 460 40 292 156 655 294 421 48 396 187 143 77
20 248 119 287 84 295 224 226 45 292 182 425 140 655 300 521 127 211 51 351 121 85 201 283 237 376 37 430 163 192 67 449 20 108 245 9 50 421 132 226 52
12 482 67 392 224 353 0 183 172 295 299 210 156 526 85 455 93 457 154 368 110 306 173 289 100
9 344 10 251 94 355 259 237 116 349 54 521 102 102 164 536 102 608 251
17 48 264 614 270 193 95 634 258 355 38 419 166 394 175 100 12 144 13 232 29 55 38 71 134 496 270 239 13 296 272 508 272 572 201
14 561 152 637 141 223 52 210 294 574 135 447 256 437 147 416 200 376 166 448 54 108 162 7 174 523 163 45 150
1 237 219
6 76 37 516 272 215 250 309 276 88 21 611 62
2 63 225 406 126
15 460 186 206 184 283 145 248 213 262 133 92 12 460 50 398 27 471 284 456 75 566 43 282 42 122 200 398 184 223 252
9 614 286 617 173 343 184 506 240 437 5 378 157 650 128 668 227 582 125
5 223 153 192 150 436 100 176 272 192 252
9 626 192 288 121 95 276 301 19 141 113 4 80 192 279 124 220 161 193
7 31 112 668 169 630 1 197 175 332 279 172 48 631 263
20 108 48 235 178 421 213 543 95 4 165 338 33 73 175 318 293 209 67 67 89 425 113 252 67 338 142 351 159 621 126 277 258 423 57 254 70 234 5 34 143
17 219 240 333 291 445 284 287 10 651 164 457 126 242 252 149 19 239 13 534 249 79 164 28 243 189 123 225 91 507 102 548 71 216 36
3 655 155 321 268 233 61
2 463 44 317 245
3 127 195 410 119 437 65
8 176 205 27 53 357 195 351 22 456 285 351 78 234 174 471 48
4 628 61 352 96 69 234 258 188
18 596 124 533 38 380 283 650 105 173 258 458 299 545 53 378 74 579 153 560 2 642 85 376 226 504 48 497 229 80 194 195 122 380 190 194 90
10 92 189 236 201 555 20 645 28 449 136 463 207 192 239 645 205 108 108 192 134
14 582 101 11 227 447 22 154 168 388 181 288 233 86 244 485 193 623 20 602 8 308 239 343 179 225 31 306 14
20 633 6 236 131 663 276 479 225 29 143 43 209 16 107 297 44 188 81 667 220 170 36 87 205 616 82 319 148 578 215 591 101 419 178 190 245 4 206 115 145
3 252 295 345 164 211 256
4 532 24 669 5 635 89 88 224
12 192 184 226 6 94 183 85 29 587 227 656 84 192 52 36 263 32 45 571 128 235 267 34 234
5 81 146 480 73 67 104 242 75 300 95
14 143 39 588 251 237 85 564 8 290 217 235 180 189 74 527 289 10 209 425 211 12 178 608 19 539 112 308 63
2 590 139 552 261
3 80 212 113 218 302 157
4 289 25 105 157 479 98 9 88
19 426 149 566 70 430 223 252 213 292 172 436 186 102 120 378 150 34 45 251 125 460 24 247 255 234 151 503 186 620 209 454 99 508 64 247 195 23 65
17 419 287 512 258 139 150 167 130 225 194 650 90 197 149 640 171 425 226 295 70 522 282 577 97 110 179 157 4 396 286 384 286 201 6
1 396 7
0
11 503 120 67 160 103 120 523 171 352 271 11 197 300 78 56 14 447 214 661 102 566 52
20 256 69 247 241 492 136 277 292 580 137 556 202 445 284 36 15 616 209 454 61 460 165 289 222 346 34 352 248 552 0 119 34 234 25 536 66 306 113 654 238
6 357 241 383 289 397 17 478 265 272 63 543 247
0
11 269 244 671 254 475 176 640 201 670 165 366 197 398 197 276 20 527 151 295 91 117 230
20 367 230 474 107 113 61 206 219 564 89 106 247 367 32 308 59 578 96 452 78 433 12 219 138 326 299 192 184 559 113 385 88 629 34 623 63 398 177 325 46
8 431 31 157 13 235 240 611 83 401 204 647 26 626 96 282 42
7 176 158 345 76 176 183 176 186 192 213 223 37 345 9
17 167 166 646 83 396 282 458 287 263 264 254 16 421 176 289 100 454 2 32 278 193 265 505 100 483 37 297 63 13 77 58 138 44 260
17 18 90 71 252 256 46 450 11 255 38 352 170 130 146 413 8 388 93 102 68 553 225 510 60 651 62 379 64 454 19 608 268 613 243
19 517 266 426 258 348 25 448 279 53 194 129 225 3 93 463 40 286 146 102 40 673 210 317 64 280 241 670 55 351 121 146 21 654 207 564 284 296 133
20 155 268 404 190 532 246 504 69 616 49 235 262 334 198 457 236 104 188 133 9 430 125 398 257 112 116 224 109 347 282 517 104 295 112 234 231 543 199 369 164
7 673 153 454 268 616 236 521 249 580 179 124 130 32 171
16 581 261 577 296 422 223 310 254 657 195 295 193 539 165 496 89 654 190 109 43 331 120 499 155 625 8 581 54 146 11 590 233
14 282 130 351 84 437 172 503 57 305 69 552 238 34 186 55 173 491 10 355 221 247 220 364 51 350 49 463 93
14 46 214 534 253 592 289 356 154 324 125 449 295 285 133 644 215 235 21 561 78 505 148 618 36 282 1 150 274
19 522 11 515 264 508 32 621 29 201 81 105 172 460 278 32 292 410 269 7 264 174 270 471 150 582 211 574 133 471 203 522 280 27 77 657 250 300 288
18 136 275 334 192 423 122 189 162 144 79 286 239 309 188 460 100 233 143 146 140 110 69 164 259 55 138 478 30 75 178 78 83 517 140 641 176
9 13 59 500 257 634 227 206 251 560 288 196 59 561 118 287 288 219 154
4 117 138 460 156 283 46 69 20
18 26 246 236 278 644 57 103 54 239 9 491 141 243 191 274 131 50 254 481 78 621 290 572 24 99 118 174 206 129 112 197 4 554 96 599 67
20 231 299 112 284 194 216 135 60 388 67 615 8 549 285 604 36 499 99 123 18 262 114 642 63 16 278 89 99 462 300 102 196 646 33 42 218 171 151 271 36
7 280 91 479 48 645 232 319 49 27 49 122 227 19 204
7 232 293 241 196 608 123 134 93 292 224 445 198 64 11
6 522 12 651 276 262 66 588 87 515 237 4 229
18 224 44 375 68 501 133 268 43 609 88 492 136 505 253 352 243 424 162 165 274 143 49 182 99 104 150 606 7 280 95 547 72 78 98 174 104
15 430 287 286 227 94 64 376 269 430 56 454 23 242 281 54 239 136 95 206 159 318 59 366 11 209 228 297 297 108 2
7 4 179 56 0 251 114 319 47 211 27 237 210 4 260
5 490 250 376 17 237 188 206 189 640 192
6 226 292 283 153 293 171 435 124 174 152 141 180
20 7 26 356 224 355 270 139 62 310 300 89 95 90 45 96 286 658 70 644 184 282 235 458 283 141 77 500 2 201 151 16 178 560 193 319 277 252 231 308 54
2 554 274 96 278
1 295 191
19 32 66 94 179 351 229 355 278 132 129 357 271 620 213 132 27 289 235 555 60 515 279 12 286 350 187 233 231 394 111 425 120 321 277 277 110 9 154
2 556 196 251 36
7 465 138 665 107 170 206 5 23 208 300 631 152 467 158
1 262 56
19 264 146 297 33 290 162 436 107 236 238 107 51 244 253 519 120 131 254 75 58 76 126 481 299 128 201 168 2 623 284 434 128 579 292 511 87 429 93
1 426 114
15 10 235 200 40 569 140 521 300 301 211 389 119 46 258 286 124 592 240 337 65 581 64 87 129 70 223 164 6 100 74
8 413 212 492 86 349 90 132 13 194 13 308 9 207 122 259 171
8 4 220 267 84 346 269 362 268 115 165 651 16 461 275 622 175
20 203 58 113 41 132 122 417 193 23 233 396 239 352 280 608 197 493 157 105 161 599 126 300 129 644 60 424 174 611 250 199 115 248 300 195 224 262 265 331 66
12 92 114 423 156 599 291 89 74 645 169 490 108 280 4 32 135 274 222 566 238 92 75 566 135
12 6 164 477 219 214 198 248 56 570 214 233 7 560 238 28 249 567 275 66 77 234 293 344 297
7 176 28 146 21 146 270 436 271 426 179 566 113 280 111
17 27 87 146 72 522 121 275 299 313 106 332 172 355 20 347 90 351 244 240 136 81 46 490 208 609 139 516 14 573 70 283 142 235 233
1 327 253
12 115 270 490 227 237 205 396 243 34 179 176 167 252 64 346 19 19 41 4 73 346 46 346 168
17 306 79 333 40 173 183 522 9 317 66 325 75 301 224 135 129 19 299 239 61 136 67 85 120 430 14 296 210 197 89 318 50 11 253
5 94 164 441 162 20 205 30 7 7 225
2 640 33 437 250
19 11 162 27 213 574 257 23 219 456 239 214 228 357 263 503 95 300 205 410 224 108 74 280 253 212 3 65 48 398 161 85 244 9 76 230 276 214 5
5 9 209 471 62 280 270 146 78 211 52
19 274 254 45 44 351 27 523 137 132 73 211 142 346 1 274 82 566 21 206 227 6 37 574 238 376 79 574 156 430 228 295 255 105 294 248 47 212 22
7 637 208 297 175 135 186 174 106 283 67 165 260 136 67
15 301 201 349 17 317 297 410 195 657 206 289 252 329 190 287 126 62 244 225 98 192 278 95 199 69 84 56 206 625 178
2 128 229 577 222
7 306 100 135 11 149 29 513 225 317 91 337 23 545 111
19 146 300 251 276 437 222 646 8 236 73 543 145 143 203 515 209 463 291 490 287 646 182 286 43 471 83 146 9 212 10 635 196 421 47 73 218 338 40
11 266 136 515 150 87 153 317 137 637 117 55 151 620 287 460 224 110 265 577 208 501 77
2 625 296 338 244
1 34 190
8 321 205 282 74 321 35 176 110 283 250 338 99 645 105 234 32
12 70 27 237 268 331 25 355 163 11 146 331 251 400 73 398 105 331 164 555 16 574 93 635 293
12 588 289 351 160 192 77 62 89 398 24 203 287 55 143 192 77 108 1 566 262 12 94 124 55
10 141 232 137 157 454 198 127 41 521 258 124 199 105 272 445 232 349 76 317 219
10 193 67 53 282 668 64 108 294 63 58 333 77 631 111 219 70 129 87 362 73
18 355 22 290 72 58 87 574 139 423 83 338 252 173 255 619 32 637 232 331 212 331 186 349 127 34 140 644 163 463 14 522 44 90 130 103 46
15 378 183 329 20 274 121 56 85 566 147 564 173 19 50 346 287 90 82 70 118 644 72 11 152 108 294 644 84 209 38
10 599 192 635 52 149 203 471 36 234 99 69 240 637 78 141 70 19 262 233 166
4 490 296 364 128 135 234 404 251
4 618 197 274 162 447 230 637 134
15 595 149 408 242 598 255 65 30 232 262 366 57 427 245 260 273 532 138 512 113 592 282 492 109 280 248 432 279 262 131
12 501 10 201 43 275 96 149 115 274 76 378 49 150 111 325 217 658 199 306 283 503 37 34 177
1 425 190
11 62 180 573 10 11 121 258 283 527 171 301 38 215 144 647 229 137 277 59 178 325 240
1 463 102
19 9 49 398 197 247 207 211 35 283 56 4 25 92 266 69 136 206 79 119 133 214 36 426 141 4 84 426 75 426 297 282 139 460 291 247 230 599 178
17 563 38 343 3 605 53 378 96 201 159 220 86 412 145 552 93 622 20 118 31 309 101 288 158 450 136 149 16 251 241 488 265 449 216
3 534 191 590 172 192 275
15 412 16 50 161 295 227 384 103 656 103 232 242 644 35 143 212 88 60 543 216 395 206 210 155 640 235 329 64 437 277
