444
8 407 259 58 185 106 69 183 273 128 99 112 99 109 235 273 11
2 20 71 397 296
1 156 26
2 7 87 367 186
3 182 37 151 114 169 28
2 212 288 169 178
2 254 255 72 142
0
0
2 320 234 176 81
3 159 186 345 265 322 124
2 23 92 396 205
2 430 279 83 36
3 36 184 156 52 303 246
3 211 44 137 300 333 132
3 426 108 81 286 366 280
2 102 76 189 289
2 175 166 391 52
1 275 38
2 424 254 218 67
0
3 396 35 275 133 120 293
1 330 277
1 22 203
3 336 179 138 7 169 60
1 231 225
3 43 76 394 49 269 44
2 97 15 129 267
1 290 68
1 64 35
1 427 204
2 431 105 299 37
1 388 14
2 60 219 84 147
1 330 196
0
3 195 75 410 278 374 29
3 171 81 144 107 308 260
0
1 396 199
1 243 287
3 182 228 430 0 315 228
3 421 148 90 263 227 13
3 201 55 378 279 338 39
7 193 54 331 75 298 235 401 190 177 224 420 299 89 124
4 126 209 379 165 310 158 326 158
3 272 119 306 207 12 149
2 330 286 364 9
3 41 257 242 244 244 191
3 9 208 78 161 282 97
2 296 117 289 209
2 129 255 291 288
4 295 217 210 88 44 69 311 138
3 356 18 180 264 377 268
3 164 193 254 77 169 238
2 343 252 33 287
1 268 163
8 45 83 99 160 257 208 91 177 253 11 386 262 107 84 95 73
2 69 98 335 124
0
1 60 283
1 388 287
3 143 116 270 152 354 87
2 97 182 23 224
3 307 119 72 110 14 299
2 249 11 322 225
3 81 214 438 213 269 119
4 316 284 412 253 11 284 56 145
2 10 106 438 57
3 350 281 313 171 221 105
1 427 38
0
2 373 105 79 124
1 156 219
2 355 22 290 22
2 320 247 23 210
2 3 25 12 136
1 111 19
3 25 19 283 229 31 212
1 368 188
2 28 192 52 213
2 434 157 302 58
0
2 241 256 132 12
2 423 180 303 264
3 430 26 390 193 388 196
1 100 172
3 124 38 207 166 120 18
2 304 137 176 230
0
1 48 278
0
1 129 24
3 127 41 440 209 337 235
3 163 51 396 176 396 218
0
1 346 136
3 327 101 275 6 235 3
7 324 19 186 245 294 116 160 297 397 24 229 275 419 28
2 296 165 377 213
3 436 134 14 18 163 149
2 67 114 190 297
1 321 264
1 225 137
1 76 6
3 139 249 230 264 204 210
3 23 231 314 142 366 16
2 317 39 36 245
3 87 172 424 211 354 170
0
3 86 274 10 119 8 279
1 217 207
0
1 212 255
2 178 26 98 279
3 356 3 3 155 321 42
2 304 138 36 236
3 340 109 97 279 366 157
3 156 45 291 283 276 295
3 133 271 343 111 418 215
1 343 1
2 156 198 360 176
3 308 156 418 279 228 191
0
1 364 189
3 368 252 123 78 322 22
3 309 249 146 155 275 99
6 385 15 18 146 383 179 157 210 13 241 132 43
1 191 37
4 402 66 444 228 361 22 279 224
2 351 66 267 163
1 214 41
2 90 202 43 22
2 398 101 235 152
1 120 97
2 427 79 364 200
1 382 60
0
2 425 216 29 106
1 219 80
3 234 262 222 163 4 68
3 269 16 418 255 336 123
1 273 29
2 336 20 83 180
2 227 170 33 167
3 227 61 10 27 227 124
1 314 197
2 288 70 317 26
2 43 130 39 159
3 76 221 405 213 7 120
2 35 39 90 8
2 138 88 36 14
2 349 262 179 17
2 236 78 200 177
1 291 185
0
3 366 291 312 249 272 265
0
1 276 40
2 303 231 326 116
5 206 240 435 5 265 73 80 196 393 67
2 344 282 85 80
3 43 300 227 158 212 280
1 403 109
1 121 171
2 190 300 132 84
1 7 25
0
0
1 315 163
1 395 93
3 52 116 228 283 135 276
3 269 162 207 144 395 136
2 306 121 409 239
2 213 159 352 59
1 225 66
0
2 176 256 303 117
0
1 133 76
2 90 92 313 104
0
2 411 269 266 61
3 24 74 179 250 94 296
2 19 30 426 12
4 413 22 2 144 340 70 129 134
1 216 156
0
2 148 130 23 39
0
1 343 276
3 121 61 378 66 315 38
6 68 87 187 7 277 18 94 191 110 173 286 173
3 176 163 214 125 120 90
7 167 290 101 274 441 139 414 272 141 39 116 123 21 112
4 73 273 161 206 280 203 192 260
4 149 236 246 256 115 263 214 21
2 352 192 307 187
2 7 13 244 207
3 318 116 275 257 304 96
1 218 125
3 429 99 364 152 55 243
3 396 118 349 25 48 191
2 263 26 271 231
2 5 50 263 13
3 223 153 74 271 300 146
3 212 212 90 107 418 133
1 52 38
2 173 223 83 211
1 197 104
3 240 243 399 274 109 288
0
2 283 49 72 289
0
2 380 180 416 242
2 363 103 198 204
4 166 145 278 237 442 157 169 97
0
2 421 153 90 14
3 274 245 88 191 338 51
1 255 154
1 6 259
3 437 11 323 170 259 247
3 432 23 26 270 360 71
1 43 276
2 16 199 433 234
0
2 54 102 288 250
3 153 149 241 120 303 52
2 33 169 55 287
2 248 287 315 230
2 443 37 260 199
1 227 153
2 308 5 260 191
0
3 92 193 370 158 392 267
3 384 130 71 198 42 13
3 212 228 296 174 374 185
0
3 34 145 368 259 400 26
2 346 53 288 284
2 149 113 34 255
3 209 39 6 18 315 214
2 104 287 288 40
0
2 433 277 357 244
4 37 85 131 176 184 223 26 141
2 121 166 418 213
1 353 133
1 181 145
1 118 228
0
1 367 53
3 194 209 214 11 262 173
3 422 97 170 132 69 179
2 400 34 155 220
2 390 189 135 186
3 144 190 222 86 276 117
3 301 174 338 213 433 219
2 36 175 27 82
1 254 82
0
1 105 86
5 205 159 415 112 406 275 103 296 120 169
2 30 239 27 15
2 256 43 142 14
0
3 77 21 289 71 144 103
2 421 33 418 180
1 283 37
0
1 237 203
1 119 68
3 113 132 125 11 43 246
2 291 78 72 159
3 225 11 21 115 7 159
2 287 38 42 40
1 421 213
1 349 199
2 120 148 395 92
1 105 127
0
1 146 117
2 202 197 360 4
3 226 88 332 116 93 194
2 262 166 254 139
5 61 245 428 209 49 92 365 279 329 186
2 336 111 296 5
0
1 226 103
3 377 137 262 230 132 229
1 224 188
3 439 292 417 59 303 37
2 51 12 434 272
3 347 164 21 127 123 170
3 430 193 235 152 36 204
3 377 40 83 194 133 269
10 32 151 70 132 285 6 130 14 376 120 293 235 375 138 372 53 147 103 405 97
2 357 244 124 200
0
0
3 204 204 430 0 307 117
2 90 173 163 111
2 336 69 346 106
2 303 146 207 65
3 225 22 164 16 244 5
1 115 54
0
3 135 105 33 220 155 72
3 313 135 380 151 327 128
2 215 245 171 223
1 212 221
1 233 300
1 98 94
0
3 284 170 408 69 178 147
3 421 296 418 220 120 194
1 165 258
2 251 21 409 274
3 212 98 438 248 133 274
3 214 21 322 211 312 277
0
4 220 51 63 189 145 63 362 145
3 258 248 168 80 123 210
2 27 181 95 96
1 423 224
2 133 129 394 47
3 296 79 57 132 152 100
1 179 226
0
3 154 231 162 73 59 8
1 3 253
1 371 30
3 252 73 38 136 31 107
2 156 160 163 47
2 27 294 262 184
2 8 217 207 57
1 140 135
0
3 339 14 219 261 214 46
3 342 25 403 119 438 111
1 191 164
2 163 173 43 236
1 430 52
2 281 256 64 208
0
2 283 230 96 232
3 358 262 221 212 238 239
2 100 215 346 25
2 343 254 170 119
4 250 67 328 142 134 226 241 206
4 57 62 118 37 367 203 239 159
1 421 180
2 105 263 288 204
2 185 52 174 205
2 97 115 269 70
3 52 234 235 144 27 65
1 150 298
1 23 107
0
3 50 270 336 135 269 184
2 22 20 321 225
2 381 176 291 40
2 395 276 388 110
2 66 181 125 191
1 371 198
2 163 284 191 144
2 283 156 300 19
4 292 117 82 136 232 285 172 67
1 119 82
3 387 266 261 284 305 104
3 62 298 237 142 188 195
0
0
1 207 39
2 158 209 47 58
0
2 354 269 300 228
2 179 79 337 256
1 146 192
3 39 190 54 240 423 1
2 297 251 136 271
2 20 51 400 210
1 33 55
3 75 236 443 219 96 211
3 199 99 76 87 258 182
3 320 109 188 218 289 93
2 214 158 95 274
1 34 149
0
2 122 168 151 199
1 427 73
2 152 266 40 82
0
0
1 360 231
2 146 159 440 3
1 231 22
2 208 112 394 135
3 312 279 377 242 188 233
2 319 207 245 176
2 185 61 203 252
2 23 5 133 297
5 341 75 348 261 389 261 65 3 209 85
3 64 14 98 14 238 236
1 84 111
4 17 176 196 80 247 52 117 42
0
1 138 276
1 95 45
2 433 205 309 3
2 264 160 194 270
1 302 175
2 108 178 227 273
2 268 239 36 231
1 90 237
2 357 270 178 147
0
0
2 349 91 325 181
0
0
2 418 178 315 174
0
4 404 55 359 1 46 187 47 44
2 239 83 116 296
2 418 154 395 148
3 97 105 288 145 156 162
2 138 31 339 115
0
2 169 170 148 53
1 171 90
2 235 151 219 66
1 262 153
4 15 196 53 6 114 110 28 7
2 338 48 114 291
3 369 196 300 235 233 172
1 269 43
1 422 63
1 31 202
2 36 274 116 299
1 312 237
2 169 197 289 157
2 334 208 174 122
