971
7 886 73 509 262 602 262 435 132 476 172 949 137 232 214
0
0
0
1 471 265
0
0
2 856 296 334 40
4 327 55 825 274 23 10 98 279
0
0
0
2 478 15 86 49
0
0
0
0
2 563 229 828 139
1 930 174
0
0
0
0
1 312 173
0
2 90 92 34 215
1 158 117
1 935 299
0
2 441 21 29 290
1 714 75
2 911 244 198 277
1 220 64
0
0
2 424 234 28 130
0
0
0
0
3 24 228 286 103 797 74
3 931 93 498 152 230 46
4 970 16 433 199 297 77 47 154
2 823 121 45 227
0
4 500 180 177 188 272 172 82 67
1 880 143
1 790 233
0
0
1 962 186
0
0
1 313 74
2 288 191 798 253
1 311 200
2 678 79 31 94
1 274 293
1 688 211
1 909 178
0
0
0
2 179 266 387 189
0
0
5 572 81 385 62 937 2 529 20 497 60
0
0
1 113 6
0
2 598 68 423 57
3 60 283 855 192 4 277
1 226 158
0
2 422 173 552 39
0
0
2 860 232 754 175
1 829 4
0
0
0
2 380 174 943 76
2 289 181 442 235
1 808 88
2 467 211 420 142
4 80 36 836 23 809 45 437 114
0
0
2 867 213 894 287
0
1 163 81
0
1 240 156
2 959 75 493 217
0
0
0
0
1 480 204
0
0
1 884 232
0
1 913 298
0
0
1 439 103
2 713 161 178 28
0
0
1 878 239
1 349 270
1 820 206
0
0
0
0
0
2 697 253 126 188
0
0
0
6 421 265 969 39 671 223 483 209 544 100 10 170
0
3 501 184 747 67 561 40
0
1 623 167
0
1 768 213
2 364 172 757 127
1 78 29
0
1 537 246
2 557 241 627 200
1 489 159
1 843 61
0
1 444 140
0
0
0
1 882 38
2 133 273 366 162
0
0
0
0
6 43 152 303 264 110 185 649 269 637 115 734 29
3 237 6 279 230 412 25
2 30 132 761 134
5 347 181 404 250 69 278 54 83 702 283
2 205 211 926 48
3 753 221 325 20 419 132
1 358 201
1 779 169
0
0
1 927 160
0
0
0
0
1 656 233
0
0
0
0
2 521 266 436 139
2 19 146 616 136
0
0
0
0
0
3 266 298 726 140 543 230
1 719 2
3 52 90 848 118 7 97
0
1 781 246
1 864 200
0
1 642 41
0
4 505 259 609 214 813 223 377 48
1 449 93
3 348 141 588 224 776 102
0
0
0
0
0
1 132 8
0
1 586 245
1 677 220
1 310 256
0
1 893 140
3 118 214 827 103 750 37
1 731 245
1 632 300
0
2 952 64 324 60
1 743 277
1 643 152
5 223 220 849 118 409 34 196 279 235 257
0
1 407 183
0
1 966 213
0
2 499 138 506 255
0
0
0
0
0
1 668 98
0
0
3 794 211 792 283 273 208
1 703 291
0
0
0
0
1 161 282
0
0
0
0
2 153 154 888 299
0
0
1 77 208
2 725 275 59 85
1 280 150
1 560 117
0
0
0
6 187 12 445 207 197 181 267 233 854 109 724 12
0
0
1 841 122
1 817 65
0
1 680 245
2 681 161 410 225
0
1 176 252
0
0
0
0
1 350 294
0
4 343 1 171 93 241 188 775 221
0
3 97 224 628 73 428 175
4 188 223 749 261 319 199 379 21
0
4 676 248 871 262 181 64 365 60
2 786 234 516 175
0
0
0
1 783 208
0
0
1 50 180
0
0
0
0
1 494 283
0
0
3 477 205 363 8 103 147
0
1 453 100
1 222 59
0
0
0
1 261 288
3 127 51 159 2 690 175
4 915 76 590 85 402 87 306 20
0
0
1 219 79
1 961 92
0
0
2 892 218 134 64
1 397 176
0
0
1 107 144
0
0
3 2 47 759 197 933 98
1 728 164
0
1 669 235
2 655 89 919 72
0
0
0
1 258 299
1 252 38
0
1 578 114
0
2 960 58 858 191
1 698 294
2 330 288 254 22
1 661 116
0
1 495 182
0
0
2 440 274 388 260
2 84 273 788 28
2 845 82 355 2
0
0
0
3 839 67 102 115 295 139
0
2 709 102 94 219
1 484 216
0
0
0
0
0
0
2 650 162 772 65
0
0
2 904 97 903 215
5 369 194 36 298 152 84 496 180 296 92
0
0
1 944 69
1 427 181
0
5 309 242 614 30 20 229 954 144 138 232
1 136 109
2 622 92 570 174
0
0
0
1 71 133
1 192 63
1 21 287
1 579 253
1 15 220
5 833 72 354 299 168 79 832 153 929 184
0
1 215 167
0
0
2 328 80 917 107
5 708 286 629 27 101 47 741 271 38 228
8 940 128 876 75 396 210 701 299 587 199 108 193 532 232 81 177
1 559 36
0
1 865 182
2 26 190 391 285
3 224 262 206 150 756 21
0
0
1 474 43
1 200 161
1 37 123
1 941 211
1 282 36
4 191 6 953 294 239 230 411 133
0
3 562 166 169 105 507 83
2 603 194 646 228
2 968 105 675 0
1 492 23
0
5 793 115 57 75 964 82 659 254 144 190
0
0
3 520 102 425 117 720 219
1 455 292
1 486 57
2 666 73 381 98
4 617 70 721 149 5 187 119 244
0
1 195 25
0
1 896 178
2 924 76 545 241
1 221 65
0
0
0
2 852 273 401 75
0
3 491 136 773 270 558 20
0
0
0
0
4 201 184 518 122 376 72 157 4
0
2 739 170 733 287
3 873 261 457 269 608 107
0
0
2 210 220 737 142
0
4 818 131 684 280 908 300 872 167
0
0
1 390 220
0
0
0
0
1 172 150
0
0
2 850 237 359 224
1 51 2
6 758 158 950 200 769 297 189 180 665 200 801 299
4 875 299 951 43 351 121 333 234
2 301 259 777 79
1 40 79
3 513 238 902 160 712 68
0
1 245 116
1 375 86
0
1 936 206
1 32 67
2 534 103 185 45
0
3 406 104 415 275 182 242
0
1 342 6
0
1 830 200
0
0
2 748 41 831 6
2 887 102 613 245
1 482 123
0
0
0
3 212 169 395 32 268 149
0
0
5 417 83 576 264 190 202 475 97 335 262
0
0
1 329 233
2 755 154 638 44
5 729 29 151 89 257 204 418 42 906 16
0
2 214 55 111 213
1 857 260
0
0
0
1 582 289
1 356 212
0
3 621 248 382 100 517 163
0
2 816 51 16 231
0
0
1 710 177
0
1 56 78
0
0
2 868 112 275 30
0
4 895 59 317 167 233 192 847 275
3 870 115 700 203 291 7
0
0
0
0
2 162 40 217 139
1 938 92
1 535 106
0
6 244 146 337 108 840 218 883 66 744 125 660 195
0
0
0
2 819 210 452 64
1 782 300
0
1 639 9
0
10 155 191 670 171 368 213 91 205 515 9 764 298 345 155 468 237 705 281 231 65
0
2 626 33 316 16
2 35 147 934 27
5 456 17 434 37 679 97 12 283 166 232
3 900 35 898 94 869 51
5 907 194 460 210 186 256 145 33 673 204
0
0
4 928 17 99 186 881 214 618 70
1 540 108
1 8 141
2 459 150 175 202
0
2 696 168 745 145
0
0
6 796 66 965 296 803 148 645 123 707 213 227 247
0
3 905 25 465 153 228 8
1 683 238
1 663 10
0
0
2 595 34 687 247
0
1 799 97
0
0
0
2 807 177 580 147
0
3 597 188 601 7 55 85
0
0
2 778 10 216 137
0
0
0
0
0
0
0
1 128 128
0
1 551 38
0
1 193 38
1 921 16
3 70 282 774 79 948 188
2 431 193 124 113
1 716 50
0
1 589 15
0
1 511 253
0
0
0
1 277 15
0
0
0
1 879 54
0
0
1 547 34
2 293 55 592 278
2 283 155 682 170
0
0
1 3 194
0
0
0
2 585 280 74 38
0
0
0
0
2 555 169 213 45
2 800 65 14 150
0
1 130 87
0
1 631 119
1 120 26
0
1 503 22
3 891 280 464 161 784 118
0
0
1 732 220
7 553 79 762 267 746 151 490 87 405 226 862 245 842 105
2 357 170 184 84
3 326 133 835 56 967 77
1 791 165
1 180 144
2 150 78 740 43
1 323 112
0
0
0
0
1 533 155
2 344 80 704 297
0
0
2 263 142 104 218
0
1 451 159
2 448 252 573 177
2 766 138 569 252
4 160 111 352 115 466 231 695 10
0
1 96 283
2 652 239 571 171
0
1 305 142
0
1 276 206
0
0
0
0
1 123 106
0
2 955 30 398 130
0
2 285 54 914 115
0
0
1 910 225
0
0
5 87 46 85 210 362 80 170 191 446 13
5 599 150 294 208 752 263 610 126 414 106
0
0
2 554 235 22 140
2 112 226 48 186
1 307 238
2 568 119 75 179
2 481 249 812 217
3 225 77 853 51 738 20
1 531 246
1 165 264
0
5 922 167 202 152 320 265 525 55 912 247
0
0
0
2 203 189 548 6
0
0
5 504 20 403 136 340 6 62 205 461 182
1 92 56
0
0
1 141 288
0
5 897 220 526 90 88 107 815 87 394 169
2 393 287 156 200
2 146 181 6 287
1 837 193
0
0
5 693 194 916 68 67 290 250 154 236 177
0
2 648 58 105 103
1 512 150
0
1 253 186
0
1 256 46
0
0
0
0
2 822 298 581 213
0
0
0
1 502 226
2 281 80 727 0
0
0
1 371 233
0
0
0
1 142 203
1 546 203
0
0
0
3 143 215 443 1 17 76
2 530 80 255 272
0
5 657 54 46 54 73 271 93 299 243 255
0
1 672 62
0
3 287 253 615 294 612 31
2 336 132 338 41
0
2 426 191 487 194
0
1 890 218
0
1 824 285
0
1 89 166
0
0
0
0
0
1 795 203
0
3 971 132 392 135 596 116
1 58 187
2 508 84 814 126
0
1 122 62
0
0
0
0
1 685 182
1 963 204
2 550 63 667 110
0
1 620 10
0
1 780 64
0
5 805 121 564 97 861 134 634 98 920 269
1 866 108
1 811 176
0
1 109 153
0
1 694 14
2 957 206 13 31
1 262 236
5 730 243 624 44 715 199 635 155 147 170
0
0
1 718 234
0
1 247 203
0
3 265 296 767 299 18 69
1 139 71
3 885 13 72 26 39 251
1 806 134
1 742 117
1 770 77
0
0
1 838 179
1 834 99
1 633 51
0
0
1 242 89
0
0
0
0
0
0
3 251 293 918 6 751 61
0
0
0
0
2 789 15 654 135
0
3 234 235 606 180 27 130
0
0
0
0
1 479 122
0
2 765 47 95 57
1 383 52
0
1 174 159
2 399 122 711 57
0
0
5 79 141 308 91 432 261 121 258 199 271
0
3 692 234 44 1 238 13
2 278 26 68 32
0
1 207 23
0
3 100 64 259 231 65 284
0
0
1 717 230
0
3 438 292 735 113 899 256
0
0
1 763 220
1 299 194
1 332 114
1 361 20
0
1 625 122
0
1 83 77
4 125 82 804 150 802 225 760 59
2 229 221 321 243
0
2 604 135 462 271
0
1 249 274
1 148 25
2 331 151 691 96
3 810 9 488 28 600 252
0
1 315 50
0
0
1 611 25
3 204 102 384 45 472 269
0
2 264 19 706 285
0
0
2 429 270 370 104
0
0
0
2 114 284 542 78
1 61 117
0
1 651 98
1 851 134
0
0
1 945 279
1 300 151
0
2 932 59 346 284
5 374 155 173 77 341 107 591 219 536 64
7 154 155 689 223 33 292 314 24 137 30 939 37 846 208
1 653 193
1 53 121
0
2 594 231 183 191
0
5 583 72 208 190 859 220 463 156 372 274
0
1 785 168
2 577 298 298 58
0
0
2 539 186 686 281
0
0
2 129 271 605 211
5 106 196 290 158 353 228 416 40 386 106
0
2 723 168 524 137
0
0
0
2 400 111 640 92
0
1 408 32
11 877 47 447 24 607 8 140 42 826 214 946 213 41 49 821 3 641 34 218 272 538 39
0
1 360 289
4 664 161 528 139 318 227 522 89
0
2 556 93 923 133
0
2 339 270 450 217
4 901 297 42 44 454 27 211 18
3 66 37 523 99 549 4
0
4 389 39 787 200 771 77 304 138
1 469 190
3 575 160 260 2 270 211
1 25 133
3 9 165 115 115 925 287
6 413 127 470 248 63 157 49 110 76 81 292 124
0
1 510 19
0
0
2 644 34 541 158
1 619 1
3 284 28 473 143 116 2
0
2 271 211 874 37
0
3 164 202 322 49 430 196
1 736 246
2 131 83 209 214
2 64 234 942 65
0
2 584 127 574 190
0
0
1 485 95
2 519 237 956 213
0
0
0
0
2 636 73 565 95
1 699 272
0
0
3 647 60 367 140 630 187
4 658 269 722 27 844 293 662 149
0
0
1 458 56
0
0
0
0
2 302 292 149 226
0
0
0
0
0
0
0
0
0
1 863 103
2 514 291 567 233
0
0
0
1 167 12
1 527 278
0
1 246 38
0
3 566 166 194 151 674 278
0
0
1 11 52
1 269 219
4 889 159 947 267 378 201 248 236
1 593 247
0
0
2 135 165 117 62
1 958 128
1 373 129
