977
7 388 33 200 33 604 33 14 33 964 33 957 33 852 33
0
0
0
3 365 33 746 33 50 33
1 681 33
0
2 186 33 606 33
0
2 887 33 88 33
1 398 33
4 509 33 226 33 162 33 112 33
1 267 33
4 366 33 472 33 893 33 53 33
4 423 33 565 33 761 33 918 33
5 305 33 339 33 669 33 758 33 246 33
2 820 33 315 33
2 671 33 798 33
5 332 33 933 33 966 33 589 33 830 33
0
0
3 689 33 650 33 599 33
0
0
1 558 33
1 57 33
1 788 33
0
0
2 461 33 823 33
0
4 655 33 409 33 22 33 123 33
0
2 164 33 212 33
1 260 33
2 518 33 467 33
0
1 811 33
0
1 942 33
0
1 185 33
0
0
0
0
2 686 33 847 33
0
2 551 33 605 33
0
1 145 33
0
0
0
0
0
1 268 33
0
1 927 33
0
1 757 33
0
0
0
1 183 33
0
0
0
0
0
2 441 33 154 33
0
1 417 33
0
0
0
2 78 33 449 33
2 555 33 495 33
0
3 563 33 402 33 880 33
1 899 33
0
1 252 33
1 496 33
0
0
0
2 138 33 723 33
0
0
0
1 645 33
0
2 384 33 253 33
1 378 33
4 277 33 519 33 614 33 455 33
1 386 33
1 915 33
3 381 33 778 33 165 33
1 439 33
0
0
2 800 33 237 33
0
6 721 33 556 33 107 33 977 33 807 33 343 33
0
0
2 99 33 678 33
2 40 33 340 33
2 810 33 316 33
1 125 33
0
2 59 33 281 33
1 506 33
3 94 33 765 33 285 33
1 174 33
0
1 888 33
1 347 33
0
0
3 236 33 716 33 93 33
0
0
2 750 33 100 33
0
0
0
1 20 33
0
0
0
0
1 581 33
0
0
1 28 33
0
0
0
0
0
0
1 730 33
2 392 33 431 33
2 835 33 715 33
0
4 159 33 24 33 473 33 598 33
2 468 33 868 33
1 189 33
0
0
0
0
2 929 33 775 33
0
1 710 33
0
1 486 33
2 780 33 218 33
2 132 33 29 33
3 862 33 341 33 973 33
1 458 33
1 11 33
1 23 33
0
3 533 33 579 33 190 33
1 3 33
3 569 33 824 33 210 33
2 582 33 304 33
0
0
6 576 33 822 33 971 33 602 33 769 33 946 33
0
0
1 91 33
0
4 16 33 317 33 155 33 531 33
3 753 33 972 33 373 33
1 732 33
0
1 849 33
0
3 767 33 7 33 471 33
0
0
1 790 33
0
0
0
1 410 33
0
2 92 33 326 33
2 853 33 436 33
3 665 33 735 33 603 33
1 827 33
1 188 33
1 906 33
1 845 33
5 504 33 736 33 324 33 244 33 406 33
1 905 33
0
0
2 338 33 561 33
0
1 176 33
2 802 33 825 33
0
1 722 33
0
0
0
0
0
0
2 259 33 269 33
0
0
1 793 33
0
1 538 33
0
1 844 33
3 6 33 191 33 895 33
1 242 33
1 885 33
1 70 33
1 367 33
0
2 349 33 600 33
2 393 33 860 33
0
1 346 33
0
0
1 914 33
2 658 33 307 33
4 211 33 921 33 101 33 881 33
0
1 803 33
1 90 33
0
0
0
5 779 33 691 33 629 33 588 33 438 33
0
1 759 33
1 485 33
0
0
1 288 33
1 13 33
0
4 413 33 850 33 766 33 744 33
3 749 33 585 33 697 33
0
6 245 33 412 33 230 33 550 33 46 33 320 33
1 141 33
1 684 33
0
0
0
1 489 33
3 649 33 62 33 302 33
1 628 33
0
0
1 311 33
0
0
0
1 278 33
3 640 33 79 33 873 33
0
0
0
4 613 33 937 33 344 33 74 33
1 169 33
2 234 33 672 33
0
0
2 331 33 118 33
2 275 33 892 33
1 826 33
0
0
1 87 33
0
0
1 97 33
2 394 33 206 33
2 231 33 609 33
0
2 954 33 336 33
2 182 33 124 33
0
0
1 363 33
0
1 202 33
3 955 33 706 33 405 33
0
0
0
1 725 33
1 263 33
0
2 271 33 841 33
2 113 33 781 33
0
0
0
5 647 33 617 33 587 33 702 33 163 33
1 846 33
0
0
1 432 33
1 476 33
0
0
2 227 33 407 33
0
0
4 484 33 871 33 770 33 949 33
2 466 33 970 33
0
1 616 33
1 475 33
0
0
0
0
1 42 33
1 635 33
0
1 274 33
0
0
1 843 33
0
0
8 529 33 690 33 355 33 903 33 426 33 831 33 488 33 498 33
1 291 33
1 505 33
0
0
0
0
3 325 33 741 33 626 33
2 677 33 356 33
1 552 33
3 282 33 374 33 481 33
1 516 33
0
3 651 33 157 33 47 33
0
1 251 33
0
0
0
4 792 33 742 33 493 33 364 33
4 720 33 700 33 247 33 923 33
1 950 33
0
0
5 51 33 654 33 567 33 974 33 129 33
0
0
6 786 33 98 33 240 33 168 33 962 33 482 33
1 446 33
2 717 33 442 33
0
1 48 33
0
0
0
0
0
1 103 33
1 737 33
4 652 33 575 33 961 33 682 33
6 787 33 187 33 294 33 460 33 82 33 863 33
0
0
1 634 33
1 152 33
0
7 342 33 257 33 904 33 659 33 345 33 828 33 376 33
2 924 33 135 33
2 804 33 137 33
0
1 930 33
0
0
1 463 33
4 86 33 389 33 932 33 637 33
3 663 33 834 33 280 33
0
2 334 33 676 33
0
0
1 5 33
0
0
0
2 106 33 262 33
0
2 819 33 608 33
2 397 33 84 33
0
2 492 33 222 33
3 703 33 762 33 380 33
1 842 33
0
0
0
0
1 377 33
0
0
5 783 33 861 33 839 33 150 33 523 33
1 594 33
5 734 33 913 33 313 33 249 33 199 33
0
0
1 664 33
1 425 33
1 590 33
3 912 33 370 33 667 33
1 372 33
0
3 69 33 61 33 911 33
0
4 901 33 217 33 483 33 832 33
1 517 33
0
1 447 33
0
0
0
0
1 908 33
0
0
1 953 33
0
0
3 328 33 553 33 969 33
1 375 33
1 692 33
3 241 33 797 33 192 33
0
0
3 60 33 527 33 870 33
0
0
1 545 33
1 133 33
2 261 33 104 33
0
0
0
2 41 33 526 33
2 295 33 445 33
0
0
2 648 33 524 33
1 430 33
1 522 33
0
0
3 733 33 532 33 728 33
1 879 33
0
1 525 33
2 45 33 774 33
1 814 33
0
0
0
0
1 470 33
0
1 944 33
0
0
3 510 33 578 33 8 33
0
2 709 33 276 33
0
2 54 33 329 33
1 693 33
1 403 33
0
2 296 33 297 33
0
0
0
0
1 153 33
0
0
2 866 33 161 33
2 646 33 925 33
0
0
1 898 33
0
4 229 33 474 33 306 33 142 33
1 738 33
0
1 795 33
0
1 266 33
0
1 799 33
0
0
4 83 33 130 33 928 33 194 33
1 354 33
0
1 719 33
0
0
1 368 33
0
1 283 33
1 207 33
5 167 33 631 33 105 33 180 33 817 33
1 81 33
1 513 33
0
5 487 33 623 33 390 33 411 33 877 33
1 501 33
0
3 695 33 287 33 520 33
1 43 33
0
1 160 33
1 379 33
1 838 33
3 18 33 149 33 864 33
1 360 33
0
0
0
2 713 33 729 33
0
1 573 33
6 80 33 726 33 114 33 95 33 52 33 433 33
0
0
0
0
1 131 33
3 195 33 644 33 9 33
0
1 239 33
2 528 33 724 33
0
0
0
0
1 35 33
4 228 33 115 33 808 33 391 33
3 352 33 856 33 314 33
2 891 33 109 33
2 572 33 310 33
1 204 33
1 136 33
1 543 33
1 541 33
0
0
0
4 134 33 855 33 564 33 535 33
1 752 33
4 701 33 618 33 443 33 151 33
1 900 33
0
3 284 33 64 33 624 33
2 303 33 312 33
0
0
1 58 33
0
1 956 33
4 837 33 34 33 117 33 615 33
5 540 33 536 33 967 33 816 33 620 33
0
1 63 33
0
0
1 166 33
3 875 33 273 33 387 33
1 785 33
0
0
0
0
0
1 85 33
0
4 15 33 146 33 382 33 465 33
0
0
1 220 33
1 232 33
1 279 33
0
1 156 33
1 688 33
2 739 33 462 33
4 897 33 209 33 214 33 177 33
0
1 670 33
4 427 33 49 33 404 33 636 33
2 763 33 748 33
1 544 33
0
1 625 33
2 203 33 931 33
5 805 33 607 33 128 33 224 33 335 33
1 172 33
1 593 33
0
0
0
1 502 33
0
5 633 33 254 33 362 33 173 33 833 33
3 235 33 300 33 444 33
2 919 33 143 33
0
0
1 21 33
1 583 33
0
0
2 784 33 264 33
1 747 33
0
0
0
0
5 248 33 422 33 958 33 883 33 699 33
5 507 33 478 33 67 33 399 33 419 33
0
1 909 33
1 851 33
4 19 33 451 33 216 33 812 33
2 595 33 756 33
0
0
6 179 33 223 33 359 33 557 33 490 33 857 33
0
0
1 201 33
4 96 33 514 33 452 33 601 33
1 515 33
0
0
0
2 952 33 414 33
2 2 33 751 33
1 632 33
0
3 560 33 351 33 521 33
2 38 33 215 33
0
1 127 33
0
1 196 33
1 293 33
1 939 33
0
0
1 322 33
0
1 221 33
0
0
0
0
2 102 33 848 33
0
0
1 30 33
2 718 33 869 33
1 548 33
3 948 33 25 33 31 33
0
1 619 33
0
4 530 33 621 33 772 33 205 33
0
1 385 33
2 764 33 858 33
0
0
2 673 33 286 33
0
2 77 33 813 33
1 707 33
0
4 454 33 32 33 193 33 233 33
0
0
2 147 33 479 33
2 450 33 337 33
0
2 318 33 250 33
0
0
1 17 33
3 238 33 711 33 916 33
3 712 33 27 33 435 33
0
2 121 33 68 33
1 960 33
2 480 33 878 33
0
0
1 935 33
0
1 56 33
1 821 33
0
0
0
0
0
0
5 255 33 818 33 641 33 503 33 371 33
1 225 33
3 198 33 743 33 353 33
0
1 44 33
2 290 33 333 33
0
2 627 33 327 33
2 4 33 951 33
0
0
0
1 705 33
0
0
3 542 33 361 33 12 33
0
3 854 33 395 33 882 33
0
0
2 350 33 10 33
0
0
0
1 796 33
0
0
1 554 33
0
2 568 33 592 33
1 642 33
0
0
2 708 33 171 33
1 789 33
1 936 33
3 941 33 440 33 401 33
0
1 184 33
0
0
0
3 416 33 457 33 197 33
4 369 33 122 33 938 33 566 33
2 794 33 679 33
1 896 33
1 760 33
0
0
2 265 33 675 33
1 773 33
2 158 33 500 33
3 148 33 611 33 968 33
2 408 33 120 33
0
1 477 33
0
2 139 33 661 33
2 596 33 358 33
1 66 33
1 256 33
0
0
2 33 33 910 33
0
0
0
1 740 33
0
0
1 622 33
1 448 33
1 299 33
3 549 33 975 33 270 33
3 76 33 571 33 175 33
0
0
0
0
0
1 836 33
0
0
1 917 33
2 421 33 643 33
2 424 33 889 33
2 289 33 512 33
0
6 539 33 591 33 75 33 491 33 662 33 920 33
0
0
1 886 33
0
0
0
2 126 33 418 33
0
2 668 33 72 33
0
1 26 33
0
3 890 33 559 33 39 33
1 656 33
2 859 33 965 33
0
1 140 33
2 612 33 815 33
0
4 243 33 323 33 562 33 400 33
0
0
0
0
0
0
0
3 660 33 494 33 73 33
0
0
0
0
0
2 840 33 597 33
0
0
1 704 33
0
1 874 33
1 584 33
2 694 33 574 33
1 534 33
0
2 976 33 894 33
0
0
0
0
0
1 499 33
0
1 791 33
1 727 33
1 580 33
1 36 33
1 714 33
1 902 33
0
0
0
0
1 301 33
0
0
0
0
0
5 687 33 396 33 547 33 731 33 181 33
4 884 33 945 33 65 33 782 33
3 420 33 213 33 653 33
3 415 33 357 33 37 33
0
0
0
1 872 33
0
0
3 110 33 610 33 144 33
1 497 33
0
2 666 33 437 33
2 777 33 771 33
0
0
0
0
0
0
0
3 959 33 511 33 943 33
4 178 33 89 33 170 33 508 33
0
0
0
1 453 33
4 272 33 434 33 680 33 546 33
1 208 33
0
0
0
1 71 33
0
1 321 33
1 55 33
2 755 33 630 33
2 348 33 922 33
2 934 33 258 33
0
1 867 33
1 829 33
2 429 33 586 33
0
0
1 907 33
1 469 33
3 464 33 319 33 683 33
0
3 577 33 428 33 638 33
0
1 639 33
0
5 108 33 776 33 459 33 292 33 298 33
0
2 876 33 456 33
0
2 111 33 685 33
0
0
3 801 33 330 33 570 33
0
1 926 33
1 219 33
2 754 33 806 33
0
2 657 33 383 33
0
0
1 947 33
1 309 33
1 119 33
0
3 940 33 698 33 308 33
0
1 537 33
0
0
0
0
0
1 865 33
2 809 33 745 33
3 768 33 674 33 696 33
0
1 116 33
1 963 33
