539
13 160 261 412 261 416 261 345 261 74 261 14 261 4 261 510 261 398 261 154 261 210 261 386 261 383 261
17 299 261 463 261 371 261 251 261 487 261 435 261 236 261 161 261 177 261 188 261 331 261 519 261 452 261 238 261 211 261 514 261 344 261
20 243 261 491 261 105 261 353 261 231 261 163 261 395 261 177 261 309 261 480 261 328 261 376 261 187 261 199 261 108 261 520 261 53 261 468 261 482 261 304 261
20 134 261 110 261 445 261 10 261 19 261 177 261 152 261 85 261 40 261 395 261 163 261 30 261 511 261 425 261 115 261 168 261 449 261 150 261 220 261 132 261
7 100 261 485 261 213 261 29 261 448 261 210 261 223 261
16 146 261 57 261 445 261 353 261 231 261 76 261 125 261 353 261 358 261 383 261 243 261 174 261 259 261 76 261 27 261 163 261
8 149 261 199 261 336 261 260 261 536 261 146 261 85 261 78 261
6 366 261 12 261 143 261 401 261 65 261 411 261
3 28 261 125 261 449 261
16 378 261 526 261 485 261 526 261 199 261 133 261 485 261 91 261 203 261 199 261 271 261 271 261 327 261 531 261 34 261 152 261
1 300 261
14 366 261 117 261 57 261 223 261 395 261 485 261 131 261 378 261 34 261 108 261 94 261 152 261 135 261 176 261
6 96 261 344 261 319 261 539 261 312 261 508 261
4 303 261 288 261 527 261 261 261
11 306 261 484 261 134 261 485 261 323 261 524 261 504 261 188 261 469 261 137 261 459 261
11 129 261 511 261 56 261 454 261 197 261 397 261 89 261 226 261 12 261 136 261 331 261
4 277 261 188 261 407 261 202 261
4 177 261 396 261 448 261 266 261
6 492 261 182 261 304 261 133 261 314 261 177 261
17 410 261 511 261 30 261 68 261 168 261 206 261 285 261 306 261 18 261 500 261 78 261 396 261 132 261 107 261 41 261 98 261 222 261
19 195 261 184 261 287 261 216 261 490 261 482 261 330 261 377 261 271 261 463 261 184 261 232 261 360 261 338 261 45 261 270 261 139 261 520 261 236 261
1 338 261
3 514 261 139 261 483 261
19 128 261 237 261 334 261 350 261 282 261 474 261 189 261 115 261 375 261 475 261 396 261 144 261 51 261 174 261 346 261 144 261 288 261 374 261 312 261
4 213 261 394 261 452 261 520 261
12 394 261 471 261 344 261 259 261 220 261 449 261 266 261 42 261 454 261 158 261 114 261 227 261
17 492 261 494 261 220 261 22 261 353 261 19 261 435 261 220 261 297 261 91 261 103 261 174 261 157 261 525 261 81 261 415 261 528 261
11 297 261 129 261 317 261 22 261 409 261 20 261 528 261 450 261 206 261 58 261 182 261
11 413 261 213 261 266 261 213 261 177 261 177 261 40 261 181 261 445 261 31 261 527 261
2 332 261 356 261
7 132 261 78 261 213 261 132 261 78 261 78 261 100 261
4 305 261 254 261 135 261 131 261
19 115 261 83 261 305 261 88 261 77 261 260 261 500 261 357 261 163 261 365 261 366 261 257 261 439 261 216 261 413 261 83 261 223 261 234 261 212 261
9 314 261 536 261 339 261 132 261 91 261 89 261 266 261 22 261 114 261
14 132 261 217 261 227 261 492 261 321 261 135 261 266 261 378 261 117 261 327 261 528 261 526 261 314 261 289 261
18 207 261 489 261 313 261 460 261 491 261 446 261 250 261 482 261 150 261 220 261 167 261 437 261 456 261 109 261 497 261 31 261 488 261 307 261
12 516 261 112 261 294 261 16 261 68 261 59 261 81 261 184 261 505 261 86 261 500 261 427 261
3 427 261 268 261 85 261
16 123 261 269 261 29 261 114 261 321 261 133 261 199 261 131 261 289 261 258 261 425 261 199 261 199 261 133 261 364 261 78 261
15 31 261 266 261 353 261 338 261 484 261 210 261 485 261 364 261 395 261 213 261 413 261 364 261 210 261 314 261 210 261
13 395 261 238 261 78 261 422 261 135 261 456 261 10 261 327 261 376 261 94 261 534 261 485 261 149 261
5 267 261 111 261 411 261 450 261 366 261
11 47 261 72 261 163 261 45 261 152 261 146 261 360 261 432 261 263 261 45 261 208 261
2 305 261 30 261
20 135 261 474 261 491 261 492 261 84 261 317 261 105 261 220 261 449 261 271 261 152 261 30 261 5 261 53 261 63 261 105 261 393 261 471 261 357 261 135 261
20 329 261 49 261 107 261 297 261 265 261 370 261 390 261 32 261 370 261 285 261 282 261 107 261 492 261 459 261 280 261 236 261 191 261 352 261 22 261 434 261
15 171 261 104 261 162 261 358 261 186 261 434 261 137 261 427 261 89 261 152 261 482 261 68 261 323 261 6 261 48 261
16 220 261 330 261 267 261 210 261 353 261 354 261 407 261 7 261 149 261 419 261 42 261 123 261 10 261 159 261 131 261 163 261
11 29 261 257 261 399 261 287 261 31 261 40 261 306 261 114 261 487 261 430 261 216 261
14 513 261 143 261 155 261 83 261 389 261 99 261 417 261 49 261 449 261 224 261 404 261 394 261 208 261 402 261
20 487 261 136 261 58 261 388 261 269 261 485 261 12 261 363 261 295 261 35 261 231 261 94 261 432 261 48 261 10 261 459 261 159 261 32 261 246 261 499 261
6 24 261 240 261 173 261 164 261 498 261 440 261
12 323 261 468 261 19 261 7 261 197 261 413 261 430 261 493 261 284 261 271 261 487 261 89 261
8 7 261 356 261 216 261 45 261 432 261 455 261 305 261 216 261
19 332 261 332 261 422 261 425 261 464 261 494 261 396 261 321 261 481 261 29 261 196 261 321 261 213 261 10 261 19 261 182 261 383 261 78 261 332 261
8 343 261 338 261 247 261 511 261 96 261 449 261 323 261 471 261
10 213 261 531 261 266 261 321 261 415 261 159 261 182 261 31 261 203 261 199 261
16 146 261 94 261 527 261 338 261 332 261 152 261 339 261 242 261 81 261 150 261 411 261 10 261 364 261 295 261 223 261 383 261
7 317 261 163 261 144 261 175 261 153 261 463 261 413 261
2 157 261 482 261
12 279 261 38 261 272 261 408 261 161 261 68 261 306 261 336 261 158 261 509 261 532 261 22 261
13 341 261 471 261 353 261 305 261 208 261 135 261 287 261 330 261 40 261 134 261 465 261 110 261 19 261
1 465 261
13 486 261 477 261 290 261 353 261 98 261 430 261 388 261 227 261 312 261 509 261 118 261 289 261 84 261
3 220 261 177 261 364 261
16 111 261 521 261 401 261 279 261 487 261 497 261 457 261 527 261 413 261 44 261 444 261 104 261 76 261 292 261 344 261 447 261
9 440 261 128 261 124 261 299 261 334 261 225 261 409 261 476 261 256 261
11 118 261 305 261 448 261 511 261 254 261 402 261 339 261 100 261 500 261 246 261 499 261
9 369 261 357 261 396 261 472 261 232 261 263 261 115 261 344 261 357 261
15 69 261 453 261 476 261 198 261 515 261 358 261 435 261 44 261 41 261 334 261 539 261 137 261 255 261 421 261 527 261
18 151 261 115 261 305 261 306 261 113 261 410 261 483 261 41 261 363 261 223 261 21 261 156 261 210 261 341 261 462 261 121 261 200 261 263 261
9 196 261 254 261 146 261 341 261 445 261 77 261 287 261 77 261 328 261
10 411 261 364 261 482 261 526 261 34 261 425 261 196 261 431 261 110 261 431 261
15 389 261 478 261 121 261 137 261 269 261 172 261 297 261 108 261 403 261 490 261 66 261 17 261 44 261 388 261 220 261
8 32 261 73 261 94 261 484 261 525 261 206 261 367 261 232 261
16 476 261 472 261 323 261 382 261 73 261 494 261 354 261 378 261 487 261 494 261 407 261 527 261 525 261 382 261 356 261 30 261
12 395 261 5 261 227 261 94 261 415 261 19 261 501 261 114 261 456 261 217 261 39 261 500 261
9 213 261 213 261 132 261 353 261 395 261 353 261 353 261 199 261 353 261
17 199 261 536 261 397 261 425 261 146 261 411 261 378 261 485 261 338 261 295 261 271 261 242 261 91 261 152 261 149 261 181 261 103 261
7 36 261 170 261 127 261 201 261 457 261 403 261 159 261
16 292 261 481 261 22 261 378 261 29 261 73 261 431 261 94 261 208 261 354 261 91 261 528 261 526 261 327 261 5 261 269 261
8 281 261 76 261 526 261 141 261 242 261 491 261 166 261 536 261
7 365 261 380 261 321 261 96 261 431 261 323 261 149 261
1 358 261
14 536 261 531 261 117 261 123 261 266 261 131 261 242 261 285 261 19 261 123 261 445 261 354 261 212 261 485 261
16 227 261 536 261 156 261 158 261 105 261 309 261 492 261 143 261 382 261 396 261 149 261 531 261 494 261 77 261 156 261 208 261
16 467 261 224 261 186 261 181 261 94 261 446 261 386 261 28 261 166 261 34 261 299 261 176 261 447 261 438 261 168 261 113 261
19 256 261 357 261 181 261 79 261 450 261 422 261 357 261 98 261 448 261 157 261 161 261 435 261 402 261 31 261 528 261 234 261 266 261 257 261 511 261
19 327 261 177 261 217 261 159 261 158 261 123 261 314 261 527 261 162 261 271 261 152 261 117 261 91 261 314 261 271 261 203 261 364 261 527 261 511 261
9 438 261 483 261 25 261 188 261 254 261 501 261 272 261 26 261 208 261
14 31 261 103 261 31 261 425 261 338 261 133 261 133 261 132 261 450 261 485 261 123 261 484 261 123 261 223 261
4 215 261 178 261 379 261 3 261
18 295 261 73 261 445 261 450 261 525 261 492 261 528 261 323 261 117 261 212 261 419 261 254 261 107 261 41 261 244 261 388 261 133 261 284 261
18 22 261 501 261 285 261 242 261 266 261 531 261 117 261 199 261 158 261 271 261 366 261 285 261 132 261 182 261 40 261 492 261 158 261 397 261
20 450 261 242 261 269 261 18 261 511 261 354 261 152 261 295 261 488 261 396 261 131 261 338 261 356 261 500 261 396 261 217 261 415 261 100 261 376 261 259 261
10 354 261 167 261 81 261 156 261 107 261 506 261 246 261 358 261 401 261 10 261
9 464 261 452 261 450 261 281 261 401 261 199 261 31 261 330 261 130 261
10 494 261 448 261 394 261 41 261 57 261 269 261 30 261 341 261 527 261 132 261
18 256 261 65 261 256 261 163 261 175 261 5 261 6 261 526 261 220 261 439 261 298 261 339 261 12 261 535 261 244 261 472 261 462 261 480 261
16 123 261 162 261 213 261 353 261 353 261 213 261 353 261 353 261 162 261 162 261 123 261 353 261 213 261 162 261 213 261 353 261
17 93 261 361 261 75 261 527 261 348 261 469 261 183 261 447 261 343 261 146 261 499 261 492 261 171 261 192 261 411 261 522 261 57 261
20 29 261 68 261 86 261 284 261 447 261 420 261 520 261 526 261 68 261 436 261 117 261 22 261 5 261 515 261 379 261 190 261 334 261 107 261 391 261 77 261
11 213 261 31 261 395 261 31 261 210 261 123 261 314 261 501 261 181 261 181 261 395 261
2 257 261 137 261
16 12 261 222 261 32 261 212 261 208 261 79 261 454 261 100 261 93 261 166 261 450 261 506 261 267 261 419 261 499 261 212 261
16 502 261 37 261 67 261 193 261 15 261 247 261 460 261 257 261 326 261 5 261 394 261 129 261 198 261 382 261 534 261 398 261
11 266 261 258 261 103 261 42 261 339 261 536 261 152 261 364 261 29 261 115 261 485 261
2 228 261 500 261
15 153 261 269 261 289 261 295 261 507 261 190 261 395 261 267 261 135 261 103 261 395 261 353 261 494 261 234 261 107 261
3 448 261 182 261 527 261
10 378 261 131 261 210 261 524 261 484 261 159 261 203 261 22 261 159 261 266 261
17 349 261 10 261 339 261 280 261 176 261 440 261 189 261 75 261 420 261 484 261 300 261 290 261 402 261 511 261 187 261 4 261 393 261
15 310 261 192 261 262 261 217 261 183 261 513 261 44 261 54 261 454 261 298 261 431 261 399 261 480 261 27 261 411 261
12 413 261 354 261 450 261 100 261 425 261 481 261 177 261 501 261 5 261 395 261 396 261 425 261
3 94 261 212 261 78 261
16 524 261 39 261 435 261 166 261 411 261 303 261 271 261 338 261 77 261 182 261 156 261 304 261 363 261 32 261 111 261 399 261
2 511 261 289 261
0
9 534 261 78 261 532 261 45 261 144 261 198 261 349 261 229 261 526 261
4 4 261 44 261 289 261 224 261
14 17 261 138 261 214 261 299 261 433 261 306 261 315 261 143 261 184 261 31 261 220 261 129 261 435 261 257 261
12 194 261 98 261 111 261 509 261 30 261 146 261 222 261 365 261 425 261 358 261 105 261 177 261
6 353 261 353 261 353 261 213 261 353 261 353 261
15 316 261 191 261 247 261 420 261 526 261 223 261 211 261 291 261 448 261 389 261 382 261 536 261 315 261 471 261 122 261
17 292 261 413 261 464 261 68 261 285 261 182 261 354 261 536 261 162 261 162 261 435 261 289 261 450 261 402 261 472 261 260 261 73 261
14 303 261 534 261 526 261 132 261 149 261 27 261 395 261 182 261 226 261 213 261 7 261 397 261 182 261 203 261
18 233 261 466 261 444 261 321 261 121 261 337 261 99 261 95 261 72 261 25 261 396 261 320 261 399 261 502 261 525 261 447 261 267 261 20 261
12 270 261 22 261 343 261 152 261 104 261 179 261 77 261 504 261 148 261 312 261 437 261 439 261
10 289 261 78 261 91 261 242 261 527 261 152 261 132 261 29 261 22 261 304 261
2 354 261 396 261
11 364 261 353 261 223 261 481 261 413 261 501 261 103 261 213 261 289 261 103 261 450 261
0
2 213 261 213 261
1 267 261
20 292 261 223 261 501 261 117 261 295 261 149 261 383 261 536 261 94 261 129 261 217 261 396 261 527 261 18 261 228 261 481 261 181 261 292 261 228 261 338 261
1 271 261
1 439 261
8 53 261 175 261 169 261 341 261 45 261 459 261 399 261 166 261
19 88 261 433 261 25 261 367 261 48 261 135 261 427 261 186 261 363 261 242 261 243 261 26 261 264 261 82 261 208 261 12 261 533 261 493 261 295 261
16 149 261 75 261 339 261 426 261 515 261 29 261 239 261 452 261 94 261 134 261 363 261 496 261 365 261 8 261 79 261 464 261
1 481 261
3 290 261 499 261 214 261
20 430 261 227 261 339 261 413 261 39 261 267 261 271 261 464 261 323 261 396 261 73 261 422 261 499 261 81 261 227 261 98 261 48 261 295 261 383 261 305 261
2 116 261 511 261
3 322 261 519 261 261 261
12 162 261 199 261 289 261 481 261 123 261 425 261 40 261 159 261 450 261 364 261 5 261 484 261
18 468 261 366 261 468 261 62 261 212 261 319 261 62 261 222 261 153 261 319 261 107 261 535 261 459 261 206 261 143 261 206 261 58 261 354 261
20 415 261 465 261 18 261 295 261 29 261 30 261 123 261 397 261 464 261 506 261 422 261 376 261 314 261 363 261 203 261 511 261 534 261 228 261 388 261 103 261
12 31 261 338 261 91 261 5 261 338 261 314 261 29 261 395 261 527 261 159 261 448 261 396 261
0
6 241 261 360 261 174 261 247 261 26 261 343 261
20 78 261 213 261 448 261 484 261 177 261 445 261 31 261 78 261 210 261 100 261 123 261 103 261 177 261 445 261 395 261 450 261 364 261 425 261 354 261 364 261
18 455 261 131 261 520 261 476 261 184 261 214 261 7 261 103 261 539 261 452 261 116 261 501 261 68 261 188 261 507 261 525 261 7 261 295 261
4 470 261 64 261 524 261 531 261
2 525 261 270 261
3 222 261 526 261 30 261
17 34 261 494 261 177 261 332 261 271 261 227 261 57 261 484 261 524 261 162 261 203 261 485 261 511 261 117 261 34 261 220 261 445 261
3 5 261 327 261 212 261
10 338 261 501 261 133 261 485 261 210 261 425 261 223 261 123 261 450 261 100 261
5 359 261 113 261 441 261 423 261 301 261
16 338 261 376 261 132 261 415 261 303 261 177 261 413 261 108 261 10 261 44 261 419 261 289 261 472 261 159 261 95 261 476 261
14 213 261 353 261 123 261 123 261 353 261 123 261 123 261 353 261 123 261 123 261 123 261 213 261 123 261 123 261
6 336 261 485 261 242 261 376 261 304 261 182 261
4 302 261 323 261 230 261 363 261
17 236 261 57 261 468 261 44 261 230 261 361 261 283 261 456 261 236 261 188 261 391 261 436 261 245 261 327 261 398 261 314 261 115 261
16 376 261 115 261 520 261 212 261 411 261 30 261 356 261 298 261 181 261 228 261 65 261 199 261 271 261 226 261 271 261 267 261
0
7 129 261 133 261 269 261 258 261 445 261 395 261 199 261
8 223 261 213 261 407 261 358 261 528 261 422 261 415 261 303 261
19 248 261 530 261 190 261 381 261 38 261 520 261 486 261 125 261 110 261 539 261 94 261 342 261 232 261 375 261 107 261 155 261 366 261 399 261 12 261
19 474 261 284 261 499 261 507 261 93 261 344 261 343 261 57 261 363 261 380 261 216 261 86 261 118 261 136 261 6 261 76 261 25 261 319 261 319 261
13 156 261 88 261 34 261 354 261 527 261 536 261 456 261 536 261 395 261 472 261 199 261 213 261 167 261
10 59 261 535 261 39 261 254 261 198 261 18 261 444 261 136 261 517 261 35 261
18 94 261 520 261 77 261 5 261 79 261 487 261 481 261 30 261 42 261 476 261 366 261 539 261 258 261 227 261 22 261 339 261 114 261 228 261
2 208 261 107 261
10 356 261 134 261 378 261 107 261 402 261 323 261 327 261 269 261 336 261 448 261
18 353 261 132 261 395 261 199 261 100 261 123 261 78 261 78 261 484 261 132 261 78 261 210 261 132 261 353 261 484 261 223 261 100 261 484 261
15 402 261 507 261 320 261 72 261 518 261 354 261 382 261 305 261 193 261 179 261 118 261 315 261 410 261 89 261 230 261
8 319 261 65 261 258 261 58 261 206 261 379 261 220 261 225 261
16 167 261 227 261 452 261 49 261 471 261 216 261 305 261 29 261 396 261 336 261 321 261 256 261 208 261 39 261 256 261 288 261
4 177 261 353 261 132 261 133 261
15 289 261 159 261 199 261 114 261 213 261 314 261 181 261 501 261 78 261 91 261 213 261 485 261 378 261 91 261 354 261
11 455 261 88 261 493 261 174 261 230 261 419 261 422 261 41 261 19 261 88 261 116 261
1 520 261
1 182 261
17 85 261 146 261 298 261 149 261 103 261 366 261 83 261 529 261 213 261 312 261 91 261 341 261 77 261 84 261 58 261 305 261 419 261
16 401 261 203 261 376 261 362 261 488 261 213 261 471 261 77 261 244 261 481 261 78 261 267 261 254 261 317 261 132 261 135 261
15 450 261 323 261 431 261 284 261 499 261 213 261 133 261 103 261 10 261 531 261 29 261 212 261 149 261 133 261 85 261
14 220 261 305 261 45 261 203 261 326 261 169 261 525 261 341 261 314 261 29 261 210 261 203 261 486 261 292 261
15 527 261 364 261 382 261 336 261 256 261 472 261 162 261 79 261 476 261 494 261 68 261 217 261 298 261 22 261 19 261
13 153 261 426 261 414 261 148 261 171 261 149 261 239 261 234 261 99 261 437 261 131 261 6 261 402 261
2 181 261 525 261
18 472 261 343 261 234 261 238 261 266 261 130 261 396 261 75 261 410 261 518 261 534 261 263 261 402 261 104 261 104 261 143 261 339 261 94 261
5 285 261 312 261 432 261 464 261 297 261
12 263 261 180 261 283 261 459 261 49 261 270 261 141 261 235 261 408 261 132 261 282 261 117 261
0
0
12 339 261 499 261 146 261 48 261 420 261 482 261 426 261 190 261 51 261 164 261 98 261 494 261
15 353 261 162 261 132 261 213 261 395 261 395 261 162 261 100 261 123 261 210 261 162 261 395 261 395 261 353 261 353 261
16 92 261 498 261 522 261 241 261 201 261 276 261 189 261 441 261 430 261 497 261 99 261 59 261 107 261 447 261 529 261 444 261
10 490 261 27 261 381 261 49 261 196 261 72 261 264 261 528 261 175 261 521 261
6 76 261 35 261 306 261 157 261 434 261 482 261
13 266 261 258 261 103 261 91 261 327 261 413 261 177 261 223 261 448 261 212 261 425 261 210 261 177 261
5 440 261 211 261 521 261 454 261 97 261
15 144 261 493 261 263 261 130 261 508 261 380 261 14 261 279 261 158 261 235 261 482 261 194 261 270 261 527 261 433 261
15 6 261 261 261 197 261 471 261 380 261 129 261 344 261 130 261 338 261 520 261 134 261 468 261 492 261 238 261 488 261
3 418 261 119 261 414 261
2 158 261 336 261
4 504 261 445 261 141 261 22 261
13 162 261 132 261 213 261 100 261 213 261 213 261 213 261 123 261 132 261 162 261 100 261 162 261 100 261
18 129 261 99 261 108 261 382 261 44 261 57 261 319 261 226 261 480 261 410 261 144 261 41 261 153 261 332 261 528 261 243 261 214 261 284 261
10 395 261 501 261 162 261 223 261 103 261 131 261 353 261 415 261 338 261 40 261
0
20 413 261 199 261 131 261 520 261 415 261 419 261 435 261 79 261 271 261 222 261 95 261 284 261 288 261 182 261 353 261 117 261 305 261 157 261 435 261 58 261
6 433 261 285 261 284 261 270 261 374 261 399 261
18 158 261 356 261 339 261 89 261 383 261 492 261 356 261 289 261 358 261 407 261 78 261 150 261 19 261 94 261 402 261 108 261 117 261 488 261
18 238 261 527 261 133 261 132 261 481 261 511 261 182 261 258 261 146 261 227 261 481 261 485 261 450 261 152 261 321 261 114 261 327 261 501 261
19 488 261 156 261 114 261 84 261 341 261 123 261 527 261 506 261 30 261 363 261 456 261 539 261 388 261 214 261 108 261 244 261 202 261 323 261 491 261
0
12 78 261 354 261 131 261 527 261 182 261 285 261 353 261 29 261 5 261 511 261 456 261 321 261
11 505 261 11 261 539 261 110 261 323 261 81 261 38 261 18 261 16 261 330 261 132 261
1 336 261
20 199 261 132 261 132 261 353 261 210 261 210 261 213 261 213 261 162 261 132 261 162 261 100 261 132 261 213 261 213 261 162 261 210 261 213 261 123 261 162 261
8 236 261 276 261 363 261 471 261 162 261 256 261 300 261 212 261
6 26 261 526 261 300 261 450 261 149 261 485 261
9 152 261 492 261 30 261 527 261 524 261 107 261 511 261 456 261 57 261
10 353 261 364 261 78 261 223 261 149 261 395 261 395 261 31 261 149 261 501 261
1 132 261
6 425 261 224 261 230 261 394 261 478 261 452 261
4 295 261 77 261 226 261 26 261
7 332 261 415 261 103 261 492 261 91 261 135 261 395 261
7 328 261 51 261 496 261 376 261 42 261 523 261 33 261
13 466 261 463 261 278 261 285 261 302 261 487 261 221 261 471 261 215 261 236 261 93 261 413 261 56 261
11 168 261 110 261 111 261 115 261 328 261 396 261 476 261 42 261 431 261 176 261 244 261
3 528 261 85 261 167 261
5 375 261 268 261 312 261 515 261 25 261
9 63 261 220 261 211 261 180 261 16 261 111 261 45 261 210 261 334 261
16 378 261 450 261 159 261 182 261 448 261 484 261 159 261 481 261 199 261 133 261 78 261 152 261 258 261 149 261 210 261 223 261
8 399 261 353 261 72 261 334 261 329 261 75 261 270 261 166 261
14 245 261 447 261 496 261 370 261 53 261 47 261 54 261 499 261 161 261 194 261 181 261 277 261 217 261 309 261
15 518 261 4 261 344 261 538 261 136 261 35 261 168 261 114 261 210 261 234 261 331 261 12 261 167 261 20 261 491 261
6 321 261 40 261 336 261 353 261 182 261 103 261
3 527 261 317 261 399 261
5 103 261 258 261 289 261 5 261 353 261
10 254 261 83 261 395 261 137 261 263 261 436 261 185 261 376 261 511 261 109 261
2 524 261 289 261
11 133 261 42 261 492 261 445 261 304 261 174 261 366 261 79 261 115 261 422 261 81 261
14 21 261 417 261 13 261 169 261 312 261 405 261 196 261 388 261 130 261 410 261 487 261 186 261 246 261 20 261
7 52 261 291 261 433 261 195 261 217 261 339 261 304 261
11 337 261 384 261 274 261 311 261 503 261 20 261 86 261 51 261 54 261 300 261 150 261
0
11 461 261 298 261 386 261 402 261 61 261 382 261 272 261 361 261 39 261 529 261 208 261
6 308 261 250 261 372 261 60 261 66 261 287 261
19 314 261 196 261 123 261 35 261 258 261 526 261 484 261 100 261 425 261 100 261 199 261 528 261 226 261 134 261 456 261 223 261 107 261 401 261 295 261
11 318 261 326 261 539 261 496 261 516 261 307 261 473 261 136 261 56 261 217 261 309 261
12 304 261 95 261 526 261 31 261 77 261 89 261 358 261 42 261 146 261 212 261 476 261 376 261
14 499 261 150 261 430 261 81 261 459 261 327 261 336 261 93 261 126 261 481 261 422 261 168 261 397 261 534 261
12 484 261 314 261 484 261 5 261 321 261 133 261 123 261 450 261 213 261 132 261 131 261 354 261
10 78 261 395 261 481 261 382 261 89 261 527 261 531 261 68 261 382 261 81 261
14 149 261 487 261 526 261 246 261 501 261 30 261 22 261 304 261 487 261 339 261 31 261 78 261 238 261 289 261
6 95 261 477 261 182 261 281 261 168 261 524 261
4 385 261 108 261 422 261 42 261
20 390 261 363 261 198 261 93 261 107 261 86 261 35 261 227 261 465 261 450 261 380 261 182 261 309 261 377 261 77 261 147 261 356 261 107 261 40 261 75 261
10 85 261 231 261 107 261 78 261 94 261 341 261 284 261 137 261 407 261 491 261
15 227 261 214 261 94 261 511 261 98 261 31 261 166 261 166 261 445 261 254 261 366 261 492 261 343 261 163 261 197 261
0
4 397 261 132 261 152 261 199 261
8 507 261 267 261 18 261 452 261 283 261 303 261 190 261 117 261
8 123 261 5 261 413 261 413 261 378 261 354 261 481 261 396 261
2 206 261 222 261
5 159 261 269 261 114 261 258 261 29 261
15 436 261 472 261 86 261 147 261 131 261 521 261 123 261 267 261 203 261 139 261 492 261 161 261 383 261 529 261 462 261
12 106 261 340 261 406 261 351 261 278 261 122 261 362 261 304 261 15 261 157 261 36 261 8 261
17 114 261 405 261 138 261 285 261 533 261 21 261 147 261 352 261 13 261 367 261 210 261 323 261 536 261 21 261 166 261 63 261 190 261
11 124 261 243 261 414 261 73 261 458 261 132 261 458 261 149 261 270 261 67 261 521 261
9 380 261 199 261 513 261 156 261 29 261 4 261 261 261 474 261 86 261
15 331 261 84 261 388 261 500 261 235 261 328 261 267 261 109 261 98 261 396 261 195 261 343 261 535 261 332 261 304 261
15 139 261 435 261 339 261 413 261 533 261 114 261 223 261 290 261 271 261 49 261 267 261 120 261 198 261 25 261 501 261
2 228 261 396 261
2 137 261 91 261
20 481 261 399 261 58 261 19 261 485 261 388 261 203 261 332 261 411 261 32 261 158 261 32 261 181 261 323 261 68 261 353 261 57 261 539 261 382 261 111 261
20 230 261 513 261 317 261 447 261 531 261 525 261 425 261 238 261 428 261 508 261 116 261 383 261 163 261 413 261 276 261 8 261 468 261 421 261 396 261 471 261
14 330 261 182 261 506 261 175 261 136 261 362 261 22 261 281 261 304 261 476 261 339 261 227 261 118 261 197 261
11 266 261 396 261 476 261 536 261 44 261 339 261 435 261 30 261 78 261 539 261 203 261
14 258 261 295 261 132 261 448 261 304 261 199 261 536 261 397 261 29 261 415 261 227 261 29 261 415 261 492 261
8 33 261 338 261 430 261 180 261 407 261 42 261 272 261 393 261
3 22 261 465 261 266 261
1 94 261
20 484 261 364 261 40 261 527 261 159 261 159 261 481 261 103 261 91 261 29 261 448 261 364 261 364 261 181 261 100 261 353 261 133 261 103 261 103 261 266 261
3 321 261 162 261 161 261
1 224 261
17 397 261 208 261 401 261 397 261 150 261 321 261 527 261 327 261 327 261 22 261 91 261 103 261 19 261 129 261 228 261 238 261 524 261
17 296 261 458 261 16 261 49 261 381 261 272 261 260 261 487 261 471 261 439 261 338 261 440 261 78 261 266 261 392 261 509 261 155 261
8 120 261 234 261 284 261 144 261 454 261 297 261 538 261 16 261
13 210 261 132 261 364 261 131 261 149 261 327 261 227 261 146 261 354 261 123 261 210 261 527 261 146 261
1 479 261
5 445 261 111 261 323 261 534 261 536 261
7 42 261 131 261 485 261 366 261 223 261 254 261 336 261
16 109 261 89 261 513 261 367 261 360 261 244 261 261 261 115 261 16 261 315 261 535 261 126 261 381 261 376 261 123 261 130 261
7 501 261 76 261 203 261 281 261 88 261 259 261 456 261
3 54 261 538 261 134 261
15 376 261 197 261 108 261 399 261 159 261 126 261 182 261 265 261 454 261 89 261 206 261 85 261 397 261 397 261 382 261
15 244 261 526 261 305 261 57 261 168 261 57 261 439 261 425 261 528 261 314 261 298 261 304 261 27 261 267 261 197 261
2 395 261 411 261
1 220 261
17 304 261 65 261 304 261 288 261 506 261 432 261 197 261 6 261 187 261 258 261 500 261 267 261 455 261 196 261 115 261 314 261 284 261
16 247 261 401 261 217 261 150 261 96 261 362 261 504 261 405 261 527 261 243 261 63 261 472 261 20 261 379 261 178 261 147 261
6 537 261 252 261 346 261 350 261 185 261 99 261
18 260 261 68 261 115 261 298 261 357 261 397 261 26 261 464 261 32 261 380 261 428 261 4 261 445 261 228 261 148 261 327 261 477 261 242 261
14 33 261 329 261 513 261 16 261 441 261 175 261 263 261 374 261 486 261 409 261 79 261 137 261 135 261 227 261
2 367 261 463 261
0
19 510 261 209 261 198 261 428 261 369 261 91 261 366 261 173 261 136 261 105 261 21 261 32 261 328 261 488 261 522 261 189 261 507 261 415 261 447 261
13 162 261 199 261 223 261 31 261 395 261 395 261 100 261 177 261 213 261 353 261 210 261 501 261 31 261
13 228 261 110 261 176 261 25 261 210 261 260 261 247 261 535 261 72 261 454 261 174 261 99 261 19 261
19 397 261 338 261 7 261 15 261 393 261 306 261 321 261 479 261 533 261 32 261 220 261 20 261 180 261 211 261 181 261 323 261 534 261 321 261 290 261
9 499 261 425 261 168 261 85 261 269 261 323 261 40 261 288 261 396 261
16 315 261 187 261 454 261 424 261 128 261 194 261 8 261 362 261 231 261 230 261 499 261 235 261 384 261 130 261 254 261 143 261
19 65 261 150 261 242 261 203 261 26 261 158 261 445 261 381 261 55 261 285 261 410 261 118 261 32 261 29 261 265 261 157 261 401 261 158 261 455 261
9 175 261 445 261 197 261 41 261 459 261 203 261 45 261 115 261 51 261
7 450 261 396 261 78 261 132 261 395 261 29 261 450 261
15 431 261 476 261 51 261 433 261 230 261 141 261 236 261 270 261 18 261 327 261 225 261 54 261 123 261 480 261 430 261
12 42 261 356 261 422 261 29 261 528 261 208 261 304 261 57 261 536 261 213 261 338 261 19 261
9 400 261 320 261 404 261 189 261 523 261 494 261 258 261 186 261 81 261
2 373 261 335 261
8 136 261 126 261 339 261 223 261 150 261 230 261 362 261 129 261
15 213 261 448 261 159 261 336 261 162 261 338 261 501 261 123 261 366 261 29 261 364 261 411 261 366 261 289 261 354 261
14 284 261 203 261 213 261 34 261 76 261 292 261 376 261 227 261 357 261 539 261 244 261 133 261 196 261 214 261
11 485 261 98 261 432 261 100 261 354 261 410 261 40 261 162 261 174 261 524 261 366 261
19 288 261 85 261 238 261 285 261 125 261 363 261 32 261 149 261 208 261 382 261 73 261 34 261 181 261 402 261 77 261 465 261 448 261 445 261 281 261
16 365 261 88 261 341 261 401 261 536 261 528 261 137 261 394 261 523 261 370 261 167 261 476 261 135 261 79 261 171 261 175 261
14 481 261 162 261 366 261 31 261 203 261 19 261 31 261 91 261 481 261 295 261 182 261 149 261 149 261 100 261
11 387 261 290 261 491 261 527 261 432 261 130 261 503 261 389 261 91 261 383 261 371 261
2 264 261 448 261
20 352 261 452 261 17 261 476 261 110 261 115 261 277 261 296 261 113 261 184 261 79 261 402 261 64 261 435 261 23 261 326 261 90 261 240 261 247 261 50 261
3 223 261 210 261 354 261
12 70 261 154 261 73 261 382 261 379 261 26 261 77 261 49 261 47 261 11 261 329 261 481 261
9 123 261 162 261 123 261 31 261 364 261 210 261 133 261 100 261 364 261
18 285 261 485 261 289 261 396 261 415 261 91 261 338 261 123 261 321 261 258 261 162 261 456 261 223 261 103 261 397 261 85 261 285 261 31 261
6 219 261 61 261 343 261 404 261 210 261 144 261
5 524 261 271 261 91 261 166 261 177 261
17 6 261 128 261 153 261 443 261 76 261 235 261 256 261 117 261 369 261 307 261 21 261 462 261 294 261 458 261 102 261 414 261 113 261
18 197 261 89 261 501 261 500 261 260 261 303 261 159 261 108 261 527 261 107 261 98 261 22 261 220 261 415 261 407 261 168 261 258 261 487 261
16 177 261 76 261 314 261 450 261 163 261 18 261 413 261 244 261 174 261 358 261 256 261 94 261 226 261 131 261 5 261 415 261
4 249 261 473 261 102 261 437 261
3 446 261 43 261 361 261
20 517 261 238 261 167 261 433 261 214 261 223 261 61 261 539 261 338 261 99 261 292 261 445 261 111 261 336 261 111 261 163 261 203 261 165 261 358 261 76 261
2 508 261 353 261
4 141 261 409 261 486 261 88 261
10 344 261 407 261 511 261 202 261 175 261 414 261 181 261 349 261 503 261 243 261
20 247 261 159 261 316 261 234 261 468 261 464 261 531 261 10 261 30 261 404 261 515 261 125 261 189 261 493 261 316 261 108 261 48 261 147 261 96 261 216 261
12 509 261 244 261 235 261 139 261 332 261 141 261 339 261 476 261 283 261 213 261 356 261 198 261
0
5 123 261 448 261 501 261 527 261 149 261
2 165 261 46 261
15 199 261 100 261 314 261 132 261 91 261 94 261 19 261 29 261 295 261 526 261 364 261 94 261 396 261 304 261 94 261
11 58 261 356 261 27 261 354 261 30 261 108 261 499 261 266 261 166 261 492 261 123 261
5 402 261 19 261 123 261 223 261 150 261
15 368 261 273 261 429 261 532 261 50 261 536 261 18 261 499 261 81 261 365 261 497 261 493 261 157 261 198 261 183 261
8 19 261 327 261 174 261 388 261 464 261 501 261 31 261 487 261
11 282 261 254 261 496 261 381 261 523 261 261 261 536 261 343 261 448 261 447 261 41 261
4 528 261 459 261 456 261 464 261
4 176 261 217 261 10 261 376 261
15 501 261 132 261 223 261 31 261 177 261 31 261 123 261 501 261 484 261 199 261 199 261 213 261 223 261 484 261 484 261
20 454 261 471 261 266 261 35 261 317 261 108 261 430 261 295 261 289 261 448 261 131 261 133 261 115 261 133 261 7 261 78 261 136 261 168 261 399 261 110 261
17 450 261 181 261 314 261 213 261 448 261 501 261 40 261 527 261 133 261 149 261 481 261 527 261 152 261 5 261 123 261 100 261 364 261
14 486 261 485 261 538 261 477 261 10 261 227 261 152 261 402 261 288 261 264 261 397 261 254 261 371 261 427 261
6 333 261 451 261 443 261 27 261 508 261 148 261
2 8 261 172 261
9 3 261 399 261 166 261 326 261 135 261 363 261 266 261 534 261 225 261
1 297 261
17 342 261 307 261 225 261 294 261 536 261 102 261 242 261 158 261 474 261 120 261 519 261 30 261 430 261 243 261 407 261 438 261 243 261
5 347 261 49 261 319 261 164 261 65 261
20 226 261 63 261 105 261 176 261 3 261 531 261 42 261 97 261 4 261 264 261 172 261 413 261 82 261 211 261 202 261 192 261 257 261 534 261 115 261 495 261
13 298 261 45 261 269 261 529 261 104 261 439 261 42 261 136 261 370 261 520 261 397 261 172 261 110 261
12 450 261 100 261 203 261 484 261 228 261 485 261 223 261 289 261 258 261 114 261 208 261 149 261
20 187 261 425 261 468 261 184 261 180 261 116 261 332 261 196 261 79 261 135 261 103 261 297 261 425 261 459 261 354 261 188 261 100 261 44 261 338 261 95 261
10 162 261 484 261 162 261 227 261 366 261 159 261 199 261 210 261 133 261 353 261
16 105 261 531 261 78 261 114 261 257 261 462 261 300 261 531 261 280 261 495 261 523 261 183 261 5 261 176 261 98 261 433 261
7 216 261 238 261 492 261 304 261 42 261 166 261 22 261
12 129 261 317 261 42 261 238 261 481 261 35 261 364 261 108 261 220 261 534 261 188 261 77 261
20 210 261 162 261 376 261 295 261 212 261 327 261 133 261 40 261 456 261 114 261 364 261 271 261 177 261 266 261 289 261 456 261 40 261 258 261 314 261 266 261
9 448 261 100 261 146 261 382 261 524 261 269 261 338 261 526 261 445 261
20 355 261 145 261 324 261 147 261 41 261 201 261 83 261 54 261 377 261 390 261 375 261 464 261 259 261 81 261 145 261 232 261 315 261 499 261 15 261 362 261
4 186 261 435 261 522 261 164 261
19 293 261 14 261 312 261 247 261 272 261 99 261 213 261 391 261 175 261 339 261 296 261 536 261 458 261 433 261 15 261 102 261 150 261 84 261 485 261
11 405 261 515 261 148 261 432 261 145 261 162 261 401 261 383 261 9 261 215 261 38 261
12 501 261 314 261 35 261 34 261 481 261 338 261 196 261 111 261 415 261 238 261 152 261 459 261
9 415 261 130 261 159 261 32 261 108 261 62 261 73 261 190 261 5 261
2 409 261 89 261
10 525 261 199 261 269 261 39 261 21 261 206 261 84 261 108 261 505 261 51 261
0
5 149 261 304 261 208 261 321 261 528 261
10 356 261 134 261 288 261 482 261 289 261 125 261 456 261 415 261 81 261 22 261
1 132 261
2 223 261 5 261
7 413 261 354 261 18 261 536 261 501 261 223 261 413 261
16 239 261 56 261 236 261 319 261 55 261 315 261 280 261 525 261 341 261 314 261 217 261 284 261 383 261 228 261 410 261 494 261
15 321 261 419 261 81 261 289 261 456 261 30 261 168 261 472 261 344 261 42 261 226 261 401 261 27 261 95 261 536 261
14 474 261 83 261 62 261 397 261 13 261 55 261 4 261 515 261 284 261 377 261 531 261 181 261 414 261 172 261
5 378 261 199 261 304 261 146 261 149 261
18 484 261 228 261 228 261 397 261 492 261 220 261 482 261 163 261 203 261 208 261 488 261 289 261 456 261 208 261 184 261 40 261 383 261 133 261
16 202 261 259 261 290 261 147 261 425 261 521 261 498 261 397 261 162 261 129 261 389 261 174 261 378 261 261 261 131 261 30 261
16 456 261 137 261 212 261 426 261 371 261 343 261 534 261 270 261 68 261 496 261 20 261 389 261 235 261 57 261 188 261 284 261
6 118 261 231 261 150 261 328 261 223 261 265 261
20 386 261 391 261 469 261 370 261 520 261 81 261 328 261 148 261 410 261 382 261 60 261 115 261 502 261 301 261 60 261 3 261 296 261 243 261 305 261 245 261
5 402 261 117 261 472 261 42 261 487 261
12 330 261 285 261 243 261 494 261 78 261 100 261 415 261 292 261 419 261 536 261 146 261 264 261
1 312 261
17 491 261 163 261 477 261 148 261 48 261 266 261 26 261 29 261 289 261 227 261 149 261 212 261 31 261 539 261 524 261 493 261 148 261
1 364 261
15 325 261 80 261 87 261 421 261 414 261 198 261 91 261 175 261 248 261 58 261 197 261 67 261 43 261 393 261 141 261
7 213 261 123 261 484 261 501 261 395 261 338 261 314 261
10 140 261 81 261 269 261 169 261 7 261 269 261 96 261 399 261 237 261 63 261
9 18 261 395 261 177 261 162 261 527 261 314 261 162 261 149 261 181 261
4 253 261 475 261 255 261 90 261
12 331 261 343 261 158 261 4 261 288 261 111 261 147 261 394 261 420 261 381 261 496 261 237 261
4 274 261 235 261 175 261 104 261
3 196 261 73 261 168 261
18 506 261 77 261 419 261 452 261 394 261 184 261 152 261 383 261 378 261 259 261 94 261 7 261 524 261 427 261 192 261 430 261 267 261 535 261
1 212 261
2 383 261 79 261
11 348 261 56 261 501 261 330 261 86 261 150 261 152 261 120 261 163 261 63 261 10 261
5 280 261 131 261 343 261 247 261 256 261
8 213 261 162 261 395 261 485 261 501 261 123 261 364 261 266 261
16 393 261 419 261 246 261 84 261 336 261 29 261 187 261 431 261 302 261 166 261 326 261 378 261 314 261 172 261 323 261 392 261
2 304 261 312 261
0
7 73 261 517 261 505 261 448 261 363 261 234 261 62 261
20 492 261 445 261 115 261 227 261 399 261 531 261 79 261 525 261 108 261 108 261 399 261 157 261 79 261 536 261 184 261 435 261 12 261 336 261 520 261 177 261
10 536 261 78 261 220 261 292 261 115 261 100 261 162 261 336 261 378 261 199 261
19 55 261 401 261 111 261 485 261 472 261 168 261 40 261 534 261 40 261 108 261 378 261 19 261 472 261 184 261 284 261 292 261 254 261 314 261 303 261
2 426 261 45 261
16 42 261 187 261 105 261 184 261 81 261 62 261 228 261 129 261 357 261 360 261 413 261 269 261 98 261 199 261 162 261 300 261
12 19 261 395 261 77 261 34 261 481 261 212 261 476 261 327 261 402 261 196 261 450 261 419 261
11 96 261 238 261 501 261 531 261 445 261 129 261 484 261 226 261 19 261 314 261 452 261
16 529 261 265 261 382 261 397 261 118 261 454 261 358 261 433 261 428 261 168 261 383 261 430 261 135 261 344 261 507 261 507 261
2 133 261 53 261
11 134 261 212 261 57 261 413 261 115 261 531 261 511 261 35 261 292 261 321 261 85 261
19 3 261 450 261 234 261 358 261 231 261 431 261 336 261 103 261 73 261 354 261 377 261 449 261 471 261 146 261 525 261 153 261 360 261 378 261 289 261
3 55 261 467 261 101 261
16 533 261 147 261 529 261 61 261 133 261 94 261 66 261 13 261 305 261 369 261 413 261 334 261 510 261 525 261 187 261 72 261
19 499 261 79 261 393 261 237 261 188 261 88 261 300 261 86 261 218 261 491 261 280 261 208 261 167 261 279 261 463 261 460 261 89 261 107 261 115 261
20 218 261 258 261 469 261 187 261 72 261 183 261 315 261 534 261 472 261 382 261 383 261 183 261 449 261 281 261 506 261 390 261 421 261 77 261 468 261 343 261
13 177 261 78 261 132 261 338 261 199 261 40 261 213 261 395 261 181 261 314 261 353 261 501 261 484 261
7 442 261 121 261 155 261 246 261 40 261 284 261 101 261
0
19 133 261 485 261 177 261 266 261 181 261 78 261 223 261 413 261 210 261 353 261 314 261 485 261 181 261 450 261 133 261 123 261 123 261 162 261 314 261
13 39 261 29 261 146 261 323 261 177 261 149 261 210 261 111 261 39 261 285 261 168 261 456 261 356 261
9 364 261 132 261 162 261 501 261 78 261 133 261 210 261 338 261 364 261
20 258 261 146 261 136 261 287 261 116 261 29 261 218 261 257 261 38 261 287 261 339 261 174 261 204 261 81 261 101 261 84 261 469 261 85 261 21 261 91 261
18 234 261 381 261 431 261 499 261 181 261 363 261 89 261 116 261 226 261 76 261 137 261 526 261 118 261 125 261 271 261 39 261 292 261 242 261
4 200 261 356 261 101 261 498 261
7 34 261 214 261 182 261 212 261 108 261 288 261 362 261
9 419 261 356 261 448 261 242 261 314 261 181 261 29 261 396 261 362 261
3 285 261 327 261 199 261
15 18 261 272 261 436 261 129 261 175 261 109 261 352 261 141 261 448 261 469 261 403 261 413 261 462 261 209 261 216 261
11 204 261 6 261 375 261 203 261 487 261 394 261 352 261 365 261 123 261 474 261 258 261
7 395 261 321 261 129 261 146 261 366 261 29 261 456 261
4 75 261 232 261 341 261 146 261
14 374 261 59 261 66 261 453 261 206 261 280 261 76 261 161 261 290 261 133 261 386 261 264 261 97 261 514 261
11 363 261 292 261 19 261 481 261 144 261 118 261 535 261 93 261 234 261 5 261 356 261
14 474 261 264 261 79 261 45 261 247 261 267 261 367 261 100 261 481 261 157 261 431 261 51 261 199 261 524 261
8 111 261 395 261 100 261 269 261 129 261 321 261 29 261 73 261
12 476 261 78 261 471 261 39 261 321 261 356 261 524 261 336 261 134 261 364 261 376 261 22 261
19 183 261 523 261 464 261 300 261 254 261 450 261 153 261 148 261 172 261 439 261 149 261 440 261 261 261 469 261 358 261 213 261 79 261 496 261 317 261
14 130 261 304 261 501 261 330 261 26 261 411 261 203 261 225 261 523 261 330 261 268 261 86 261 434 261 44 261
0
9 434 261 144 261 401 261 430 261 501 261 18 261 107 261 251 261 40 261
15 142 261 319 261 48 261 46 261 54 261 224 261 413 261 236 261 84 261 53 261 287 261 343 261 423 261 29 261 21 261
10 383 261 450 261 182 261 228 261 339 261 158 261 85 261 5 261 413 261 292 261
9 422 261 271 261 459 261 338 261 445 261 238 261 78 261 217 261 459 261
12 424 261 228 261 339 261 453 261 256 261 166 261 380 261 429 261 92 261 362 261 227 261 171 261
10 48 261 134 261 89 261 485 261 226 261 364 261 317 261 110 261 362 261 356 261
18 205 261 316 261 226 261 18 261 57 261 385 261 466 261 39 261 42 261 427 261 329 261 14 261 312 261 99 261 385 261 266 261 482 261 478 261
5 217 261 531 261 57 261 289 261 356 261
8 500 261 481 261 527 261 244 261 163 261 439 261 394 261 511 261
3 276 261 225 261 168 261
16 497 261 197 261 394 261 104 261 91 261 97 261 341 261 220 261 494 261 73 261 150 261 452 261 168 261 495 261 528 261 153 261
12 304 261 376 261 79 261 246 261 27 261 5 261 244 261 181 261 266 261 484 261 144 261 231 261
12 338 261 132 261 425 261 78 261 484 261 501 261 501 261 181 261 123 261 40 261 213 261 501 261
2 5 261 103 261
10 343 261 411 261 538 261 65 261 329 261 137 261 213 261 20 261 88 261 31 261
8 199 261 123 261 353 261 78 261 132 261 395 261 395 261 100 261
1 100 261
2 420 261 103 261
15 146 261 531 261 149 261 425 261 203 261 210 261 146 261 304 261 353 261 110 261 524 261 378 261 459 261 213 261 182 261
2 135 261 332 261
8 286 261 275 261 262 261 478 261 287 261 9 261 343 261 400 261
8 82 261 231 261 162 261 496 261 479 261 199 261 407 261 91 261
20 125 261 454 261 380 261 419 261 285 261 506 261 528 261 34 261 214 261 464 261 22 261 388 261 163 261 98 261 116 261 227 261 339 261 402 261 223 261 289 261
5 29 261 527 261 501 261 103 261 217 261
1 156 261
11 395 261 146 261 271 261 91 261 78 261 481 261 223 261 177 261 267 261 238 261 85 261
11 309 261 51 261 515 261 181 261 159 261 422 261 76 261 116 261 420 261 3 261 169 261
10 392 261 98 261 156 261 492 261 306 261 125 261 131 261 506 261 129 261 83 261
1 166 261
8 401 261 22 261 474 261 129 261 196 261 349 261 462 261 257 261
15 407 261 472 261 449 261 487 261 163 261 413 261 450 261 117 261 295 261 30 261 58 261 338 261 435 261 199 261 35 261
2 132 261 292 261
1 395 261
14 3 261 462 261 285 261 137 261 424 261 301 261 459 261 184 261 509 261 479 261 486 261 288 261 526 261 411 261
14 234 261 420 261 78 261 33 261 485 261 51 261 174 261 419 261 161 261 288 261 126 261 388 261 497 261 336 261
7 6 261 436 261 223 261 257 261 496 261 164 261 148 261
18 495 261 235 261 97 261 415 261 300 261 353 261 63 261 140 261 144 261 523 261 479 261 456 261 539 261 327 261 323 261 181 261 268 261 269 261
3 501 261 450 261 422 261
7 259 261 7 261 210 261 57 261 137 261 223 261 39 261
14 79 261 425 261 382 261 524 261 428 261 137 261 238 261 323 261 259 261 388 261 88 261 53 261 34 261 389 261
6 183 261 31 261 341 261 192 261 226 261 378 261
14 94 261 302 261 390 261 131 261 149 261 399 261 112 261 43 261 516 261 361 261 310 261 392 261 410 261 117 261
3 39 261 212 261 354 261
9 71 261 9 261 101 261 398 261 480 261 371 261 99 261 483 261 139 261
15 377 261 196 261 199 261 149 261 42 261 484 261 118 261 114 261 213 261 330 261 260 261 190 261 103 261 68 261 86 261
3 445 261 292 261 53 261
20 501 261 244 261 449 261 474 261 73 261 280 261 330 261 126 261 181 261 459 261 482 261 526 261 143 261 22 261 300 261 63 261 32 261 419 261 534 261 149 261
18 465 261 298 261 501 261 484 261 215 261 65 261 146 261 44 261 164 261 332 261 181 261 467 261 251 261 295 261 289 261 111 261 417 261 137 261
4 458 261 493 261 506 261 137 261
4 445 261 338 261 527 261 93 261
6 179 261 499 261 362 261 91 261 209 261 234 261
1 35 261
0
13 6 261 141 261 444 261 500 261 425 261 295 261 256 261 97 261 79 261 118 261 234 261 439 261 68 261
4 267 261 41 261 539 261 57 261
11 19 261 78 261 445 261 131 261 413 261 536 261 321 261 425 261 227 261 162 261 152 261
14 216 261 524 261 378 261 388 261 471 261 338 261 435 261 150 261 459 261 364 261 401 261 163 261 456 261 133 261
1 29 261
13 485 261 450 261 78 261 123 261 133 261 162 261 364 261 162 261 338 261 210 261 132 261 445 261 40 261
2 382 261 19 261
4 110 261 480 261 234 261 484 261
2 229 261 462 261
7 213 261 338 261 501 261 100 261 227 261 396 261 364 261
9 23 261 83 261 242 261 471 261 183 261 305 261 89 261 471 261 88 261
13 65 261 222 261 284 261 212 261 89 261 231 261 536 261 63 261 395 261 168 261 521 261 432 261 477 261
19 212 261 30 261 258 261 177 261 397 261 5 261 527 261 30 261 511 261 445 261 422 261 158 261 35 261 89 261 378 261 323 261 55 261 488 261 176 261
14 330 261 161 261 42 261 94 261 492 261 394 261 364 261 42 261 330 261 18 261 378 261 65 261 30 261 425 261
15 131 261 364 261 448 261 213 261 149 261 269 261 238 261 395 261 501 261 158 261 378 261 159 261 450 261 336 261 238 261
19 512 261 2 261 221 261 514 261 191 261 328 261 11 261 215 261 162 261 275 261 75 261 20 261 324 261 118 261 494 261 278 261 133 261 90 261 486 261
3 378 261 188 261 521 261
10 129 261 339 261 353 261 471 261 89 261 448 261 456 261 242 261 321 261 492 261
