193
4 150 58 84 41 30 107 120 71
0
1 171 267
4 122 172 164 269 115 163 165 190
1 31 49
3 139 217 193 125 52 227
0
0
0
0
1 8 209
1 186 120
1 64 156
1 36 22
0
0
5 136 53 112 231 6 101 174 243 156 165
1 168 42
0
0
2 175 131 47 254
1 158 54
2 39 63 45 157
1 13 272
3 94 63 43 211 81 83
1 41 88
0
0
0
3 132 156 131 109 177 63
0
1 53 261
1 38 173
0
0
3 56 1 179 135 3 260
2 166 288 23 223
1 54 270
0
0
1 96 235
2 110 236 161 189
1 82 182
2 26 148 86 61
0
0
2 60 68 58 54
0
0
0
0
4 59 2 107 109 88 299 128 183
0
0
1 40 235
0
0
0
1 16 33
1 157 247
0
3 87 5 74 0 143 272
0
0
2 19 187 95 98
0
1 70 13
0
0
0
0
1 124 197
1 5 291
1 78 214
4 11 168 83 23 155 159 89 94
0
0
0
0
0
0
0
0
0
3 69 125 151 28 180 70
0
3 24 202 162 112 76 45
0
0
0
3 44 222 14 205 46 283
2 130 247 77 81
2 104 64 134 151
0
0
0
3 117 186 17 140 4 8
5 92 59 125 1 163 29 135 100 154 224
1 173 24
2 12 131 142 73
1 33 133
1 191 254
2 100 72 55 139
2 169 98 108 27
3 90 54 85 163 48 75
1 9 269
1 61 98
1 20 299
2 182 97 176 150
3 189 36 118 188 99 273
0
3 127 20 91 124 170 109
0
2 72 177 129 188
2 192 294 133 55
0
2 181 88 184 241
2 32 174 57 104
1 144 242
0
2 149 191 80 161
2 147 250 10 5
7 98 198 160 101 146 140 18 112 62 49 183 55 63 72
1 178 67
0
2 119 59 7 179
3 105 99 101 136 187 35
0
1 2 208
0
0
1 22 142
0
0
0
2 21 254 140 165
0
0
1 66 125
0
1 35 84
0
0
0
0
0
0
0
2 75 259 114 60
5 97 191 102 73 159 64 123 237 67 294
0
2 138 25 29 252
2 73 74 27 231
1 126 197
0
0
0
0
4 25 55 190 39 172 274 50 293
1 137 98
0
0
2 145 47 116 157
1 71 266
0
1 65 90
3 106 120 113 169 111 94
0
0
0
0
0
0
3 93 283 28 229 185 270
0
0
0
1 34 190
0
0
4 42 28 68 61 141 299 188 43
1 148 258
0
3 152 57 37 67 109 146
0
0
1 15 135
1 49 284
1 167 73
1 153 191
0
1 51 57
3 121 170 103 129 79 196
