897
7 624 120 224 120 35 120 827 120 143 120 459 120 832 120
1 542 120
2 351 120 723 120
0
0
1 499 120
2 619 120 363 120
2 205 120 838 120
0
5 347 120 147 120 774 120 833 120 20 120
1 317 120
2 594 120 350 120
1 755 120
0
0
5 285 120 165 120 578 120 460 120 355 120
0
1 651 120
0
0
2 732 120 506 120
1 369 120
9 531 120 671 120 789 120 27 120 661 120 697 120 780 120 563 120 243 120
1 606 120
0
0
3 233 120 215 120 25 120
4 108 120 846 120 763 120 487 120
0
2 885 120 750 120
1 425 120
0
1 236 120
0
7 445 120 195 120 786 120 698 120 574 120 854 120 61 120
1 279 120
2 849 120 850 120
0
0
0
1 79 120
2 848 120 579 120
1 359 120
0
1 4 120
0
0
1 670 120
0
1 464 120
0
0
4 796 120 565 120 897 120 873 120
1 193 120
1 448 120
0
1 865 120
3 601 120 847 120 456 120
0
1 640 120
1 60 120
4 58 120 362 120 358 120 879 120
0
2 599 120 631 120
0
0
1 607 120
0
0
0
0
1 816 120
0
1 227 120
1 191 120
1 502 120
2 91 120 783 120
2 334 120 115 120
0
2 878 120 745 120
1 844 120
0
2 863 120 748 120
1 12 120
2 185 120 130 120
1 257 120
0
0
0
3 713 120 162 120 288 120
1 618 120
0
1 77 120
0
1 73 120
3 555 120 559 120 685 120
1 642 120
1 389 120
0
1 519 120
0
0
0
0
1 620 120
0
1 26 120
1 370 120
0
1 109 120
0
0
0
0
0
0
3 98 120 122 120 818 120
0
4 96 120 512 120 292 120 408 120
0
1 866 120
1 608 120
0
0
0
1 471 120
1 64 120
5 746 120 503 120 751 120 395 120 114 120
1 841 120
3 590 120 300 120 379 120
0
0
0
0
2 192 120 160 120
3 500 120 260 120 803 120
2 528 120 860 120
3 406 120 544 120 240 120
1 883 120
1 281 120
0
0
5 768 120 829 120 593 120 155 120 729 120
0
1 759 120
0
4 517 120 868 120 830 120 337 120
0
0
2 67 120 40 120
3 69 120 238 120 256 120
1 727 120
2 208 120 477 120
0
0
0
1 623 120
0
1 472 120
0
2 735 120 824 120
0
0
0
5 119 120 244 120 602 120 535 120 333 120
0
7 806 120 469 120 724 120 225 120 896 120 46 120 129 120
0
0
0
0
4 75 120 307 120 622 120 891 120
0
1 80 120
0
0
0
0
1 305 120
1 70 120
0
2 49 120 82 120
0
0
0
0
0
0
2 592 120 775 120
1 644 120
6 754 120 189 120 433 120 762 120 696 120 19 120
5 229 120 209 120 530 120 443 120 29 120
0
4 36 120 176 120 87 120 675 120
4 787 120 308 120 200 120 313 120
0
0
0
0
3 680 120 570 120 361 120
0
2 346 120 715 120
0
2 693 120 327 120
0
1 645 120
1 740 120
0
1 635 120
1 603 120
2 295 120 234 120
1 283 120
1 349 120
2 701 120 817 120
0
0
0
0
0
0
0
1 169 120
0
7 722 120 452 120 773 120 473 120 309 120 656 120 50 120
0
1 188 120
0
0
0
4 223 120 689 120 157 120 218 120
3 405 120 663 120 382 120
2 241 120 569 120
0
1 872 120
0
0
0
1 439 120
6 140 120 665 120 118 120 612 120 837 120 280 120
0
2 589 120 149 120
1 278 120
2 831 120 598 120
6 172 120 515 120 662 120 201 120 552 120 470 120
0
4 800 120 107 120 377 120 267 120
1 881 120
1 596 120
0
0
0
1 605 120
4 435 120 704 120 454 120 275 120
2 481 120 239 120
1 770 120
1 394 120
1 628 120
0
0
1 785 120
0
0
1 136 120
0
0
2 742 120 437 120
0
1 491 120
4 566 120 725 120 221 120 264 120
0
0
7 269 120 314 120 404 120 655 120 383 120 164 120 220 120
0
0
0
0
0
7 616 120 842 120 219 120 643 120 666 120 101 120 235 120
0
0
2 76 120 59 120
4 562 120 702 120 92 120 462 120
0
0
4 875 120 457 120 826 120 142 120
0
0
0
1 895 120
2 145 120 703 120
1 733 120
0
3 784 120 638 120 399 120
2 343 120 494 120
3 344 120 37 120 553 120
1 248 120
2 814 120 371 120
2 509 120 718 120
0
0
1 338 120
1 495 120
1 808 120
0
0
1 287 120
1 538 120
2 423 120 734 120
2 328 120 777 120
0
0
4 232 120 637 120 490 120 56 120
0
1 93 120
0
0
0
1 813 120
0
0
0
0
0
1 353 120
0
1 161 120
2 493 120 801 120
2 345 120 100 120
1 289 120
1 211 120
0
0
2 540 120 121 120
0
0
3 682 120 520 120 874 120
0
0
0
0
0
0
0
0
0
1 396 120
5 882 120 543 120 728 120 880 120 365 120
5 717 120 340 120 781 120 156 120 258 120
0
0
2 418 120 792 120
0
1 163 120
1 467 120
3 686 120 55 120 699 120
0
0
3 400 120 291 120 323 120
0
1 419 120
0
3 752 120 615 120 384 120
3 151 120 117 120 812 120
2 268 120 380 120
0
0
0
0
3 357 120 888 120 148 120
0
1 861 120
0
0
0
3 47 120 533 120 632 120
0
0
1 212 120
0
2 525 120 658 120
2 776 120 798 120
1 66 120
2 171 120 210 120
0
1 853 120
4 529 120 474 120 304 120 799 120
0
0
0
2 417 120 711 120
0
0
2 657 120 809 120
1 595 120
0
1 507 120
3 692 120 42 120 549 120
0
0
1 284 120
1 325 120
0
1 681 120
2 586 120 510 120
1 24 120
0
1 678 120
0
1 429 120
1 564 120
2 222 120 237 120
0
0
0
0
0
1 68 120
1 146 120
0
0
6 580 120 496 120 489 120 674 120 259 120 521 120
0
3 867 120 33 120 159 120
0
0
0
3 5 120 890 120 465 120
0
0
3 62 120 249 120 761 120
1 771 120
2 480 120 641 120
0
1 721 120
0
0
1 14 120
2 312 120 302 120
2 823 120 409 120
0
2 112 120 739 120
0
0
0
9 795 120 348 120 150 120 28 120 497 120 505 120 648 120 412 120 461 120
1 788 120
0
3 273 120 17 120 416 120
1 600 120
0
3 744 120 539 120 170 120
5 16 120 10 120 626 120 290 120 52 120
0
0
2 411 120 306 120
0
3 486 120 111 120 320 120
0
2 568 120 684 120
3 138 120 556 120 391 120
0
1 387 120
2 331 120 398 120
1 381 120
0
0
0
0
4 336 120 446 120 247 120 436 120
3 57 120 545 120 614 120
0
0
3 104 120 135 120 582 120
3 857 120 790 120 504 120
0
0
0
0
0
3 199 120 54 120 276 120
0
0
1 311 120
0
0
0
0
1 432 120
0
0
2 32 120 726 120
0
0
0
0
0
1 45 120
0
0
1 558 120
1 869 120
0
1 182 120
0
0
0
0
3 772 120 764 120 9 120
0
1 557 120
1 144 120
2 859 120 178 120
0
5 427 120 179 120 110 120 767 120 367 120
3 181 120 782 120 197 120
0
3 534 120 479 120 228 120
0
0
1 747 120
0
2 514 120 765 120
0
1 421 120
0
0
0
0
2 116 120 255 120
0
4 668 120 756 120 196 120 610 120
0
0
2 431 120 21 120
1 573 120
1 133 120
3 124 120 341 120 126 120
1 550 120
2 627 120 141 120
2 447 120 356 120
0
0
3 736 120 254 120 44 120
1 560 120
2 805 120 532 120
1 8 120
0
0
1 679 120
0
1 893 120
2 653 120 741 120
1 498 120
1 705 120
1 839 120
0
1 39 120
0
4 86 120 572 120 286 120 485 120
0
0
0
6 231 120 319 120 187 120 373 120 410 120 807 120
0
1 597 120
1 261 120
0
1 834 120
0
1 38 120
0
0
0
2 712 120 672 120
1 630 120
1 527 120
3 584 120 709 120 303 120
3 167 120 175 120 360 120
0
3 449 120 214 120 591 120
0
1 414 120
0
0
0
1 442 120
2 871 120 6 120
2 426 120 548 120
1 811 120
0
0
1 11 120
0
1 339 120
0
0
3 716 120 587 120 183 120
4 633 120 583 120 401 120 392 120
0
3 316 120 659 120 483 120
4 577 120 153 120 74 120 207 120
4 85 120 90 120 366 120 34 120
1 585 120
0
0
0
0
0
0
0
1 413 120
0
2 272 120 561 120
1 484 120
0
1 265 120
1 687 120
0
2 845 120 664 120
1 652 120
0
2 393 120 753 120
2 72 120 581 120
5 53 120 23 120 588 120 330 120 522 120
0
2 877 120 326 120
0
0
0
0
0
0
0
2 152 120 63 120
0
1 322 120
0
1 158 120
0
0
0
0
0
0
0
2 466 120 710 120
1 836 120
0
0
1 297 120
0
1 691 120
2 434 120 571 120
0
0
5 694 120 688 120 794 120 791 120 513 120
2 683 120 719 120
0
0
0
7 7 120 364 120 242 120 835 120 202 120 766 120 440 120
1 649 120
0
3 385 120 625 120 660 120
0
0
0
0
0
0
3 386 120 128 120 804 120
0
2 315 120 217 120
0
0
0
0
0
1 352 120
4 820 120 105 120 894 120 822 120
0
1 194 120
0
1 83 120
0
2 139 120 546 120
0
3 94 120 802 120 669 120
1 65 120
0
0
1 757 120
1 629 120
4 438 120 422 120 778 120 206 120
2 407 120 374 120
0
2 523 120 250 120
0
1 252 120
1 604 120
0
1 779 120
0
0
0
1 375 120
1 245 120
0
2 41 120 731 120
0
0
0
3 230 120 13 120 892 120
5 263 120 127 120 78 120 862 120 95 120
1 639 120
3 743 120 294 120 441 120
3 2 120 266 120 858 120
0
0
3 855 120 184 120 843 120
2 501 120 354 120
4 613 120 246 120 876 120 889 120
0
2 113 120 825 120
3 828 120 324 120 89 120
0
2 476 120 137 120
0
0
0
0
0
0
1 444 120
1 22 120
1 738 120
1 730 120
2 852 120 253 120
0
0
1 30 120
3 707 120 815 120 277 120
1 551 120
1 575 120
0
3 634 120 482 120 475 120
1 758 120
2 884 120 310 120
0
2 301 120 526 120
1 749 120
3 518 120 180 120 203 120
0
2 226 120 298 120
1 134 120
0
0
0
1 554 120
1 621 120
0
1 424 120
1 769 120
0
2 654 120 332 120
0
0
3 390 120 97 120 131 120
0
0
1 177 120
0
2 524 120 870 120
2 213 120 274 120
0
0
0
0
0
1 706 120
1 492 120
0
0
1 31 120
0
3 204 120 676 120 102 120
3 819 120 673 120 299 120
0
2 650 120 388 120
2 609 120 166 120
1 511 120
2 760 120 567 120
0
0
2 3 120 667 120
5 547 120 84 120 646 120 48 120 576 120
1 617 120
0
1 793 120
2 403 120 478 120
0
0
1 43 120
0
2 190 120 415 120
2 864 120 103 120
1 270 120
2 216 120 376 120
0
2 455 120 132 120
1 154 120
2 708 120 458 120
3 173 120 536 120 335 120
0
1 342 120
0
0
0
4 451 120 516 120 262 120 851 120
2 720 120 695 120
2 887 120 329 120
0
0
0
1 106 120
0
4 714 120 397 120 700 120 81 120
1 15 120
2 810 120 125 120
0
1 372 120
0
0
0
2 18 120 71 120
0
0
0
0
1 468 120
0
1 453 120
1 450 120
1 251 120
2 488 120 647 120
0
0
1 508 120
0
0
0
1 168 120
0
0
1 378 120
2 198 120 88 120
3 886 120 271 120 537 120
0
0
0
3 690 120 123 120 541 120
2 282 120 293 120
0
3 856 120 611 120 677 120
0
0
1 120 120
1 797 120
0
0
3 174 120 99 120 368 120
0
1 428 120
0
1 186 120
2 821 120 296 120
1 430 120
0
1 737 120
1 51 120
0
1 318 120
0
0
0
1 840 120
1 463 120
0
1 402 120
0
1 420 120
0
0
2 636 120 321 120
0
0
0
