686
7 401 139 638 298 669 174 233 261 56 197 529 85 202 109
2 368 208 246 120
3 145 122 396 262 144 41
1 658 232
1 45 288
1 68 27
2 427 270 344 219
3 519 22 219 108 580 207
2 230 123 574 15
1 507 161
2 241 4 543 110
1 682 281
0
0
1 140 92
1 98 258
3 30 170 570 258 355 37
2 227 137 103 215
1 670 111
2 357 254 293 262
1 606 131
3 502 130 376 292 382 195
0
3 328 101 398 106 391 245
1 210 104
3 463 161 643 281 315 187
0
2 563 265 42 78
0
2 610 21 250 129
3 81 19 245 15 320 1
3 513 166 570 47 218 106
1 482 19
3 81 83 358 25 682 118
1 193 186
3 610 184 425 138 610 297
3 210 19 74 14 147 221
3 66 237 96 93 314 234
2 252 35 152 170
4 168 239 455 266 635 176 105 225
3 377 71 298 193 222 119
2 519 247 661 233
0
1 353 147
3 305 21 144 26 152 75
3 342 197 436 102 521 97
0
3 52 157 298 36 644 295
2 53 294 143 267
1 664 121
2 31 229 351 106
3 75 179 406 247 459 297
4 555 108 651 9 39 211 34 130
3 612 138 543 106 380 262
3 184 30 47 217 316 242
0
1 88 156
2 442 208 396 218
3 245 178 30 161 561 175
3 265 16 280 259 674 212
3 8 161 265 70 670 107
3 518 253 627 189 290 138
2 680 235 418 30
3 548 0 219 85 637 93
3 532 33 129 174 246 172
1 450 79
0
0
2 392 219 663 129
3 255 281 571 86 243 160
1 11 107
3 561 46 223 46 584 45
3 240 110 561 51 332 277
1 531 50
1 239 235
2 94 210 583 33
0
2 670 20 514 118
3 512 295 73 130 574 9
3 518 22 135 246 281 76
0
1 523 52
4 379 277 486 195 623 34 356 34
2 115 38 592 285
3 146 86 500 5 625 185
5 652 119 680 159 549 250 144 127 490 283
0
2 585 149 654 160
2 361 283 658 55
2 636 55 21 184
1 245 27
2 292 123 72 175
3 408 8 208 209 27 279
2 615 172 546 295
2 395 117 311 129
2 514 279 59 160
2 95 69 41 185
2 523 222 250 58
3 200 234 657 218 28 147
1 84 255
2 487 121 675 188
3 671 20 104 262 639 232
1 261 250
1 147 76
0
3 613 191 469 30 428 36
2 108 179 68 278
0
1 536 50
3 606 223 631 232 438 112
2 627 7 419 155
4 660 274 99 163 569 14 155 295
1 90 182
3 577 152 58 199 557 290
1 648 93
2 284 65 618 62
1 610 0
2 432 51 133 144
1 617 68
2 150 168 59 250
2 201 252 530 102
2 661 154 90 169
2 336 150 546 90
0
2 516 109 438 67
0
3 505 249 137 4 287 71
3 355 263 32 142 370 194
3 564 288 605 295 250 228
1 458 74
1 3 197
0
1 665 17
1 411 149
3 225 238 336 106 238 251
2 160 177 240 67
1 198 72
1 198 270
3 247 143 316 188 375 43
1 402 8
2 360 20 409 121
0
2 430 174 317 158
0
3 355 254 645 54 124 296
2 240 130 144 167
0
1 306 290
0
3 584 160 639 264 514 139
2 572 141 197 103
3 147 107 329 182 586 292
2 245 124 43 130
2 66 127 416 93
1 674 281
2 444 12 151 248
2 257 103 239 164
2 59 32 262 96
1 304 252
3 178 139 674 159 256 46
0
3 589 109 47 181 528 70
2 162 130 122 23
5 112 95 494 26 480 13 593 145 132 123
1 124 168
2 113 94 131 221
1 597 10
3 214 295 475 147 473 300
2 308 273 333 75
0
2 354 232 592 239
2 668 169 306 139
2 334 290 394 111
1 180 156
2 634 36 124 82
3 439 119 190 187 585 143
2 682 23 11 286
0
3 195 236 320 6 255 241
2 250 3 425 254
3 141 29 421 236 170 233
0
1 604 238
0
3 520 179 125 140 534 188
2 603 201 323 182
1 377 84
1 223 258
3 96 183 72 44 617 261
0
3 526 43 330 101 593 282
3 345 0 514 147 147 227
1 275 187
3 23 225 218 82 219 202
2 126 43 125 147
3 604 208 333 264 47 173
3 217 135 90 252 354 127
2 245 192 98 97
0
1 331 231
1 292 211
0
1 412 14
3 545 274 410 159 544 76
2 159 194 343 154
2 178 238 565 129
3 515 43 679 76 570 134
0
0
1 256 131
1 146 216
3 357 61 611 179 658 234
0
3 194 162 10 281 329 93
2 148 115 60 53
3 367 162 12 60 606 87
0
2 408 7 190 165
3 565 297 36 5 610 100
2 476 23 304 78
3 152 267 580 7 58 246
2 16 182 375 35
0
1 443 140
2 68 160 682 44
3 468 153 580 146 148 65
0
2 592 14 352 42
2 344 241 661 278
3 14 271 249 231 411 152
1 407 167
4 446 82 167 293 205 16 263 108
5 650 281 136 237 303 9 508 120 215 16
5 311 257 177 280 133 9 668 224 237 284
2 5 198 290 25
3 148 93 356 295 594 279
3 466 46 664 126 680 14
1 130 28
2 514 65 514 94
1 236 296
2 586 271 117 212
2 172 264 327 144
2 24 108 565 83
3 286 1 243 202 467 149
3 625 66 645 201 645 175
3 163 126 207 121 59 211
2 33 246 577 187
2 148 72 681 110
3 275 270 450 207 560 5
0
4 2 145 18 18 165 125 589 78
3 122 148 377 24 16 74
6 269 0 537 81 479 70 164 227 383 113 232 20
4 554 159 171 85 221 26 6 10
1 335 98
0
1 161 205
4 212 44 279 77 324 157 606 175
3 270 145 220 124 377 57
1 493 112
1 561 281
3 434 115 61 0 114 206
1 631 185
2 341 90 85 202
3 625 248 661 165 661 101
1 682 57
2 139 132 600 108
0
6 7 201 267 241 510 149 271 108 46 211 313 51
1 117 204
8 183 203 349 89 87 19 456 261 340 129 121 293 478 44 578 242
3 204 35 575 279 278 229
0
3 394 294 32 291 17 179
1 329 36
3 30 145 219 174 658 33
1 157 247
2 131 229 460 100
2 208 187 594 146
3 36 225 648 31 153 112
2 528 148 437 160
2 128 197 681 102
1 645 279
1 239 245
2 350 226 535 35
3 686 194 666 194 109 198
2 215 139 78 43
2 321 182 491 95
1 393 80
3 16 179 11 160 498 277
1 159 222
1 66 110
2 548 261 223 5
2 528 142 393 262
2 120 151 153 77
3 387 75 295 78 283 87
4 40 170 173 282 188 263 77 48
1 503 224
2 259 18 310 148
2 390 119 398 94
3 97 297 93 69 197 26
3 470 205 353 58 124 219
3 433 103 240 110 603 73
0
0
2 661 35 610 90
3 496 174 29 206 43 134
1 667 97
2 132 109 157 38
3 406 85 322 30 467 180
3 26 172 169 296 547 198
3 562 195 106 77 256 138
1 145 87
2 178 95 72 152
3 672 102 437 126 657 82
3 601 40 490 199 645 132
2 450 280 523 231
3 662 264 98 14 114 63
2 137 251 503 139
1 641 43
4 48 247 655 185 78 126 557 220
3 170 256 190 117 586 294
2 153 122 514 160
2 223 51 293 255
3 464 263 609 247 385 292
4 70 218 371 67 226 114 9 267
1 63 189
3 21 20 539 210 670 146
0
3 432 18 19 171 331 106
1 166 89
1 236 134
0
3 322 12 240 42 275 92
2 631 115 75 251
1 653 124
2 683 278 407 75
2 538 192 186 297
0
3 289 103 418 243 72 290
3 96 155 570 220 473 146
3 103 166 222 22 39 218
3 333 116 513 41 663 87
2 584 277 107 230
2 377 66 171 141
2 150 57 485 182
3 356 247 305 83 58 72
2 296 150 303 249
3 64 158 343 156 411 63
3 516 91 657 122 345 153
2 370 192 361 234
3 72 293 257 279 610 33
1 391 98
2 157 240 36 18
3 661 48 170 70 530 238
3 30 285 612 299 396 295
1 591 253
0
2 100 18 612 62
4 547 262 640 267 298 105 217 54
2 438 10 565 194
2 49 89 431 100
2 380 245 120 281
1 29 211
2 504 45 478 31
3 488 282 519 222 59 63
1 587 48
1 364 276
1 250 103
1 276 64
2 346 2 122 121
2 189 71 182 32
3 101 267 572 265 472 2
1 406 178
1 159 283
1 156 260
1 120 269
1 277 104
2 628 49 378 240
2 425 243 482 148
1 217 7
1 586 214
7 242 253 451 208 25 245 339 139 206 189 381 296 585 137
2 219 7 513 235
1 681 46
2 323 76 157 46
4 374 288 629 293 434 220 450 187
3 632 215 208 238 470 163
2 436 297 581 60
0
1 580 5
3 193 273 146 78 120 140
3 68 262 314 12 548 140
1 361 230
3 565 224 125 114 412 286
0
3 509 115 461 140 235 34
2 519 203 557 186
2 72 286 96 159
3 614 142 158 57 80 206
6 588 44 185 258 624 256 191 65 558 255 544 261
2 36 243 213 152
0
3 144 33 645 84 332 204
3 83 94 80 82 338 193
0
1 144 14
2 250 134 425 151
1 553 125
4 568 248 366 23 258 13 365 152
1 407 4
1 66 58
2 127 126 134 221
2 422 28 264 193
6 633 88 423 143 576 166 685 36 93 20 413 29
3 216 34 417 149 318 251
2 174 274 534 273
3 351 159 71 0 29 186
3 162 298 454 199 462 263
0
1 426 169
0
5 244 81 65 31 389 194 330 158 308 278
2 203 165 115 112
0
3 266 289 36 143 462 89
3 499 80 224 23 466 66
1 645 65
4 399 217 85 245 498 60 354 292
3 20 192 578 132 555 11
2 314 7 329 54
3 138 65 198 295 412 165
3 527 21 462 102 525 47
2 332 247 584 212
3 648 127 561 178 610 171
1 519 247
0
0
2 308 164 567 297
2 111 23 363 23
1 21 131
2 610 231 178 287
2 316 156 257 57
3 234 82 620 135 199 253
3 8 183 215 190 351 89
2 441 253 596 117
3 179 288 4 267 266 116
1 162 74
1 293 234
0
1 197 67
1 245 226
3 92 11 342 261 71 59
3 305 225 667 198 584 275
5 15 58 119 223 118 12 454 282 369 122
2 170 161 603 278
2 358 76 343 218
2 170 107 606 145
2 487 273 98 239
1 625 261
4 282 214 649 92 44 59 149 199
3 98 130 304 135 120 195
0
3 251 174 359 137 130 269
3 448 11 483 13 566 113
2 467 45 145 176
2 460 207 152 298
1 434 204
3 503 92 323 126 8 48
3 16 289 23 126 504 239
2 209 188 50 109
4 471 299 424 149 449 55 229 107
1 29 43
0
1 599 179
0
1 72 62
1 542 255
5 326 226 312 215 630 54 414 209 211 85
1 317 68
2 579 233 484 116
3 190 112 27 112 107 46
2 620 122 216 29
0
0
5 678 148 55 283 13 224 47 21 108 144
3 77 258 561 34 679 50
0
4 273 11 637 65 477 205 619 128
1 280 30
2 314 219 412 26
1 667 145
2 110 254 107 281
3 497 140 28 238 636 39
2 304 238 132 114
1 391 239
3 429 188 280 277 293 181
3 208 92 477 234 323 291
2 642 49 51 60
3 107 257 580 191 670 59
3 659 62 38 146 503 261
2 397 53 552 29
1 663 228
3 184 271 298 184 71 160
1 560 69
2 439 116 208 242
3 215 89 19 5 328 242
3 603 67 3 178 584 47
5 325 10 337 182 175 117 644 128 322 254
7 415 43 272 121 116 49 616 188 196 145 317 151 236 112
1 245 267
2 257 217 197 178
1 180 254
2 250 90 245 0
0
3 521 49 485 230 542 199
2 384 196 140 20
2 503 295 222 26
2 539 247 148 238
4 79 151 573 293 82 37 632 163
3 160 78 435 264 654 231
2 430 265 442 180
0
1 187 143
0
2 386 23 275 122
2 145 75 484 38
0
3 497 11 73 173 110 43
0
2 673 14 19 140
3 266 50 54 7 460 234
2 593 267 143 28
2 539 239 347 12
2 570 230 553 245
2 482 231 108 245
4 362 139 301 198 86 291 67 215
1 68 22
2 631 144 610 285
3 192 77 400 57 646 144
2 227 159 10 295
3 396 218 107 120 229 127
0
3 536 250 292 238 625 236
2 472 167 302 298
2 459 254 585 207
2 111 196 648 221
2 219 48 674 199
1 61 274
3 307 255 501 91 260 3
3 567 59 54 122 108 234
3 559 107 550 172 452 133
2 467 171 442 46
1 513 140
1 420 288
2 407 64 144 103
1 250 166
0
1 62 264
2 601 289 661 194
3 265 180 645 212 523 215
6 647 125 598 224 582 218 319 203 489 87 403 39
2 626 11 29 215
0
3 147 81 610 107 60 159
1 625 168
2 586 6 257 295
3 202 160 367 262 125 10
2 525 99 404 198
3 58 267 611 165 98 48
1 262 159
2 539 133 314 170
1 19 194
1 474 31
3 522 206 102 300 364 290
1 37 277
3 13 14 276 177 219 166
1 566 27
3 425 204 358 209 162 154
3 601 255 586 113 523 269
3 536 143 293 94 435 200
3 309 157 45 19 551 54
3 89 115 44 108 492 150
2 514 34 425 78
2 648 204 306 103
2 514 176 514 170
1 114 234
1 27 55
0
1 36 258
1 482 254
2 530 24 599 173
2 595 256 632 272
1 590 211
1 124 181
2 676 296 662 171
1 263 188
3 607 186 541 40 538 33
1 631 36
2 300 74 274 200
2 153 177 425 16
1 677 154
2 237 193 613 299
0
0
3 557 92 450 19 539 298
2 656 64 113 299
3 348 30 373 116 268 199
1 372 71
2 625 32 645 36
3 590 1 77 278 202 100
3 58 276 202 142 601 202
1 84 173
1 154 87
2 228 28 231 31
0
2 370 101 174 294
1 148 7
2 328 78 329 245
3 428 189 393 195 38 74
2 678 95 643 55
3 336 58 12 51 171 146
1 589 123
2 297 26 608 290
2 43 294 43 134
1 213 158
0
3 506 67 73 166 142 272
2 265 188 661 145
1 291 93
2 245 277 625 178
1 653 104
3 540 278 299 138 492 149
1 556 31
1 91 78
3 21 297 60 20 625 292
1 213 54
5 253 257 181 80 22 127 76 45 465 208
3 631 231 265 137 265 218
3 495 25 612 149 554 273
1 431 290
3 440 91 405 30 57 276
3 335 145 310 234 585 75
3 625 50 347 115 356 114
1 625 95
3 675 193 658 202 543 129
0
3 265 194 645 118 153 165
1 248 237
4 285 287 35 295 294 4 375 95
0
0
3 231 229 157 178 170 98
2 473 263 530 183
3 445 160 334 188 318 298
1 158 93
3 551 157 161 132 606 0
3 565 98 584 165 305 28
3 511 60 176 34 160 292
8 447 273 483 17 602 106 288 135 416 161 654 300 626 65 591 234
2 43 180 625 129
3 561 31 523 194 450 233
1 215 77
1 60 46
0
1 567 83
0
3 229 30 310 148 178 121
5 533 46 517 102 453 97 254 216 524 219
1 396 22
2 622 153 69 90
3 329 165 625 82 375 216
1 556 265
2 625 69 645 249
1 347 194
2 388 9 684 206
3 333 130 590 281 604 275
3 454 11 317 105 572 249
3 153 195 645 225 612 212
1 71 111
3 513 84 375 181 434 69
1 553 191
2 437 32 420 193
2 584 128 174 94
3 316 267 250 98 171 162
4 457 238 621 10 123 46 481 250
