426
5 394 35 18 257 190 47 100 157 210 49
0
1 248 135
4 160 144 6 81 35 102 181 110
0
0
0
4 114 88 17 226 120 99 200 118
0
2 12 265 378 192
1 236 226
2 15 209 175 140
5 122 115 19 203 173 76 295 77 215 128
0
0
8 341 32 287 272 242 51 126 263 94 163 49 293 130 59 358 296
0
2 13 174 226 258
4 393 163 232 226 71 165 113 14
0
3 99 34 138 47 116 145
2 26 60 131 44
3 119 249 286 94 359 274
0
2 362 210 223 65
0
0
3 253 149 125 146 65 282
0
0
2 111 4 216 82
2 383 94 129 220
2 345 143 401 297
3 179 208 36 232 127 142
3 283 200 251 10 191 271
0
2 88 273 22 285
2 360 86 309 93
0
5 277 154 397 232 3 286 307 158 103 140
1 291 82
2 217 123 188 58
2 189 74 58 291
0
1 2 100
0
1 426 8
1 5 35
0
1 381 232
1 384 238
2 382 18 53 6
0
3 356 41 227 154 84 299
0
1 260 168
1 68 286
0
0
0
0
3 228 262 372 264 272 269
3 413 234 123 295 322 183
0
0
0
0
0
8 162 15 252 290 63 227 299 13 234 30 158 91 207 66 117 68
1 41 262
1 296 274
0
0
0
0
1 106 230
1 118 211
2 240 127 109 205
0
0
0
0
0
0
2 266 22 218 234
0
0
1 16 297
3 153 112 67 157 121 94
0
1 61 224
0
1 163 267
0
0
3 357 183 425 135 50 74
1 316 150
0
0
1 268 14
0
0
1 59 186
1 408 188
0
0
0
0
0
0
2 96 62 205 13
1 213 270
1 79 265
1 339 296
0
0
0
0
0
2 395 27 82 16
0
1 361 124
1 265 19
4 157 167 212 41 202 165 364 78
0
2 221 107 400 62
0
0
0
0
0
0
2 10 39 377 233
1 376 138
0
1 259 199
2 421 222 187 43
0
0
0
0
1 409 8
0
0
3 222 19 169 169 390 172
4 263 107 51 60 167 125 343 146
0
1 262 295
0
1 418 25
2 288 114 398 153
1 387 43
1 168 263
3 174 110 373 222 27 65
1 301 170
1 161 235
0
0
0
0
0
4 312 44 89 129 151 3 305 6
1 11 251
1 282 54
0
0
1 220 224
0
0
1 98 196
5 380 54 346 0 370 84 338 249 46 92
1 318 34
4 267 156 133 56 255 243 279 237
0
0
2 166 138 48 167
0
1 34 184
3 281 287 319 20 105 57
1 270 165
1 284 228
0
0
0
0
0
2 150 272 39 254
0
0
8 302 160 225 66 136 147 350 164 230 74 140 139 214 50 20 77
0
0
0
1 366 150
0
0
0
1 81 289
0
1 404 249
0
1 132 84
1 4 8
5 333 102 258 177 171 255 424 173 152 237
1 134 154
0
2 156 119 196 170
0
3 137 290 70 289 367 149
2 159 242 324 233
0
1 411 18
0
0
1 231 92
0
0
1 139 188
0
1 7 140
1 55 292
5 290 237 93 203 306 45 25 248 235 55
0
1 142 212
3 143 239 101 227 149 77
2 245 0 257 257
0
0
0
0
0
3 420 4 239 145 177 202
1 331 99
2 389 112 135 148
0
1 165 231
1 77 75
1 416 210
1 80 139
2 186 35 107 234
0
3 271 13 40 223 198 212
0
1 54 258
3 321 264 303 134 289 168
0
0
0
0
1 14 298
0
2 276 170 379 1
4 37 103 414 95 363 154 224 147
2 399 26 124 137
3 244 266 280 256 292 70
0
1 311 293
2 352 74 313 282
2 170 43 402 122
0
0
3 60 268 64 39 24 223
3 386 108 180 148 264 222
1 102 118
1 30 24
0
0
1 365 134
0
1 422 282
0
1 192 183
1 388 276
1 342 239
0
7 145 179 148 210 206 98 237 285 104 172 412 46 405 224
1 269 63
1 76 226
2 335 151 249 148
1 201 60
0
0
0
3 112 90 183 26 327 202
1 298 26
1 323 8
0
1 229 277
0
1 86 17
0
0
1 256 53
0
0
0
4 300 298 332 147 285 46 32 199
0
1 178 213
1 344 244
2 314 26 247 245
3 294 286 423 168 375 185
1 304 246
0
0
1 75 26
0
0
1 72 220
0
0
6 415 216 203 195 146 22 43 69 410 174 368 4
3 371 134 52 128 337 3
0
0
0
0
0
0
4 353 40 8 261 348 117 336 221
1 261 51
0
2 385 287 197 69
0
0
0
1 56 16
0
0
2 315 220 95 66
0
1 374 149
3 31 1 209 207 172 266
2 57 113 391 149
1 347 45
0
0
1 238 218
0
0
1 349 167
1 241 59
0
0
1 115 56
5 176 243 278 63 193 194 208 219 328 42
0
0
1 154 104
2 233 190 42 94
0
3 155 169 396 23 250 178
1 23 63
1 44 96
0
0
3 254 263 38 222 195 57
0
1 128 260
1 417 31
0
2 246 186 325 153
1 66 140
0
1 29 245
0
0
1 355 295
2 62 263 293 273
0
1 334 104
0
0
0
0
0
1 419 69
1 110 248
1 308 231
4 273 142 47 0 78 52 141 227
0
0
1 83 195
0
2 219 154 87 116
1 369 200
1 310 246
5 320 252 184 134 97 252 9 41 108 64
1 354 279
1 403 194
2 407 135 243 114
2 182 165 340 2
2 164 178 326 205
6 204 95 69 209 85 162 194 246 28 98 92 250
1 199 241
0
0
3 74 123 73 57 147 9
1 91 93
0
0
0
0
0
0
0
0
0
0
0
0
1 351 11
2 33 189 317 252
1 211 173
4 21 115 90 235 392 271 45 252
0
0
0
0
0
2 297 155 144 169
0
0
4 330 160 274 207 185 10 329 12
2 275 7 406 129
0
