938
10 793 164 660 164 69 164 752 164 846 164 655 164 917 164 131 164 317 164 749 164
3 112 164 460 164 78 164
2 878 164 644 164
3 161 164 876 164 787 164
3 640 164 469 164 382 164
1 188 164
1 675 164
3 471 164 34 164 442 164
3 395 164 685 164 765 164
3 406 164 852 164 387 164
1 878 164
1 748 164
3 851 164 61 164 854 164
2 437 164 628 164
3 499 164 638 164 390 164
3 414 164 545 164 38 164
5 368 164 898 164 464 164 765 164 285 164
2 893 164 613 164
0
3 75 164 904 164 118 164
2 429 164 560 164
3 927 164 71 164 886 164
0
1 521 164
3 779 164 767 164 263 164
2 735 164 229 164
2 363 164 736 164
3 647 164 926 164 472 164
1 506 164
2 506 164 701 164
3 9 164 541 164 681 164
3 125 164 521 164 460 164
3 113 164 632 164 532 164
1 885 164
2 777 164 158 164
2 246 164 30 164
0
3 484 164 569 164 603 164
3 918 164 476 164 346 164
3 188 164 50 164 155 164
3 754 164 520 164 430 164
3 641 164 241 164 513 164
3 84 164 194 164 73 164
6 487 164 808 164 860 164 839 164 302 164 827 164
1 922 164
1 226 164
3 860 164 823 164 15 164
1 770 164
4 380 164 339 164 702 164 515 164
2 594 164 767 164
1 376 164
2 673 164 28 164
2 163 164 576 164
1 652 164
2 792 164 210 164
1 862 164
3 246 164 834 164 848 164
3 744 164 286 164 235 164
1 126 164
1 896 164
0
4 511 164 583 164 910 164 519 164
3 103 164 224 164 103 164
0
1 141 164
3 113 164 621 164 241 164
1 836 164
3 731 164 722 164 138 164
3 202 164 473 164 257 164
0
1 460 164
3 571 164 463 164 465 164
0
1 637 164
2 575 164 12 164
3 59 164 88 164 591 164
1 284 164
3 125 164 402 164 934 164
1 318 164
3 218 164 882 164 721 164
1 699 164
4 700 164 799 164 737 164 47 164
1 71 164
1 32 164
3 666 164 59 164 425 164
1 419 164
3 767 164 750 164 302 164
3 267 164 537 164 70 164
2 759 164 889 164
3 524 164 825 164 633 164
1 168 164
4 11 164 823 164 844 164 396 164
3 908 164 251 164 188 164
2 117 164 458 164
2 204 164 2 164
3 769 164 307 164 465 164
2 349 164 627 164
2 385 164 706 164
3 472 164 694 164 466 164
1 367 164
3 42 164 72 164 95 164
1 207 164
3 596 164 454 164 928 164
2 228 164 227 164
1 465 164
2 12 164 543 164
3 356 164 884 164 135 164
3 563 164 641 164 340 164
3 633 164 470 164 856 164
2 225 164 194 164
3 557 164 866 164 840 164
2 225 164 922 164
2 454 164 351 164
2 529 164 425 164
2 371 164 928 164
1 613 164
2 322 164 209 164
0
1 477 164
3 168 164 532 164 545 164
3 498 164 538 164 665 164
0
0
2 603 164 720 164
3 521 164 934 164 521 164
2 194 164 110 164
0
1 592 164
2 444 164 647 164
4 772 164 406 164 526 164 829 164
1 865 164
2 581 164 569 164
0
3 217 164 562 164 269 164
3 328 164 817 164 604 164
1 749 164
1 258 164
1 440 164
2 739 164 134 164
1 722 164
3 282 164 926 164 905 164
3 796 164 838 164 54 164
3 212 164 50 164 349 164
2 388 164 33 164
3 635 164 683 164 150 164
2 247 164 388 164
2 433 164 431 164
1 593 164
2 498 164 555 164
1 123 164
3 696 164 255 164 605 164
1 166 164
0
2 689 164 167 164
1 889 164
1 759 164
0
2 420 164 840 164
2 120 164 627 164
0
2 238 164 706 164
4 830 164 801 164 836 164 714 164
2 397 164 803 164
2 90 164 551 164
1 656 164
0
2 405 164 50 164
0
1 496 164
0
3 382 164 521 164 194 164
4 804 164 590 164 788 164 488 164
1 922 164
3 126 164 768 164 107 164
2 707 164 684 164
2 725 164 284 164
2 814 164 847 164
3 912 164 621 164 460 164
1 693 164
2 98 164 820 164
1 126 164
3 904 164 250 164 122 164
4 320 164 755 164 381 164 40 164
2 483 164 643 164
3 452 164 685 164 570 164
3 225 164 787 164 250 164
2 229 164 439 164
3 607 164 835 164 71 164
5 183 164 625 164 277 164 774 164 920 164
1 927 164
2 468 164 538 164
2 480 164 316 164
0
3 125 164 351 164 859 164
0
1 340 164
1 154 164
3 472 164 927 164 351 164
2 345 164 517 164
2 533 164 888 164
1 482 164
3 231 164 663 164 341 164
3 200 164 639 164 372 164
0
3 833 164 230 164 855 164
3 362 164 929 164 474 164
3 86 164 513 164 926 164
3 375 164 681 164 211 164
1 198 164
1 867 164
0
0
4 434 164 160 164 152 164 125 164
3 132 164 762 164 176 164
3 224 164 78 164 23 164
2 112 164 684 164
3 764 164 284 164 896 164
4 771 164 246 164 918 164 186 164
4 350 164 495 164 680 164 314 164
2 451 164 27 164
3 837 164 896 164 386 164
4 43 164 524 164 673 164 532 164
1 153 164
0
1 521 164
3 811 164 840 164 38 164
1 529 164
3 936 164 486 164 443 164
3 725 164 749 164 926 164
0
4 296 164 730 164 842 164 358 164
1 913 164
3 313 164 820 164 934 164
1 456 164
0
3 504 164 916 164 376 164
2 691 164 909 164
2 178 164 109 164
3 901 164 370 164 340 164
3 403 164 630 164 143 164
2 621 164 212 164
2 919 164 318 164
2 825 164 311 164
2 92 164 632 164
1 419 164
0
1 153 164
2 595 164 148 164
3 678 164 250 164 538 164
1 521 164
0
1 422 164
3 14 164 191 164 670 164
2 48 164 207 164
2 694 164 188 164
2 111 164 686 164
2 93 164 690 164
3 688 164 816 164 156 164
1 170 164
2 836 164 506 164
2 118 164 406 164
3 355 164 607 164 429 164
0
0
2 481 164 512 164
3 505 164 576 164 431 164
3 204 164 516 164 653 164
0
0
1 153 164
1 50 164
2 574 164 406 164
1 367 164
2 159 164 807 164
2 357 164 404 164
2 740 164 834 164
4 659 164 398 164 548 164 457 164
2 631 164 710 164
3 536 164 541 164 56 164
3 723 164 234 164 902 164
3 138 164 7 164 498 164
3 439 164 125 164 382 164
2 116 164 820 164
2 767 164 872 164
3 25 164 190 164 836 164
1 556 164
2 641 164 578 164
2 331 164 518 164
1 906 164
2 176 164 173 164
4 401 164 143 164 907 164 79 164
3 621 164 899 164 56 164
1 86 164
0
2 587 164 121 164
3 930 164 705 164 273 164
3 518 164 538 164 282 164
5 189 164 219 164 94 164 280 164 299 164
0
1 711 164
2 853 164 557 164
1 52 164
3 293 164 715 164 37 164
1 769 164
0
5 239 164 309 164 795 164 325 164 697 164
1 627 164
1 591 164
0
3 321 164 3 164 559 164
3 188 164 78 164 513 164
1 710 164
2 210 164 874 164
3 848 164 792 164 334 164
1 747 164
2 657 164 356 164
1 363 164
1 129 164
3 497 164 715 164 874 164
3 608 164 306 164 8 164
2 578 164 93 164
3 264 164 570 164 262 164
4 679 164 179 164 567 164 463 164
2 578 164 886 164
2 106 164 412 164
2 87 164 359 164
3 142 164 695 164 338 164
3 121 164 120 164 545 164
2 498 164 521 164
2 221 164 448 164
5 327 164 809 164 315 164 743 164 884 164
3 648 164 107 164 525 164
1 871 164
3 454 164 33 164 578 164
4 389 164 668 164 542 164 709 164
3 876 164 414 164 409 164
2 914 164 47 164
3 71 164 120 164 86 164
2 248 164 767 164
3 882 164 215 164 740 164
3 627 164 37 164 845 164
2 65 164 837 164
1 126 164
3 647 164 181 164 37 164
0
0
2 684 164 445 164
2 110 164 622 164
2 207 164 110 164
2 172 164 897 164
1 125 164
2 493 164 369 164
0
2 411 164 466 164
0
0
3 36 164 63 164 887 164
3 933 164 116 164 546 164
2 707 164 382 164
2 74 164 856 164
3 738 164 909 164 23 164
1 810 164
2 225 164 24 164
1 783 164
1 7 164
3 391 164 443 164 543 164
2 281 164 757 164
4 931 164 892 164 626 164 305 164
3 685 164 334 164 906 164
3 392 164 121 164 422 164
0
2 906 164 237 164
1 579 164
0
3 546 164 497 164 75 164
2 249 164 706 164
3 50 164 524 164 301 164
1 153 164
5 514 164 794 164 847 164 436 164 399 164
1 564 164
2 790 164 612 164
1 125 164
2 195 164 425 164
3 2 164 355 164 119 164
1 745 164
3 91 164 656 164 535 164
2 344 164 176 164
0
2 101 164 184 164
1 531 164
3 653 164 513 164 388 164
1 243 164
2 868 164 935 164
3 813 164 671 164 88 164
0
3 469 164 872 164 90 164
2 410 164 174 164
3 61 164 363 164 299 164
2 840 164 194 164
2 328 164 470 164
2 852 164 549 164
2 521 164 934 164
2 863 164 707 164
1 119 164
2 740 164 211 164
1 736 164
2 386 164 907 164
3 326 164 721 164 114 164
3 169 164 869 164 610 164
3 775 164 354 164 915 164
1 364 164
2 164 164 698 164
1 561 164
1 417 164
3 297 164 664 164 704 164
1 661 164
2 797 164 529 164
3 134 164 916 164 107 164
0
2 652 164 834 164
1 412 164
0
3 750 164 855 164 922 164
3 915 164 647 164 141 164
3 501 164 460 164 329 164
2 674 164 928 164
3 91 164 590 164 726 164
2 841 164 570 164
0
2 97 164 260 164
3 460 164 247 164 722 164
0
1 373 164
1 282 164
1 568 164
3 67 164 889 164 297 164
2 525 164 638 164
0
0
1 171 164
1 71 164
2 75 164 878 164
0
1 817 164
0
2 840 164 250 164
3 88 164 819 164 332 164
3 887 164 103 164 499 164
4 290 164 758 164 300 164 824 164
3 572 164 66 164 629 164
0
1 555 164
2 728 164 134 164
0
3 199 164 224 164 807 164
2 736 164 476 164
1 604 164
1 938 164
3 165 164 255 164 382 164
3 934 164 250 164 224 164
3 400 164 704 164 214 164
2 618 164 152 164
1 78 164
3 51 164 512 164 642 164
2 848 164 732 164
0
3 415 164 130 164 854 164
2 905 164 465 164
0
3 605 164 693 164 513 164
3 210 164 641 164 371 164
2 24 164 78 164
2 571 164 274 164
3 501 164 448 164 136 164
1 402 164
3 112 164 282 164 112 164
0
1 119 164
3 396 164 23 164 170 164
1 791 164
3 543 164 715 164 227 164
1 439 164
2 883 164 28 164
1 611 164
3 127 164 2 164 70 164
2 605 164 7 164
5 41 164 31 164 108 164 96 164 345 164
2 146 164 270 164
1 835 164
2 97 164 827 164
3 654 164 521 164 513 164
3 220 164 894 164 352 164
0
3 206 164 197 164 278 164
2 817 164 667 164
1 438 164
2 102 164 141 164
2 521 164 171 164
1 338 164
1 293 164
2 476 164 647 164
3 120 164 102 164 748 164
5 394 164 408 164 703 164 921 164 272 164
3 465 164 725 164 518 164
3 535 164 119 164 653 164
1 399 164
3 547 164 434 164 915 164
1 840 164
1 784 164
2 32 164 10 164
0
3 333 164 895 164 187 164
1 859 164
4 122 164 500 164 489 164 351 164
1 491 164
3 113 164 647 164 469 164
2 820 164 439 164
1 29 164
2 181 164 827 164
3 556 164 589 164 572 164
3 934 164 934 164 934 164
1 212 164
8 128 164 342 164 145 164 222 164 16 164 861 164 252 164 263 164
1 365 164
1 166 164
2 144 164 589 164
4 185 164 157 164 806 164 577 164
3 223 164 739 164 807 164
2 767 164 787 164
1 657 164
3 607 164 282 164 476 164
1 665 164
2 903 164 617 164
5 606 164 432 164 879 164 527 164 633 164
2 282 164 349 164
3 85 164 327 164 501 164
0
2 543 164 644 164
7 288 164 35 164 49 164 614 164 383 164 914 164 281 164
3 105 164 247 164 6 164
3 817 164 315 164 223 164
2 15 164 138 164
1 848 164
0
1 521 164
1 78 164
2 57 164 551 164
1 445 164
4 630 164 645 164 111 164 853 164
0
0
2 926 164 816 164
2 849 164 241 164
3 864 164 336 164 650 164
1 725 164
2 698 164 848 164
3 78 164 23 164 678 164
2 623 164 245 164
1 932 164
3 831 164 140 164 673 164
0
3 429 164 144 164 319 164
1 245 164
3 762 164 479 164 10 164
0
2 817 164 517 164
1 521 164
2 89 164 829 164
1 224 164
0
3 370 164 563 164 343 164
1 782 164
2 310 164 82 164
2 647 164 345 164
3 732 164 736 164 701 164
0
3 817 164 627 164 30 164
0
1 462 164
1 548 164
3 57 164 181 164 884 164
2 757 164 886 164
3 213 164 779 164 152 164
3 335 164 236 164 565 164
5 523 164 503 164 44 164 461 164 26 164
2 588 164 266 164
3 12 164 937 164 531 164
4 615 164 658 164 805 164 651 164
1 32 164
3 620 164 167 164 578 164
2 348 164 70 164
2 800 164 785 164
0
0
0
1 78 164
1 859 164
7 682 164 850 164 205 164 718 164 421 164 80 164 763 164
2 198 164 875 164
2 284 164 75 164
2 266 164 465 164
2 7 164 387 164
1 90 164
1 30 164
1 529 164
0
0
0
2 240 164 684 164
1 926 164
3 135 164 113 164 633 164
0
1 699 164
3 554 164 353 164 180 164
2 21 164 510 164
1 845 164
2 490 164 791 164
2 587 164 204 164
3 600 164 760 164 491 164
3 599 164 121 164 40 164
3 194 164 207 164 460 164
2 439 164 859 164
2 923 164 502 164
2 833 164 754 164
7 253 164 890 164 147 164 149 164 372 164 46 164 312 164
1 816 164
2 171 164 399 164
2 98 164 775 164
3 665 164 893 164 338 164
2 221 164 52 164
3 109 164 246 164 927 164
3 45 164 859 164 934 164
3 715 164 748 164 382 164
6 778 164 459 164 753 164 409 164 720 164 64 164
1 582 164
4 208 164 719 164 669 164 642 164
2 137 164 589 164
3 446 164 715 164 329 164
4 323 164 453 164 786 164 466 164
2 203 164 24 164
1 665 164
2 33 164 224 164
2 848 164 767 164
2 632 164 632 164
1 466 164
2 565 164 254 164
2 125 164 125 164
3 788 164 477 164 166 164
3 63 164 303 164 420 164
3 664 164 686 164 297 164
3 308 164 458 164 883 164
2 918 164 285 164
3 102 164 591 164 576 164
3 678 164 78 164 693 164
7 717 164 789 164 5 164 139 164 423 164 237 164 136 164
2 638 164 569 164
1 550 164
1 366 164
2 177 164 344 164
3 634 164 62 164 812 164
3 715 164 537 164 181 164
1 460 164
3 196 164 259 164 915 164
3 355 164 684 164 245 164
1 905 164
1 440 164
3 266 164 565 164 210 164
2 181 164 805 164
3 701 164 133 164 171 164
3 255 164 712 164 672 164
1 427 164
1 840 164
1 715 164
3 168 164 194 164 282 164
2 622 164 673 164
1 835 164
3 60 164 19 164 344 164
0
3 510 164 501 164 886 164
3 347 164 734 164 57 164
0
6 492 164 540 164 534 164 573 164 268 164 601 164
1 55 164
3 319 164 33 164 32 164
1 502 164
2 591 164 647 164
3 618 164 456 164 79 164
3 426 164 529 164 825 164
2 22 164 567 164
0
0
3 2 164 472 164 690 164
2 678 164 787 164
3 547 164 849 164 748 164
3 434 164 211 164 122 164
0
1 146 164
2 526 164 765 164
1 647 164
3 798 164 435 164 156 164
2 12 164 621 164
3 776 164 508 164 927 164
2 378 164 706 164
3 212 164 857 164 297 164
3 713 164 20 164 834 164
2 426 164 531 164
1 517 164
1 819 164
1 463 164
0
2 440 164 675 164
1 835 164
0
2 52 164 476 164
1 622 164
2 590 164 54 164
3 584 164 292 164 458 164
2 522 164 374 164
2 716 164 485 164
3 455 164 562 164 388 164
1 198 164
3 644 164 787 164 721 164
3 387 164 837 164 150 164
1 748 164
0
0
0
2 935 164 118 164
3 348 164 446 164 516 164
2 244 164 766 164
3 77 164 925 164 516 164
0
3 867 164 469 164 168 164
0
2 256 164 441 164
2 454 164 78 164
3 257 164 450 164 480 164
2 871 164 529 164
1 927 164
2 351 164 399 164
3 594 164 849 164 896 164
1 436 164
1 501 164
1 522 164
1 365 164
4 242 164 708 164 261 164 677 164
2 73 164 109 164
2 622 164 820 164
1 250 164
1 530 164
1 18 164
5 891 164 68 164 773 164 287 164 175 164
3 878 164 517 164 639 164
1 872 164
4 822 164 337 164 761 164 701 164
2 338 164 739 164
1 727 164
3 551 164 762 164 904 164
1 874 164
0
0
2 756 164 768 164
2 297 164 18 164
2 565 164 120 164
3 935 164 463 164 434 164
0
1 24 164
3 714 164 399 164 699 164
3 570 164 926 164 245 164
1 820 164
1 424 164
0
2 566 164 177 164
3 619 164 55 164 898 164
3 424 164 176 164 567 164
1 867 164
2 99 164 636 164
6 746 164 17 164 58 164 201 164 330 164 114 164
1 678 164
3 124 164 467 164 133 164
3 924 164 662 164 190 164
3 301 164 607 164 502 164
0
1 711 164
2 379 164 38 164
2 486 164 224 164
3 521 164 862 164 71 164
2 901 164 250 164
4 4 164 393 164 609 164 100 164
3 212 164 888 164 533 164
3 12 164 532 164 28 164
1 249 164
9 598 164 162 164 585 164 586 164 494 164 233 164 741 164 887 164 428 164
2 881 164 25 164
3 254 164 11 164 329 164
1 324 164
1 148 164
3 843 164 670 164 733 164
2 265 164 706 164
4 687 164 818 164 724 164 733 164
0
4 360 164 558 164 304 164 605 164
2 815 164 738 164
1 742 164
0
3 938 164 595 164 260 164
2 470 164 181 164
4 193 164 13 164 597 164 814 164
3 151 164 271 164 779 164
3 560 164 528 164 452 164
3 403 164 216 164 285 164
3 509 164 751 164 214 164
3 802 164 780 164 294 164
1 883 164
1 555 164
0
1 36 164
3 448 164 23 164 109 164
2 526 164 553 164
3 363 164 110 164 886 164
2 303 164 361 164
4 291 164 821 164 649 164 759 164
4 384 164 377 164 676 164 112 164
3 311 164 905 164 12 164
0
2 279 164 866 164
2 607 164 622 164
1 622 164
3 875 164 768 164 45 164
2 873 164 344 164
0
2 467 164 913 164
3 115 164 840 164 912 164
1 356 164
1 460 164
1 569 164
1 532 164
2 627 164 308 164
1 896 164
3 922 164 934 164 125 164
1 199 164
1 863 164
1 81 164
1 675 164
3 413 164 165 164 300 164
2 284 164 392 164
1 594 164
2 86 164 678 164
1 382 164
7 911 164 539 164 298 164 900 164 275 164 612 164 478 164
3 667 164 644 164 776 164
3 50 164 140 164 70 164
1 674 164
2 118 164 651 164
1 862 164
3 402 164 605 164 521 164
3 867 164 121 164 209 164
2 155 164 123 164
1 934 164
3 289 164 544 164 652 164
2 346 164 201 164
2 439 164 382 164
0
2 870 164 276 164
0
3 376 164 543 164 927 164
3 472 164 498 164 112 164
2 616 164 450 164
2 899 164 575 164
2 491 164 216 164
2 246 164 729 164
0
0
3 596 164 141 164 859 164
0
3 714 164 722 164 938 164
2 771 164 109 164
1 678 164
1 525 164
3 295 164 390 164 825 164
3 424 164 71 164 207 164
0
1 867 164
2 402 164 575 164
1 852 164
3 250 164 767 164 622 164
2 106 164 133 164
0
1 382 164
3 826 164 332 164 884 164
3 549 164 580 164 329 164
2 18 164 135 164
1 73 164
3 232 164 192 164 937 164
0
2 282 164 209 164
1 497 164
3 182 164 880 164 855 164
2 345 164 470 164
4 624 164 418 164 692 164 283 164
3 757 164 73 164 25 164
3 518 164 33 164 701 164
2 828 164 378 164
1 419 164
3 513 164 521 164 926 164
0
1 745 164
2 466 164 721 164
2 857 164 792 164
3 795 164 819 164 10 164
3 10 164 871 164 487 164
2 78 164 516 164
1 472 164
0
1 545 164
2 302 164 307 164
3 53 164 646 164 91 164
3 439 164 199 164 678 164
2 681 164 293 164
5 858 164 438 164 602 164 553 164 507 164
2 877 164 597 164
2 225 164 125 164
0
3 395 164 469 164 376 164
7 104 164 407 164 449 164 888 164 76 164 726 164 416 164
2 934 164 112 164
2 840 164 840 164
2 23 164 382 164
5 781 164 832 164 710 164 916 164 604 164
2 83 164 447 164
3 274 164 552 164 475 164
3 729 164 472 164 651 164
3 39 164 43 164 589 164
0
0
1 223 164
2 382 164 24 164
3 926 164 518 164 113 164
