778
7 281 54 219 266 371 175 99 274 125 120 658 64 21 36
1 306 254
1 350 256
1 53 214
2 605 80 572 116
0
7 660 121 390 224 769 293 85 173 726 169 719 279 698 194
0
1 567 166
0
0
2 172 91 651 171
0
1 118 292
2 101 54 165 204
0
0
0
0
0
0
1 701 111
0
2 637 175 443 240
0
0
0
1 89 109
0
1 27 277
0
1 180 28
1 684 0
2 117 257 481 16
0
1 504 87
0
3 343 58 190 8 604 36
0
1 338 73
0
2 730 272 529 232
0
0
3 83 50 122 259 657 177
1 520 228
7 423 46 479 282 553 21 179 252 380 52 712 66 93 56
0
0
0
0
2 617 101 32 170
1 258 35
0
1 13 156
1 39 218
6 497 40 427 36 253 69 439 132 193 142 678 168
1 199 257
1 312 164
0
3 620 159 133 176 601 131
1 754 276
0
1 9 132
2 549 96 538 240
0
0
1 296 282
2 606 185 266 43
1 269 188
2 611 3 191 64
1 577 185
2 503 82 231 162
0
0
0
0
0
0
3 252 76 150 267 568 10
1 742 34
2 673 3 452 262
2 205 200 714 60
0
2 45 59 647 286
0
0
3 81 12 471 17 98 8
1 144 157
0
0
0
0
0
0
0
0
0
5 581 286 287 155 413 153 71 181 661 81
1 473 242
1 534 114
2 485 132 693 232
0
1 358 124
0
1 340 193
0
1 751 12
1 96 277
0
2 759 53 573 295
0
0
0
5 387 201 408 261 438 12 664 242 249 296
0
4 311 272 248 7 55 89 582 74
0
0
0
2 569 221 725 86
1 477 131
0
2 288 268 129 161
2 156 281 515 91
0
1 175 91
0
1 756 71
0
0
0
0
0
0
0
4 486 183 636 158 285 298 339 153
0
1 487 264
1 431 154
0
4 415 148 594 149 178 27 723 295
3 691 178 75 57 557 91
0
0
1 669 283
0
0
1 43 222
1 201 216
2 749 158 432 223
4 396 253 638 201 325 271 626 283
1 316 125
1 346 48
0
1 715 120
1 616 206
0
2 461 109 182 297
2 301 269 187 55
3 331 15 511 20 291 133
0
0
1 695 198
0
0
5 738 66 234 36 324 294 189 92 255 110
0
1 278 200
0
0
0
3 197 0 376 90 429 69
1 323 73
0
0
3 544 295 716 11 95 129
2 775 252 539 236
5 645 143 128 257 369 197 768 240 364 133
0
1 744 137
3 335 10 778 23 275 273
1 329 35
0
5 237 142 425 134 666 56 551 1 446 137
0
0
0
3 177 251 322 51 731 134
2 218 15 406 222
0
1 418 77
1 337 123
1 470 268
0
5 686 3 34 103 313 195 507 136 267 104
2 465 124 536 230
1 383 77
0
0
0
2 106 127 292 290
3 422 22 188 147 200 57
5 469 139 587 98 609 284 272 77 735 68
0
0
0
0
1 70 86
0
0
1 761 230
4 389 119 765 25 146 32 265 257
1 659 271
0
5 149 245 259 295 466 213 451 255 236 293
0
0
6 349 243 583 250 634 162 441 61 391 182 90 186
1 586 59
2 579 23 459 5
1 50 81
0
0
0
0
4 500 288 683 21 91 38 243 37
2 709 58 37 216
4 227 224 367 250 774 65 393 100
0
0
1 103 16
0
3 24 169 116 246 109 106
0
0
5 137 173 593 138 554 256 353 55 585 84
4 7 66 713 235 202 216 211 137
1 210 108
0
0
1 168 169
0
0
1 152 168
0
4 195 161 30 44 732 124 362 12
0
1 635 73
0
1 67 155
1 184 64
1 447 287
1 566 68
0
1 771 133
2 505 187 757 224
0
1 183 257
2 42 28 290 194
0
0
0
2 625 50 320 142
1 599 173
1 517 207
2 56 34 78 55
2 464 54 592 0
0
0
3 221 36 214 137 192 109
0
1 394 185
3 752 112 652 202 627 143
0
2 402 252 52 251
1 667 158
0
0
0
2 434 176 142 53
2 167 120 450 231
0
0
2 368 263 563 49
1 697 188
3 299 180 476 19 38 134
1 468 149
0
2 411 225 162 12
0
0
0
1 495 100
1 717 280
0
1 421 14
0
1 363 298
0
1 354 203
0
0
0
1 748 152
0
0
0
1 246 205
0
0
0
0
5 711 140 736 82 347 215 392 239 161 272
0
0
0
0
1 750 54
0
1 720 162
0
1 760 72
2 493 154 708 75
0
0
1 454 9
1 86 77
1 304 135
0
0
0
0
2 542 127 92 93
1 163 260
0
1 138 38
0
0
1 303 97
1 360 191
0
0
0
1 35 95
0
4 747 287 694 72 513 227 169 227
1 82 129
4 282 70 395 38 670 174 615 21
0
2 229 38 535 234
1 31 180
0
1 153 217
1 352 295
0
1 3 234
2 51 263 687 145
1 333 275
1 519 113
0
0
0
0
0
0
2 710 264 397 269
0
2 19 124 84 125
0
7 47 266 57 63 524 176 570 156 238 271 216 12 17 128
0
0
1 508 299
2 372 273 668 74
0
2 409 12 268 260
0
0
2 639 175 528 202
1 212 26
0
0
1 490 60
0
0
3 522 70 654 153 222 142
1 113 134
0
2 300 192 721 96
0
0
1 674 186
3 613 164 437 205 526 7
4 375 40 449 263 514 91 671 93
1 33 157
1 384 132
2 48 86 682 56
0
1 225 259
1 737 194
3 531 229 378 72 365 179
0
0
1 690 10
0
0
2 28 74 457 49
1 213 151
3 412 74 623 117 591 69
0
1 208 163
4 733 276 435 265 545 92 254 112
0
3 502 101 642 283 374 86
0
3 607 54 276 17 235 32
0
0
1 108 232
0
1 29 104
4 351 185 203 260 102 23 186 255
1 428 13
1 727 250
0
1 4 119
0
0
1 718 120
1 703 5
0
0
1 578 181
1 370 218
0
0
6 157 88 734 201 403 120 407 294 743 37 16 271
0
0
1 54 131
0
1 474 260
0
0
0
3 132 111 561 250 232 291
6 73 165 556 267 410 3 283 168 433 123 597 280
0
0
1 558 289
0
0
0
0
0
0
5 65 211 247 129 2 44 776 204 155 101
0
1 217 72
2 123 246 181 160
3 260 29 124 130 414 15
0
1 41 208
1 206 217
2 689 99 170 250
3 444 79 565 74 772 45
1 309 114
6 644 179 264 4 256 191 220 105 656 22 130 140
0
1 643 167
1 621 85
0
0
0
4 740 17 279 141 608 44 537 100
0
1 141 210
4 196 295 571 145 115 29 746 156
2 436 201 662 282
0
1 361 77
0
0
2 398 65 270 282
5 328 75 512 38 426 26 251 65 119 239
0
0
0
0
2 147 212 496 185
0
1 705 112
0
0
0
7 94 208 462 67 766 297 552 39 274 135 540 19 5 263
2 702 33 10 128
0
2 310 84 706 39
0
3 271 37 74 111 424 187
5 704 117 685 85 491 180 501 247 164 208
0
3 341 83 317 120 622 45
0
3 159 277 467 192 308 90
0
0
3 307 44 699 238 442 172
0
0
2 404 198 550 241
1 63 52
0
0
0
0
0
0
0
0
1 134 82
3 532 221 88 138 516 1
0
0
1 543 268
2 560 50 672 173
0
1 111 85
0
2 355 7 348 241
0
0
3 547 41 171 221 373 252
0
0
0
0
5 377 262 64 113 590 290 68 268 677 180
1 600 35
0
0
1 498 55
1 416 215
2 166 98 614 150
2 160 97 135 32
1 562 257
0
0
1 777 71
2 618 220 388 87
6 314 190 382 148 482 295 131 122 574 107 176 104
2 460 261 58 58
0
2 356 281 97 175
1 198 1
2 49 224 764 24
0
3 379 38 555 96 366 289
2 773 210 59 170
0
2 321 23 46 118
0
0
0
0
0
0
2 401 53 12 245
2 445 197 305 40
0
0
0
0
0
0
3 139 238 11 243 533 236
0
2 257 164 483 65
5 631 166 174 5 458 78 417 201 121 202
0
4 580 29 228 7 692 284 286 168
0
0
0
4 334 56 298 95 455 98 240 294
4 595 135 763 110 489 164 386 79
0
1 405 154
0
0
3 456 50 61 177 602 62
1 154 212
1 293 264
2 239 273 143 107
0
0
0
0
0
0
0
0
0
0
6 527 33 753 66 344 232 745 210 679 291 120 33
0
0
1 628 152
0
2 261 189 148 71
1 244 80
1 76 87
0
3 741 95 289 218 245 204
0
3 357 285 649 82 104 129
0
2 241 182 722 292
0
2 158 20 559 287
2 488 9 509 108
2 14 133 385 68
0
0
2 79 253 700 207
0
3 480 165 650 137 653 23
0
1 629 220
2 6 53 126 135
0
1 598 207
0
1 472 70
1 318 163
0
0
0
0
4 107 75 315 131 564 169 632 45
0
0
4 242 21 250 21 145 7 680 10
1 548 208
2 584 12 640 263
0
1 523 24
0
0
1 15 228
2 280 251 100 282
2 114 19 332 202
0
0
2 127 219 521 151
0
1 655 269
1 546 236
0
1 40 93
0
0
1 478 185
0
0
0
0
1 336 140
1 140 80
0
2 663 224 8 287
0
2 319 207 525 96
0
0
1 610 104
3 223 31 729 278 576 197
0
1 297 57
0
1 72 89
0
1 430 62
7 185 211 739 148 448 144 204 48 207 274 209 88 475 133
0
2 440 68 345 203
1 277 166
0
1 136 19
1 492 138
0
0
0
1 453 216
0
0
1 648 67
0
0
1 707 246
0
0
2 499 88 330 236
0
0
1 60 92
0
2 624 267 233 170
3 588 292 541 299 596 54
1 359 142
2 603 172 646 153
0
1 23 267
1 641 71
0
0
0
0
0
1 302 72
1 226 143
0
1 767 176
2 18 155 484 81
0
0
0
0
0
1 724 172
3 66 272 26 140 342 228
1 110 82
1 36 161
5 530 169 589 298 327 263 696 166 87 238
2 151 173 173 79
2 80 101 419 223
1 681 146
2 633 46 575 215
3 665 151 612 37 762 281
3 273 15 295 276 112 101
0
0
0
0
2 688 201 728 275
0
0
0
1 263 237
3 399 288 381 98 25 230
2 105 181 400 162
0
3 69 161 420 284 676 133
0
3 22 147 77 198 506 87
1 630 38
1 294 22
1 215 74
0
1 62 73
0
0
1 284 129
3 675 147 755 38 510 130
0
1 463 74
3 758 293 494 71 262 21
0
1 619 40
1 224 185
3 20 162 326 282 770 41
2 44 202 230 140
2 194 192 518 112
0
0
0
