367
20 298 53 321 208 288 192 182 69 172 222 109 124 191 41 145 259 55 70 81 99 366 108 266 109 167 10 85 55 7 128 13 4 285 176 269 41 186 125 104 86
3 188 254 160 71 328 286
9 24 81 121 134 32 34 24 146 24 297 121 213 24 61 32 40 254 131
18 147 120 94 89 121 14 303 277 293 214 2 111 7 116 86 201 229 214 275 84 47 215 344 93 356 213 239 199 164 21 179 229 318 125 287 204
18 264 237 135 179 87 253 135 125 57 53 313 78 166 85 67 16 261 88 126 36 207 86 222 182 85 59 66 55 254 75 226 167 357 119 181 218
10 79 221 181 93 98 266 263 168 285 216 330 114 15 209 25 82 185 203 88 287
10 156 253 359 90 32 208 156 200 170 75 190 284 140 267 166 183 12 101 283 257
20 60 100 338 189 240 144 255 296 30 43 308 2 367 153 357 268 188 41 207 167 212 117 305 184 359 128 216 81 338 132 260 197 121 179 247 109 36 146 313 147
7 124 81 113 213 203 204 300 209 87 287 231 131 161 300
18 71 171 190 108 69 191 54 131 253 1 186 199 3 219 186 140 254 218 166 105 160 106 272 293 12 230 85 149 166 177 12 278 328 253 262 101
17 52 133 144 105 5 141 240 91 218 16 101 161 108 197 97 30 93 129 330 152 260 194 138 54 273 232 106 178 181 164 338 291 113 31
19 306 175 121 209 328 104 32 23 13 43 306 205 212 129 324 74 190 70 324 296 306 142 32 260 24 19 190 59 290 180 188 46 166 147 181 247 102 185
15 32 175 254 116 3 261 3 170 166 139 306 65 3 262 24 248 3 231 254 42 254 115 32 175 3 257 121 32 3 115
12 26 43 319 253 87 267 208 90 289 297 92 258 324 263 289 24 306 251 174 232 232 94 34 154
20 163 225 84 73 232 171 46 188 167 290 72 291 7 143 222 96 244 165 250 161 24 63 167 4 282 252 328 144 144 47 336 278 258 294 337 224 276 179 217 103
13 240 94 59 149 57 139 232 47 245 92 294 15 92 91 262 52 362 68 226 300 352 259 152 154 364 138
20 137 97 156 259 67 57 121 74 306 211 283 247 91 145 253 82 333 238 121 16 116 93 283 184 334 298 153 237 334 110 364 180 233 38 254 197 160 135 324 169
8 320 153 165 76 230 8 268 138 45 285 83 253 242 92 19 219
19 71 131 272 300 347 35 242 25 60 289 197 240 140 3 204 66 12 222 170 238 241 44 361 130 277 256 36 187 161 118 57 188 204 93 16 208 104 124
19 264 69 32 87 119 60 238 153 348 79 2 234 222 24 174 249 224 205 238 208 69 173 119 110 32 184 87 242 315 203 39 76 82 231 174 18 101 126
10 318 83 217 170 93 88 113 185 71 275 152 206 212 221 255 98 340 4 212 251
9 66 253 166 3 323 221 333 294 108 148 191 236 173 276 2 187 137 17
7 54 115 313 28 359 242 166 30 125 225 295 152 334 51
20 166 283 32 201 32 126 166 258 166 49 166 85 166 96 166 261 166 72 32 230 32 223 32 192 32 169 32 186 254 128 166 237 306 8 254 171 166 256 32 87
19 96 259 211 42 121 197 74 224 71 137 262 129 160 296 238 75 52 263 273 170 364 8 262 297 62 112 305 55 311 213 245 157 169 120 264 256 294 135
2 273 267 253 189
0
4 117 264 302 254 136 152 102 162
11 94 227 69 33 43 154 336 10 104 265 207 297 93 129 264 191 236 25 38 289 271 25
1 93 64
3 123 98 282 32 128 244
12 254 248 254 148 254 198 254 186 254 172 254 206 254 74 254 203 254 47 254 277 254 263 254 277
18 20 268 335 178 20 173 36 189 347 63 232 140 352 136 249 248 166 197 191 179 212 119 26 61 362 103 328 246 364 284 249 288 119 105 203 27
5 294 245 306 237 91 244 12 48 295 95
3 304 39 221 185 95 201
17 361 234 91 190 191 40 140 298 324 283 281 233 121 49 82 207 273 5 357 248 181 198 69 81 255 92 261 23 116 39 40 102 91 230
2 206 209 313 244
17 357 8 186 135 357 243 294 18 346 157 3 269 359 4 140 246 254 126 364 116 253 27 188 65 290 130 333 158 272 177 170 33 357 52
14 212 134 311 153 160 249 245 250 174 249 3 62 328 6 333 111 24 223 181 265 346 164 186 231 7 241 190 117
5 7 91 251 277 305 79 251 132 153 70
19 184 159 347 173 276 222 76 78 357 53 161 41 175 216 332 89 49 49 174 137 144 104 82 73 311 260 221 74 7 18 104 60 261 113 19 199 11 233
15 223 275 97 85 150 20 222 19 115 214 214 109 240 173 171 234 40 36 364 98 124 65 304 4 257 169 150 194 112 1
17 247 52 212 116 329 69 247 35 105 197 13 176 170 7 203 229 17 220 46 243 276 73 104 131 247 95 333 73 152 166 66 96 216 85
4 168 220 41 254 325 33 74 142
6 65 175 138 174 258 238 301 45 262 224 254 22
9 240 156 272 2 153 57 5 72 308 208 54 123 102 130 23 47 57 280
20 30 45 81 140 152 297 59 155 100 29 19 215 202 38 74 268 109 200 340 161 157 257 270 22 310 193 81 293 16 152 364 40 360 158 300 173 144 200 312 53
4 80 296 278 82 269 226 176 255
13 170 146 191 247 73 283 119 171 190 243 307 7 170 272 186 116 271 207 67 53 272 118 294 181 282 127
2 4 259 196 176
9 30 248 71 91 257 113 190 239 253 146 133 125 116 218 114 230 232 85
5 66 291 346 228 169 90 102 141 224 26
12 148 222 67 259 254 32 313 32 360 241 102 237 135 85 239 37 36 227 219 205 337 244 262 28
16 125 275 125 187 190 130 313 254 222 145 311 121 91 276 254 143 212 51 13 275 357 59 212 2 212 228 188 214 306 142 32 257
7 11 294 221 8 258 100 208 225 255 17 89 46 92 113
10 257 144 103 60 309 26 333 155 340 236 22 43 346 123 214 228 173 110 342 18
9 32 274 357 254 166 85 24 119 324 228 305 97 224 57 207 120 87 37
12 156 215 153 162 211 178 247 121 290 236 91 211 60 182 211 26 352 245 96 46 367 109 111 240
1 71 96
1 111 174
6 344 60 270 170 222 212 26 127 144 16 314 216
16 190 185 250 173 67 299 255 161 82 300 24 201 254 142 319 202 222 251 245 275 313 176 254 126 333 202 360 86 87 69 153 188
15 354 46 351 1 11 7 324 214 332 230 322 228 236 163 245 247 188 17 344 138 52 215 228 234 275 209 340 248 61 287
1 259 56
17 105 293 104 196 112 266 262 211 60 76 251 72 153 285 191 236 87 232 356 291 318 218 245 164 110 17 256 197 191 208 153 55 109 255
20 7 149 166 220 32 179 24 167 140 197 290 157 82 168 251 100 290 218 251 11 13 183 156 164 328 82 212 139 32 278 166 132 169 246 334 75 121 210 283 153
8 57 291 170 11 180 286 224 133 212 154 313 34 328 182 324 265
1 43 165
18 190 99 140 234 111 222 255 120 357 29 306 146 102 71 17 98 294 137 140 109 135 7 233 248 87 178 311 85 338 246 283 263 360 80 85 140
11 150 226 304 56 155 42 148 158 271 75 229 40 198 77 346 249 231 272 319 66 74 123
7 52 106 87 47 226 1 346 126 181 216 116 161 91 40
14 330 2 43 238 188 2 54 292 39 250 179 230 98 24 11 70 183 285 337 159 349 115 311 51 11 140 9 169
2 289 276 255 197
1 334 48
6 33 219 257 184 83 152 296 176 287 25 361 61
10 91 22 187 88 144 62 258 122 231 107 356 43 9 172 66 55 202 38 242 262
11 190 12 154 246 38 195 95 57 212 51 360 104 93 182 309 52 226 146 133 97 128 153
10 307 46 259 262 250 239 87 183 39 100 135 188 351 60 104 114 149 175 3 119
5 283 207 166 277 121 82 85 37 116 21
10 118 73 304 144 234 193 78 3 116 167 276 203 181 134 10 216 23 69 127 14
9 87 2 62 256 352 237 240 45 186 218 283 46 153 207 59 33 88 152
1 254 121
12 113 154 126 167 89 256 348 246 152 118 310 177 319 73 352 227 272 5 37 89 81 139 317 169
16 189 92 161 253 231 227 294 87 126 14 79 190 87 137 144 203 273 104 174 125 208 7 333 138 206 273 191 189 17 60 217 4
6 306 45 57 94 233 33 112 157 152 143 334 123
8 115 99 40 299 328 94 187 260 174 2 105 133 240 194 308 231
4 251 190 290 143 152 291 346 20
15 181 259 273 92 308 298 208 177 211 114 226 102 101 46 36 189 5 187 36 131 140 42 20 11 40 293 119 203 125 280
6 5 276 222 229 310 36 205 295 159 267 133 6
17 28 234 63 40 365 81 56 167 44 146 342 253 236 84 251 17 16 263 125 199 199 80 123 277 176 269 307 254 41 58 356 147 151 220
17 324 132 359 106 181 109 180 29 3 84 254 85 102 58 181 282 12 294 102 91 181 107 306 64 140 78 334 18 166 255 140 155 180 145
20 174 278 180 152 190 232 170 25 13 131 224 73 116 68 357 268 12 3 254 142 166 70 273 179 254 227 190 9 364 219 3 190 39 216 226 254 212 119 54 59
13 101 86 349 71 349 289 3 27 113 66 104 6 205 283 364 132 139 129 88 46 233 57 121 210 190 271
4 265 136 273 290 265 128 218 7
17 222 238 112 84 283 113 36 119 347 114 23 288 273 13 39 21 262 141 357 21 59 140 305 248 212 162 23 176 133 193 74 220 167 40
9 137 162 346 112 82 140 181 240 295 157 137 291 13 26 204 219 294 20
14 87 209 24 129 81 94 253 5 167 255 231 112 364 194 174 211 226 227 135 90 238 62 229 200 66 263 205 42
20 14 150 188 214 300 256 113 67 103 204 102 58 36 264 212 190 264 167 14 275 27 23 247 148 124 201 337 18 309 3 239 116 169 33 156 32 120 83 24 104
8 317 285 91 138 45 16 342 239 86 174 125 185 85 237 119 5
7 108 12 217 83 239 273 26 81 359 70 343 182 273 177
15 2 158 17 111 85 97 276 272 32 265 338 202 102 255 3 40 253 101 116 184 348 58 333 161 305 129 254 99 102 169
15 181 76 306 144 253 187 121 133 13 134 13 224 13 106 254 99 3 37 190 153 32 242 306 183 166 149 181 84 24 39
9 357 32 71 94 59 160 153 58 20 140 232 24 2 255 232 106 181 176
3 74 50 290 93 87 146
1 352 11
13 74 130 222 14 323 120 276 128 25 275 205 227 294 34 287 278 40 144 69 82 126 30 27 183 328 0
9 131 205 54 288 65 61 145 165 313 272 269 86 339 268 359 25 183 275
8 251 297 305 78 349 99 362 156 241 235 36 159 3 201 32 245
19 189 14 362 290 104 251 343 55 52 140 254 245 7 131 152 66 222 291 305 58 364 10 238 109 238 133 262 174 324 97 58 289 361 55 104 84 362 50
7 24 241 174 160 104 141 324 118 32 102 87 75 315 76
20 24 122 346 78 328 164 346 253 121 233 3 172 254 12 156 221 13 147 121 20 346 98 12 65 222 242 328 127 254 277 181 147 156 130 233 189 308 168 188 229
18 250 200 156 115 170 16 346 103 24 225 121 2 319 199 305 254 121 250 170 50 13 262 328 87 319 152 3 159 306 231 102 98 156 77 180 96
12 39 212 204 271 319 78 283 73 156 159 364 18 226 259 87 59 360 4 364 174 87 268 245 119
3 73 277 332 212 253 256
19 283 219 231 158 119 143 324 37 191 72 289 91 357 91 10 39 240 185 247 208 13 286 40 225 116 169 97 21 262 136 156 278 128 149 338 107 124 134
9 3 107 152 13 319 117 338 300 3 90 186 23 12 42 245 76 360 181
18 194 92 18 48 356 18 245 136 152 260 285 154 121 293 98 27 270 178 63 89 52 141 27 57 155 150 222 91 367 196 270 234 268 166 326 86
15 214 270 92 21 349 7 361 107 148 184 359 118 251 293 367 185 69 222 77 241 12 103 125 186 349 155 322 228 78 175
14 27 87 153 69 166 245 85 157 166 20 324 222 82 262 2 158 174 37 34 43 13 160 233 272 190 248 254 69
5 104 49 137 53 46 295 96 207 359 119
5 24 41 24 46 32 132 254 134 24 116
3 68 102 200 74 64 268
16 186 170 347 63 87 37 238 41 186 292 204 161 208 27 253 102 211 40 2 210 287 95 111 10 144 122 287 87 144 214 251 160
13 232 144 329 274 16 166 13 247 362 227 261 216 66 19 226 112 174 64 232 112 54 243 106 279 67 297
4 152 195 283 17 324 148 306 261
15 153 61 346 29 364 55 254 234 328 280 186 85 272 83 311 231 311 184 319 244 7 88 251 219 313 3 111 131 348 150
12 46 31 152 248 103 201 36 172 191 57 112 84 313 15 91 113 301 186 23 244 16 164 241 215
6 333 168 141 70 249 61 362 287 332 101 305 163
5 47 234 294 157 17 100 29 121 222 147
18 19 300 86 245 114 299 160 252 214 246 216 104 165 106 22 115 201 90 111 233 164 114 192 182 338 110 116 39 315 81 357 264 43 285 293 183
1 154 80
3 260 257 238 219 186 292
16 364 149 166 83 232 289 233 107 334 156 113 300 295 193 66 145 305 37 66 275 181 97 34 253 153 114 3 129 324 14 295 213
5 193 90 329 85 352 248 118 264 198 96
14 13 144 251 79 290 180 186 32 306 173 116 163 67 293 328 45 169 287 121 92 333 125 180 290 224 64 156 272
13 269 122 209 204 92 263 360 35 205 118 38 208 267 177 209 144 64 157 189 225 86 134 78 97 317 99
11 7 41 180 5 250 142 170 263 111 52 224 298 152 150 140 63 121 16 12 8 338 162
20 198 297 287 102 261 114 208 98 23 104 352 234 26 287 115 265 259 106 32 52 328 297 204 57 217 36 95 110 85 19 39 242 224 112 314 1 273 197 357 154
0
13 121 179 102 176 306 142 290 118 3 282 3 112 190 258 190 230 121 128 13 26 166 171 190 43 102 211
2 101 64 38 71
18 210 245 178 210 283 70 355 102 319 117 57 166 174 199 192 198 115 200 65 95 324 130 29 280 63 257 308 257 84 166 78 143 27 178 300 50
8 293 250 287 67 361 118 332 227 112 265 97 133 60 11 326 250
19 315 178 262 169 240 127 67 229 273 125 101 203 198 179 137 126 212 193 170 137 333 129 295 216 137 63 348 220 13 274 153 125 111 188 69 224 240 31
6 337 254 133 96 307 121 128 114 289 11 154 257
19 353 144 15 169 299 191 338 203 160 69 348 8 268 260 188 52 112 137 45 201 294 195 351 287 249 273 346 31 4 260 120 192 221 153 13 261 110 68
4 240 110 233 212 30 182 16 271
11 85 57 34 277 360 185 161 21 305 261 187 2 198 68 174 270 11 97 137 238 277 99
20 144 100 139 174 197 254 112 103 351 247 337 251 97 149 264 211 173 209 258 128 333 31 127 18 249 284 343 175 81 276 253 48 106 143 360 36 260 177 282 195
7 216 118 25 191 10 205 232 229 265 174 180 53 217 178
2 339 43 70 78
0
9 186 119 346 208 188 278 313 118 152 42 87 50 180 204 166 74 13 5
14 39 152 105 31 86 247 98 125 265 186 332 54 208 201 96 10 248 276 46 7 67 68 317 140 113 125 307 26
12 306 17 238 241 31 133 264 78 173 41 59 222 26 73 95 38 270 92 330 144 337 107 88 16
13 91 67 3 39 357 290 334 64 190 140 212 273 359 2 140 276 82 155 102 249 102 81 121 272 251 269
1 255 92
12 195 231 323 0 40 167 293 222 24 33 52 283 167 163 5 287 291 69 20 283 60 271 124 266
10 364 192 32 224 281 72 238 287 27 175 104 152 361 181 217 6 137 194 106 250
0
12 54 196 121 263 191 259 314 171 108 248 108 42 96 30 141 205 352 293 208 62 337 293 229 256
8 175 248 311 103 51 147 197 73 83 199 248 55 232 286 159 127
19 358 66 204 197 269 280 336 269 124 96 236 18 108 204 224 228 31 19 283 147 144 149 37 145 49 137 256 282 69 145 276 45 179 31 241 220 36 191
3 265 145 133 49 115 273
6 275 252 227 291 14 1 5 132 101 292 86 131
11 306 88 306 165 306 246 306 200 254 172 254 152 306 117 306 22 32 86 32 207 306 294
19 153 167 113 1 283 271 121 48 39 285 140 110 40 48 85 133 188 181 13 170 39 29 173 2 3 214 160 220 253 108 173 27 169 50 212 19 264 189
9 120 149 303 109 92 263 40 66 305 116 267 170 349 23 185 237 133 242
6 188 130 328 166 180 290 190 120 12 196 290 103
15 12 84 156 236 251 101 319 61 12 20 224 30 188 125 308 17 102 117 82 121 290 1 181 191 359 140 324 229 190 181
6 343 242 203 270 102 241 188 298 241 179 91 272
19 107 271 209 109 53 165 147 229 103 254 159 281 169 240 195 73 306 163 251 186 101 152 360 293 135 61 189 16 30 3 307 7 102 11 313 85 95 292
1 204 205
12 7 165 180 259 272 18 137 168 328 117 111 63 224 153 346 128 137 36 251 223 54 258 364 73
18 300 234 2 15 289 80 324 71 152 138 197 295 231 41 224 287 258 213 114 36 211 180 364 245 148 179 17 151 360 174 323 265 340 150 361 13
5 337 189 167 255 226 238 171 25 247 295
19 143 140 164 63 58 237 231 285 26 16 305 266 67 246 166 257 175 208 187 179 72 35 181 222 230 76 361 45 241 137 24 273 128 125 137 140 293 272
14 254 17 310 4 20 23 282 144 340 95 113 177 165 287 89 8 283 32 360 189 352 84 296 226 356 83 73 56
18 211 45 58 179 39 42 261 269 260 272 270 100 191 78 273 221 126 235 226 236 12 209 328 21 5 132 169 41 109 216 57 177 211 186 92 78
7 290 104 253 134 328 153 253 92 181 112 212 206 24 270
19 121 95 306 143 13 84 254 201 166 247 254 249 254 96 254 249 24 119 3 179 306 186 306 69 24 59 3 112 32 175 254 210 3 145 121 109 254 243
13 366 42 75 158 243 9 215 292 285 206 31 6 86 88 180 1 82 227 178 169 107 181 199 125 167 33
13 33 29 256 229 69 43 187 121 159 83 313 110 226 225 218 79 164 277 255 195 239 241 86 235 190 174
5 57 23 52 147 190 202 224 72 173 53
4 23 154 57 77 275 101 342 237
6 251 191 212 226 169 80 324 277 24 236 7 7
8 2 251 190 142 125 49 167 62 113 280 294 104 166 200 262 9
5 121 170 13 3 166 291 212 260 190 18
15 5 125 82 201 191 262 104 28 352 229 26 231 364 35 294 43 152 197 20 113 12 58 346 67 224 67 211 117 254 255
8 306 259 121 102 306 256 13 274 121 248 3 169 181 203 121 157
11 315 117 186 56 126 201 262 36 170 22 54 286 273 114 52 194 25 289 52 108 169 250
6 367 21 110 184 310 268 258 77 150 184 36 46
3 106 299 272 50 10 193
15 130 9 76 252 2 279 58 70 173 287 4 69 183 230 98 273 63 151 135 277 339 203 135 251 170 85 147 234 65 8
3 228 0 144 175 66 53
6 286 252 52 96 76 121 356 23 239 256 37 177
20 67 19 103 30 253 212 281 60 211 54 123 156 20 251 25 127 306 150 290 108 81 64 251 129 87 141 191 23 14 152 137 118 211 158 74 25 249 219 276 256
9 137 63 245 115 357 36 364 234 34 186 57 217 224 134 17 123 254 80
13 187 36 249 209 83 295 192 45 17 226 205 245 111 300 264 245 204 109 164 225 271 250 256 42 359 294
17 267 90 145 88 322 153 9 112 133 12 105 167 227 204 44 280 301 50 42 42 17 293 202 208 306 135 44 96 219 19 282 83 169 218
7 99 28 58 216 255 220 344 218 8 175 12 120 285 235
7 312 219 52 194 336 212 104 7 239 69 69 125 85 218
9 250 257 54 130 300 117 13 80 32 213 153 8 361 184 287 132 222 140
14 190 253 170 48 208 287 87 29 7 10 82 120 2 80 276 208 85 254 334 146 240 196 174 68 66 151 52 89
4 125 150 294 109 160 229 361 229
16 67 237 166 83 255 188 16 298 167 237 314 296 95 44 282 100 346 45 133 4 40 286 315 209 113 241 121 281 190 108 67 198
8 13 183 188 244 319 93 140 129 250 37 13 260 156 82 313 154
6 348 266 169 113 67 38 121 106 67 95 87 219
16 77 119 255 194 30 10 181 128 2 24 315 115 337 136 273 128 247 179 98 171 49 262 57 148 349 49 297 103 150 259 54 207
8 158 293 86 236 176 52 27 271 64 9 181 67 241 227 67 76
5 170 88 71 154 190 110 66 179 348 109
15 24 280 306 144 13 133 121 205 166 27 13 112 102 67 102 81 254 53 190 33 3 204 181 108 102 225 24 228 290 135
13 151 84 341 108 185 40 363 148 282 17 17 82 236 180 42 193 233 155 47 260 67 285 95 64 246 91
3 11 126 236 275 245 119
16 127 230 316 161 96 224 239 268 2 233 221 154 141 39 301 131 65 296 252 88 109 216 204 134 230 225 350 1 159 249 32 20
1 113 119
12 66 176 12 160 91 131 348 3 255 176 334 229 328 282 152 151 156 237 190 199 338 241 311 32
2 229 170 111 246
2 155 22 148 254
8 37 295 108 288 81 148 361 46 152 283 142 132 223 185 183 21
18 140 1 254 202 88 164 5 227 348 186 125 29 25 111 174 80 271 210 106 22 3 138 60 194 364 143 36 245 324 259 85 46 110 97 231 290
3 82 292 290 80 3 200
17 78 109 51 104 225 246 257 48 67 250 54 212 208 14 324 272 153 238 24 51 360 71 181 211 247 194 160 101 216 54 332 33 234 174
16 169 255 169 151 328 25 12 45 313 12 251 266 338 243 169 198 188 63 357 179 181 286 334 12 338 254 306 88 181 92 324 167
6 144 230 361 141 333 16 301 67 364 228 157 47
10 272 7 364 12 222 273 82 241 305 124 233 155 324 229 7 88 324 132 313 103
10 159 250 116 239 343 9 225 71 81 0 343 128 105 186 251 156 3 231 338 41
15 197 174 26 233 96 109 16 44 12 137 282 17 103 12 313 133 254 14 260 284 67 220 313 300 91 282 91 149 253 6
4 222 181 347 227 57 269 273 47
4 121 190 212 298 81 49 106 251
18 85 120 181 158 250 59 272 160 2 98 52 226 133 217 160 145 20 34 135 193 135 51 262 191 17 287 338 239 112 175 46 41 85 221 229 287
10 119 55 186 177 20 206 338 126 294 8 10 78 348 155 102 217 181 50 217 83
19 324 167 91 272 359 114 180 148 250 170 357 135 121 194 305 251 283 209 290 11 359 32 7 292 3 4 82 118 102 155 121 196 166 106 3 146 13 147
8 291 273 240 55 164 7 255 144 289 259 357 201 254 51 138 72
11 171 184 308 38 254 51 367 36 96 166 59 87 27 272 362 0 95 103 294 108 179 250
18 360 227 193 43 17 118 155 229 306 130 305 19 24 149 60 136 121 20 17 158 104 125 283 223 2 7 272 173 261 172 344 214 86 39 309 283
20 57 34 184 29 254 147 347 92 283 273 240 62 148 71 240 246 232 220 244 264 188 160 205 42 79 218 347 73 86 133 113 57 17 14 81 296 84 204 268 129
17 166 261 233 129 126 284 276 109 233 38 111 149 357 250 283 74 57 28 324 274 313 293 311 79 224 286 313 87 85 44 57 258 233 144
0
19 101 243 66 270 82 102 251 254 238 161 137 99 91 131 255 248 91 160 224 45 308 117 324 246 39 264 238 133 188 125 276 167 254 24 140 203 2 151
20 251 1 360 45 85 62 126 18 24 240 38 221 26 38 110 159 156 130 166 145 251 137 34 209 251 121 38 215 203 285 233 188 71 206 156 112 361 160 190 134
9 351 47 167 170 205 16 111 187 270 48 114 24 141 112 360 190 250 164
20 211 131 260 215 88 229 352 174 79 143 263 79 173 216 259 89 93 143 235 171 54 78 248 212 43 249 332 94 231 49 311 143 10 87 88 9 127 219 29 4
2 284 223 46 256
12 188 163 324 259 233 254 24 44 334 66 180 0 52 194 283 11 66 8 308 279 334 95 324 143
5 35 6 146 292 327 68 292 251 252 1
19 137 158 173 246 294 183 273 298 2 180 38 253 205 243 40 51 207 46 261 229 240 175 347 294 311 134 96 272 208 25 40 170 173 227 361 258 170 155
4 337 163 212 173 2 12 300 211
5 362 54 40 122 186 266 170 190 306 162
10 24 212 190 169 91 213 82 143 12 191 319 106 121 32 156 290 12 40 251 258
7 188 43 3 235 24 89 121 12 181 20 102 116 253 53
3 149 254 197 86 264 23
6 181 12 181 131 121 124 181 37 121 107 3 285
0
17 294 5 334 23 253 151 102 44 156 245 276 28 160 89 212 176 364 258 153 172 360 251 334 75 311 102 313 274 82 38 116 110 250 150
14 141 226 85 101 121 218 250 161 39 235 32 253 20 147 347 76 104 171 67 296 187 133 253 5 39 136 351 211
17 309 21 333 76 245 169 348 198 262 16 338 185 212 112 329 162 17 199 111 240 334 291 360 253 17 26 319 213 159 10 180 191 101 117
17 3 72 87 286 17 166 57 148 2 193 24 101 344 56 126 103 222 222 254 296 273 139 333 101 106 205 207 233 58 115 170 276 191 156
1 261 34
18 241 279 3 167 273 50 367 265 231 179 126 225 283 108 216 169 212 185 188 200 181 299 334 74 33 41 307 83 152 110 329 18 27 170 57 238
13 38 234 328 5 254 29 226 211 71 236 23 76 71 68 67 62 357 148 207 82 62 175 233 84 360 82
1 153 263
7 21 255 40 204 324 45 190 177 179 158 104 83 297 166
13 166 166 3 33 111 21 306 33 87 131 315 221 32 234 101 1 319 274 338 127 217 268 295 128 102 285
17 13 72 170 49 362 99 27 129 110 273 305 23 62 204 174 271 67 77 300 16 133 225 344 207 290 238 91 236 67 148 361 238 26 130
7 142 86 134 173 196 297 55 294 303 197 256 113 121 7
10 239 124 108 108 33 116 82 67 155 202 254 121 101 186 343 276 361 52 187 256
4 235 191 312 147 218 194 145 99
5 310 108 334 129 346 83 103 248 39 78
14 233 238 119 17 191 200 273 90 135 227 169 141 272 277 113 241 180 246 3 167 211 244 52 46 254 257 190 190
0
14 319 279 207 151 17 54 91 192 13 121 17 204 181 110 87 115 112 101 7 120 17 33 222 83 91 49 152 119
14 34 287 276 150 251 80 54 287 32 125 169 296 328 266 319 103 208 214 135 182 140 143 12 91 250 17 166 264
3 199 187 234 166 40 103
17 61 38 62 49 2 198 109 254 106 247 211 251 229 228 42 226 243 78 337 77 260 14 207 83 108 89 31 261 223 72 253 183 86 18
18 57 280 328 206 82 124 102 20 306 263 357 300 346 119 294 212 308 91 328 132 222 153 7 235 251 117 137 101 153 152 7 264 245 227 250 263
18 336 248 187 1 241 219 191 247 25 120 104 247 247 70 138 201 272 278 248 238 127 9 203 97 270 4 170 51 92 44 10 114 197 202 346 173
18 132 264 72 191 157 48 31 83 56 185 343 132 356 110 248 10 154 184 153 6 172 91 212 42 339 296 143 193 222 37 291 23 272 195 59 22
3 266 61 48 168 53 217
17 326 43 308 70 54 133 322 207 294 38 285 274 254 293 333 224 3 245 105 278 113 214 297 38 150 293 230 73 222 12 239 97 53 98
8 360 149 180 172 17 275 39 260 57 214 91 251 82 239 173 126
14 346 66 283 38 92 268 24 276 349 187 144 188 97 14 123 272 167 259 173 284 300 268 334 280 59 30 110 190
6 224 292 169 281 319 78 324 300 334 66 13 76
2 297 238 69 210
3 179 201 357 21 12 52
2 66 275 255 160
2 135 164 295 31
4 279 258 220 62 274 246 201 56
20 96 286 135 261 137 291 32 210 102 21 13 82 305 273 69 186 186 2 294 226 66 158 116 146 38 246 328 248 3 71 255 141 119 119 82 3 85 89 126 116
6 102 204 254 136 13 46 102 166 166 68 324 277
6 159 300 27 171 367 87 12 285 133 257 313 200
8 100 264 126 61 359 131 164 140 58 68 25 22 159 59 296 166
20 271 79 109 201 101 286 217 89 330 157 87 136 60 247 98 117 116 12 101 90 37 124 245 57 36 206 290 143 144 255 161 6 216 187 231 275 104 188 309 276
18 66 244 13 91 13 98 233 64 121 138 207 226 3 115 156 289 82 238 334 138 121 146 13 219 169 287 24 245 12 185 308 2 254 200 111 212
15 233 161 207 145 250 14 283 106 319 153 13 222 333 61 313 292 153 229 116 59 272 116 121 222 346 182 290 77 283 185
8 190 19 247 55 293 119 127 65 189 32 228 58 236 80 137 216
7 323 4 333 224 96 211 226 84 67 188 71 37 367 195
9 90 125 213 19 246 181 331 237 29 63 16 213 125 214 237 35 332 196
4 202 63 22 133 95 152 251 249
13 276 153 135 245 25 200 111 186 198 158 121 148 111 51 2 244 69 186 137 222 34 194 294 284 170 50
0
9 177 187 139 157 132 20 125 73 159 60 129 230 187 28 270 59 190 268
2 340 256 249 218
3 287 67 364 239 256 235
7 359 189 121 137 82 148 13 165 24 133 334 119 152 264
10 254 177 254 116 32 289 254 253 32 42 32 94 32 41 32 33 32 182 254 286
1 52 265
13 357 6 357 276 328 224 222 201 313 287 324 247 313 252 324 262 102 74 306 295 306 189 334 196 306 140
8 186 131 96 80 226 101 135 2 17 31 346 149 362 79 281 81
15 21 170 208 46 66 15 14 127 318 243 241 180 262 162 102 292 319 218 343 164 305 284 270 167 197 112 33 50 105 129
17 276 26 338 158 224 260 251 127 254 275 319 206 121 12 290 216 212 104 52 103 7 51 359 155 52 89 156 101 24 17 188 35 333 229
1 229 194
4 12 221 357 268 253 0 24 217
19 170 252 217 283 92 46 232 269 102 164 217 147 110 79 174 174 102 124 88 47 357 273 111 23 262 47 315 191 207 64 133 185 191 2 207 51 283 174
15 102 58 360 64 254 292 23 88 233 43 217 121 324 269 308 43 226 269 224 20 69 122 253 36 295 31 174 131 283 48
9 242 107 205 201 239 221 16 184 322 247 297 63 312 165 332 80 364 146
14 160 297 111 138 116 212 156 75 159 251 273 182 57 164 188 24 140 200 74 179 335 235 291 213 133 198 13 158
12 98 237 97 69 270 243 110 96 221 248 38 287 33 125 67 88 135 168 232 192 123 72 27 271
7 190 131 32 121 12 300 254 267 181 21 181 181 102 282
16 237 205 192 200 314 257 303 132 191 124 26 225 313 80 5 204 227 81 186 54 133 246 93 259 108 41 364 219 37 168 163 201
8 50 68 122 262 6 165 155 252 8 76 281 111 349 127 233 292
1 277 75
10 101 243 233 147 38 115 110 156 54 241 207 19 295 67 111 150 211 279 74 214
8 102 194 306 148 3 236 102 295 253 209 32 176 102 124 32 295
9 239 36 295 75 281 75 14 189 241 69 296 251 269 124 54 193 2 158
7 173 132 49 244 16 30 153 232 120 87 96 147 109 33
3 263 8 219 87 89 42
19 181 239 3 298 253 34 188 218 3 198 190 105 121 258 32 41 181 24 102 83 324 147 24 221 253 12 13 187 102 251 190 235 181 181 212 265 121 29
2 141 109 125 88
15 96 3 224 87 156 82 334 141 71 140 311 116 12 163 160 109 250 29 102 143 39 83 232 66 186 66 362 272 273 53
20 355 150 129 18 244 26 161 299 335 231 20 225 364 136 23 281 193 88 241 209 150 274 109 292 342 94 59 263 278 87 354 250 240 6 129 277 166 106 355 212
3 160 182 313 95 305 227
17 24 161 156 75 140 49 294 55 334 103 324 181 169 25 160 47 251 185 82 15 253 39 66 173 169 182 283 218 348 292 188 120 254 137
0
16 88 117 166 115 346 99 186 109 104 155 190 190 23 78 32 44 352 36 207 46 91 53 281 251 111 53 240 29 101 286 231 161
6 138 206 26 166 169 215 186 115 261 101 7 215
4 27 64 34 282 249 74 332 24
17 306 38 121 26 166 76 251 226 324 120 188 50 24 63 306 188 121 207 121 237 24 140 334 192 359 43 91 114 190 54 32 240 24 196
16 162 281 280 161 36 123 160 20 137 75 217 245 21 125 45 120 73 59 239 224 71 74 61 273 86 98 260 93 111 118 119 205
14 33 239 153 102 189 252 22 299 139 127 102 231 109 88 238 260 119 212 40 218 57 154 69 88 144 148 181 198
5 296 122 316 94 351 145 83 266 116 31
14 115 228 179 299 333 281 262 143 93 66 126 154 160 179 103 116 106 191 295 108 135 95 249 283 233 278 208 142
3 167 218 187 249 69 178
12 135 112 125 209 348 191 217 234 14 282 71 32 125 146 166 150 39 116 239 277 82 254 36 3
14 218 13 116 271 240 63 69 290 280 197 193 147 127 293 293 18 180 77 17 131 192 233 88 173 228 14 164 82
1 357 249
5 262 255 359 155 250 85 357 5 346 2
10 180 26 245 83 334 200 359 21 166 298 224 273 338 279 156 83 82 166 82 294
13 359 45 261 46 20 29 173 24 361 247 82 17 233 207 290 295 152 121 82 88 121 137 23 33 240 165
6 49 239 344 224 103 51 217 74 233 280 81 89
9 207 34 309 149 276 237 239 178 241 292 26 96 258 59 238 215 222 143
1 87 232
16 350 245 242 48 313 174 116 66 289 158 101 231 89 89 181 163 271 210 29 81 114 235 212 48 176 135 23 296 145 137 303 18
10 183 190 225 124 290 276 283 164 292 150 255 139 135 239 292 27 24 130 275 28
2 109 124 335 269
11 14 247 301 21 307 4 218 229 254 44 36 153 261 68 32 221 271 167 33 57 159 59
20 181 92 212 148 290 123 24 17 306 147 253 142 328 28 319 126 181 121 190 234 306 152 190 8 254 167 212 241 290 39 324 161 13 265 102 116 319 158 180 291
13 11 36 21 148 228 8 27 75 364 87 43 131 350 191 227 129 33 147 250 73 326 58 71 281 88 65
13 188 115 324 129 12 111 328 63 13 52 306 176 140 190 324 123 254 170 121 245 324 235 3 47 251 84
14 190 235 170 164 66 221 245 64 3 178 24 184 254 257 233 117 166 64 338 296 328 246 207 62 121 177 283 230
20 27 170 57 255 125 71 144 163 82 99 85 98 305 85 283 80 276 29 169 268 313 237 111 106 17 260 264 23 156 288 254 78 27 193 245 108 186 232 74 40
2 102 91 287 197
8 345 89 128 146 222 205 181 134 227 52 337 61 180 228 198 138
0
7 9 222 22 61 226 116 345 115 27 73 235 213 91 26
19 42 139 31 15 248 130 59 150 3 15 130 269 38 5 351 266 367 179 23 218 239 95 272 19 21 277 193 74 121 50 34 276 334 60 264 20 330 1
18 349 89 85 25 254 135 96 72 346 99 170 261 347 18 352 212 112 65 67 223 104 275 36 271 300 14 207 167 281 33 110 97 34 65 208 197
