565
11 379 34 146 50 371 95 511 126 403 20 400 56 513 146 240 220 320 224 181 116 173 53
0
0
1 386 213
2 65 135 544 187
3 144 260 317 295 271 160
0
0
2 384 217 123 119
3 248 104 234 18 384 74
3 288 154 409 226 463 34
4 440 263 353 199 37 81 212 126
3 167 37 541 122 242 212
3 384 159 540 233 388 14
3 221 239 115 9 343 15
0
2 27 30 444 65
2 354 41 249 64
3 557 191 522 219 54 295
2 359 268 159 258
2 413 15 349 294
0
1 213 86
3 522 221 88 148 341 219
3 399 87 341 123 19 30
0
0
3 276 33 398 10 316 239
1 189 299
3 557 29 501 73 107 138
2 390 283 29 201
2 376 42 330 284
3 537 205 224 124 546 211
3 220 79 399 274 338 56
1 330 59
2 386 162 385 50
1 457 127
2 524 67 19 9
3 328 8 366 67 361 76
0
2 425 232 162 184
4 387 148 141 248 345 180 475 43
3 88 64 505 288 200 81
3 50 256 80 176 224 288
2 453 63 517 55
3 13 290 549 162 115 241
3 558 17 488 99 443 163
2 376 275 133 183
1 25 265
2 306 261 343 84
3 150 235 375 106 162 55
0
3 74 166 462 276 58 254
1 543 0
3 540 124 78 192 263 64
1 207 67
1 448 102
1 271 67
2 119 216 545 72
4 96 80 79 137 480 130 87 60
1 398 96
1 476 31
3 422 149 288 198 345 121
3 358 163 448 237 192 47
3 139 27 19 11 324 237
3 318 218 530 63 417 195
1 497 24
1 407 240
3 493 128 442 142 428 72
0
0
1 398 154
3 93 252 464 38 256 54
2 117 68 404 176
0
2 177 289 501 216
3 238 280 328 161 257 207
3 254 293 335 267 159 78
1 341 168
1 501 209
3 462 188 38 128 471 58
1 442 130
1 227 169
3 64 247 85 18 231 250
1 563 67
3 7 31 386 176 136 3
1 26 110
2 237 55 324 118
3 104 23 46 164 373 90
0
1 16 98
8 355 165 293 277 148 6 125 254 111 252 31 117 98 19 165 81
3 469 197 90 135 3 189
3 5 229 294 125 509 53
3 243 59 408 202 55 30
1 449 105
3 54 219 557 138 341 251
1 220 239
3 271 107 177 162 37 218
2 202 210 108 179
2 465 221 447 296
0
2 177 33 333 171
1 258 232
3 44 69 365 250 422 49
3 246 260 278 29 14 60
3 395 287 543 85 395 188
3 373 141 209 102 113 278
0
1 133 285
4 321 173 329 121 336 116 310 81
3 159 8 80 189 395 260
3 25 275 65 116 215 205
3 193 252 368 5 397 34
2 467 125 503 215
3 411 47 105 166 39 131
3 545 195 541 168 24 174
2 484 76 27 118
1 292 143
3 47 64 135 113 326 77
2 398 194 373 288
2 50 239 435 92
3 78 78 312 130 187 36
3 196 16 481 223 311 129
2 69 103 62 213
0
3 311 169 549 231 417 292
0
3 177 91 398 113 438 77
1 139 174
3 80 206 448 289 448 85
2 434 185 305 106
1 187 143
3 220 114 231 259 300 82
1 66 54
2 505 10 30 286
1 316 258
1 287 230
1 335 27
4 544 16 192 5 133 72 233 234
1 295 263
2 363 165 40 17
1 529 37
1 485 163
3 254 245 391 156 362 212
4 92 56 116 17 145 197 186 170
2 559 142 32 124
6 261 200 429 164 206 218 89 156 155 167 185 68
8 250 3 416 247 382 81 118 83 393 10 45 138 530 21 557 10
4 198 140 325 286 521 247 131 124
3 258 240 410 99 177 134
0
2 438 276 40 19
0
3 73 181 318 31 153 128
3 445 79 76 65 30 252
3 454 211 454 281 337 195
3 424 115 360 267 540 30
3 476 168 337 144 519 127
1 377 101
2 183 117 292 258
0
3 180 178 427 9 17 84
1 407 236
1 57 73
3 563 275 81 235 401 146
2 563 221 563 274
1 135 271
2 362 158 524 249
2 372 82 528 72
1 70 88
3 263 185 43 182 350 166
3 349 261 491 129 48 220
0
2 433 67 292 154
2 410 257 131 180
3 199 201 395 202 398 29
0
4 12 78 120 78 486 299 126 5
1 235 286
2 127 75 256 243
3 563 124 38 182 330 159
1 199 259
3 519 295 159 196 194 67
2 21 168 464 212
1 117 47
3 199 143 54 217 519 147
1 446 14
1 147 123
1 352 104
3 385 86 337 170 562 190
2 407 107 505 296
5 364 245 340 253 525 279 303 134 128 197
3 183 56 475 178 177 42
2 396 140 184 272
2 260 75 565 98
3 363 138 406 83 443 217
4 538 282 130 289 259 185 490 32
2 541 130 519 239
2 30 233 107 15
3 103 168 222 66 463 83
0
6 506 26 114 264 394 211 71 16 554 28 122 83
2 518 142 463 265
1 226 268
4 169 13 280 152 9 65 255 102
2 383 242 217 232
3 552 170 241 96 462 29
1 541 297
3 399 147 54 37 107 150
1 157 26
3 88 201 519 229 210 38
1 307 80
2 192 155 97 158
1 519 295
2 507 293 277 278
2 202 67 520 43
4 515 67 334 140 142 134 189 278
2 332 238 22 64
2 541 42 341 112
1 339 274
3 43 124 421 16 269 283
0
1 40 5
0
1 289 179
3 194 225 330 108 437 176
2 51 248 510 264
3 500 41 372 171 438 229
2 337 130 546 216
3 210 177 337 199 80 179
2 229 131 287 205
2 54 251 395 181
1 484 200
2 88 251 145 79
3 174 216 522 186 37 267
3 129 210 413 39 351 94
2 299 112 436 187
1 352 74
2 179 64 270 98
2 134 82 524 278
3 153 25 30 69 447 88
1 208 140
0
3 330 145 187 268 421 194
1 110 299
3 210 235 435 224 477 17
1 152 18
1 78 76
3 11 174 531 201 497 62
2 512 299 442 187
3 38 17 522 253 385 21
2 201 48 41 119
0
2 346 170 565 242
2 174 116 182 223
1 112 279
2 389 280 300 54
0
1 188 289
1 460 101
0
0
3 409 225 279 191 222 144
3 553 53 269 32 122 128
2 216 144 348 25
3 517 124 219 60 14 159
2 112 233 530 212
1 177 170
2 423 65 396 283
3 444 142 174 17 176 293
2 351 80 244 148
3 49 300 237 238 90 65
6 344 159 124 152 430 124 441 11 63 299 426 110
1 70 200
1 380 65
0
2 502 256 562 206
0
1 516 29
1 56 182
2 563 203 244 51
1 404 94
2 290 199 11 54
1 65 187
4 266 296 392 16 53 218 309 119
3 4 59 236 24 323 235
1 19 255
0
3 435 50 432 215 192 16
3 190 60 138 229 222 111
2 112 64 237 79
1 68 3
3 2 133 376 52 17 115
4 487 2 419 97 94 171 450 106
3 49 15 27 260 396 128
1 313 6
3 438 213 159 5 54 103
2 205 247 53 217
0
3 82 259 421 204 108 109
3 52 111 468 41 57 47
3 561 141 272 300 335 58
3 517 123 35 29 122 46
1 279 194
3 215 160 54 40 97 77
1 432 18
2 232 136 214 36
1 34 59
2 251 242 391 131
0
3 315 170 442 132 177 115
0
1 136 112
2 134 269 239 17
2 365 198 200 95
2 338 99 184 168
2 231 243 7 153
3 380 293 522 87 452 285
1 175 245
2 523 76 519 99
3 275 99 84 70 64 105
3 445 107 467 227 557 136
3 475 290 541 53 541 94
3 466 92 245 17 543 296
3 161 33 279 250 269 184
6 204 8 95 1 357 41 322 99 478 46 399 119
3 6 100 360 78 123 36
2 532 170 319 179
2 335 193 220 44
2 557 125 557 297
2 88 201 164 63
1 43 194
3 342 171 15 184 134 85
2 519 112 337 58
2 483 88 361 182
2 194 3 438 81
1 524 12
1 548 136
3 151 283 249 252 8 33
2 399 142 438 239
2 472 12 268 134
2 54 144 153 257
2 156 162 210 129
3 294 245 469 79 425 283
2 38 281 49 255
0
1 230 53
1 226 278
3 457 169 448 51 494 191
2 501 45 475 6
2 335 185 194 210
0
2 347 16 254 272
6 274 253 42 220 253 277 281 236 108 74 410 131
1 564 27
2 418 227 226 159
1 494 103
2 470 261 255 142
0
1 76 239
3 536 91 551 203 26 288
3 405 298 143 43 183 52
3 218 196 327 112 374 208
3 543 47 279 16 524 221
0
2 473 18 43 105
2 18 21 195 80
2 528 32 121 51
1 273 287
3 455 37 67 52 72 62
3 530 14 522 264 454 266
3 177 82 194 270 324 202
3 164 147 474 140 87 48
2 524 12 109 41
3 159 209 176 138 210 158
3 314 195 19 236 545 168
2 446 3 43 19
6 203 70 101 120 60 250 163 126 286 125 170 54
2 522 153 237 84
0
2 267 252 140 221
3 356 222 378 290 412 88
0
2 541 175 159 150
2 43 149 501 174
5 168 276 556 76 498 146 77 173 501 137
2 34 109 153 91
2 425 241 316 95
4 547 56 86 97 489 246 452 240
0
3 262 203 304 200 550 211
1 298 259
2 91 64 494 263
0
0
2 443 10 268 191
2 199 291 476 3
2 395 1 501 288
2 415 44 264 65
3 471 190 172 110 494 263
3 100 10 251 32 524 197
1 215 124
2 19 14 54 15
1 244 27
0
3 72 277 40 300 338 258
1 296 169
2 456 46 306 33
1 541 35
3 236 12 44 267 202 13
3 501 176 330 110 300 52
2 541 218 324 131
2 361 3 346 74
2 542 60 522 27
0
1 560 287
3 109 245 479 15 237 55
3 499 82 3 63 209 126
0
1 314 153
3 420 245 546 114 388 169
2 317 11 366 196
3 533 249 312 251 457 214
2 244 254 385 122
4 492 126 178 181 160 27 474 150
2 171 257 143 191
1 476 158
0
4 308 65 535 138 297 176 282 71
1 194 92
3 106 185 548 296 113 86
2 482 178 209 255
1 81 188
0
3 254 256 174 58 418 217
3 522 77 35 223 24 174
1 199 118
2 129 178 504 263
1 58 203
2 520 297 80 211
2 524 217 335 218
2 369 91 323 71
0
3 512 16 292 158 176 186
3 462 247 257 219 225 182
1 527 269
2 331 127 524 148
0
2 231 244 157 47
1 119 94
0
2 223 70 161 272
1 396 4
2 282 117 34 10
3 373 259 346 284 43 96
1 157 175
4 367 189 103 27 263 224 381 1
2 398 133 454 202
2 291 209 555 113
2 123 2 25 149
3 26 215 541 100 113 61
0
0
4 59 75 20 97 284 246 302 151
3 301 144 239 207 157 151
3 133 134 285 224 97 166
3 107 106 527 267 159 202
2 186 174 528 32
3 242 115 370 291 112 48
1 335 269
1 283 85
2 137 64 314 221
1 14 107
3 541 69 541 255 541 185
3 557 228 557 222 199 16
1 522 273
3 401 235 326 30 34 76
1 27 84
2 316 236 563 72
2 461 224 61 280
2 190 292 375 192
1 459 77
3 442 75 285 145 122 241
0
3 508 233 495 214 315 31
1 298 174
0
1 38 6
1 335 81
0
2 402 78 154 26
2 191 121 5 54
3 257 178 26 143 16 45
3 252 44 140 147 267 297
2 422 214 337 229
1 289 204
1 239 131
2 2 247 97 97
2 183 82 24 202
3 398 290 476 151 199 150
3 22 227 184 136 541 62
3 324 222 406 84 282 244
3 388 213 543 60 134 109
2 335 245 298 155
1 132 47
1 451 201
1 514 296
0
3 526 127 75 8 219 254
6 149 57 228 233 428 282 436 33 36 107 324 104
1 107 149
2 534 131 548 275
0
1 98 161
2 32 265 119 151
0
5 158 207 28 134 222 125 285 116 176 140
3 557 113 541 260 324 110
1 454 69
0
1 237 150
2 47 252 147 176
0
2 33 43 23 34
4 431 10 99 37 138 202 503 211
3 476 243 97 280 285 288
2 122 47 30 154
2 372 207 550 149
3 398 217 341 145 475 213
3 437 119 177 21 74 73
2 83 34 562 185
3 463 72 157 298 473 214
1 49 289
3 454 83 263 195 256 82
2 565 236 161 115
4 197 43 504 48 225 73 24 148
2 10 255 477 185
1 211 70
0
0
3 214 284 454 297 408 280
3 399 48 475 10 557 12
1 25 78
2 107 224 562 79
2 161 139 468 135
1 439 154
1 550 233
3 539 297 158 291 420 170
2 102 238 437 2
3 54 142 136 163 389 192
2 290 25 414 71
2 247 44 292 259
0
2 176 68 467 17
2 496 43 333 252
3 541 83 541 277 475 240
5 265 157 458 245 166 43 350 25 520 8
2 361 287 437 181
1 153 56
3 182 210 28 167 444 102
2 330 62 30 18
1 335 206
3 76 238 358 209 454 227
1 563 94
