850
10 773 61 742 77 489 270 401 26 745 129 172 150 403 56 582 125 816 201 491 2
3 90 183 54 121 163 246
0
2 672 222 362 191
1 666 53
3 821 157 546 220 59 121
2 51 230 647 59
1 650 117
3 314 285 836 189 522 209
3 506 48 692 76 455 134
2 224 20 61 21
3 415 150 692 236 505 277
2 308 154 26 51
1 449 31
1 836 199
3 686 100 213 96 188 173
1 207 257
3 799 296 532 271 449 224
3 155 123 81 287 522 287
5 255 101 72 156 483 83 105 237 266 19
1 365 79
2 371 31 468 50
2 104 141 737 207
1 306 1
1 677 156
1 280 78
2 576 210 456 200
3 359 99 142 254 93 232
0
3 689 141 92 226 329 65
1 664 17
2 561 213 492 15
3 753 75 215 222 724 136
1 518 45
1 223 206
2 315 204 303 164
2 601 176 128 30
3 775 36 336 165 542 147
3 88 112 697 138 336 6
4 571 277 258 142 443 38 543 18
3 215 113 298 68 660 300
3 398 35 824 208 810 141
1 253 204
2 493 91 273 232
1 716 2
3 312 296 16 179 667 45
2 589 82 760 269
2 556 114 796 180
1 651 168
1 402 237
4 346 58 169 159 113 177 610 68
1 47 12
2 296 35 836 193
1 790 167
2 632 291 276 72
2 787 24 618 119
2 157 91 594 279
4 591 51 631 68 263 92 18 71
0
2 32 279 525 193
1 610 285
1 549 97
1 710 201
0
0
2 822 283 102 143
1 635 36
1 560 52
1 257 52
2 112 231 493 171
1 329 199
3 831 236 604 59 22 298
3 654 189 667 254 823 291
2 369 246 9 109
3 802 122 459 100 776 17
0
0
2 260 122 507 4
3 173 131 657 218 10 207
1 328 214
2 588 273 142 253
2 768 38 471 113
6 448 229 103 75 705 127 212 75 501 125 225 242
1 519 293
3 372 182 820 8 380 257
0
3 490 193 318 166 102 256
0
0
1 430 182
1 18 106
3 217 96 398 96 823 100
1 188 175
1 5 120
1 611 97
2 444 164 6 48
4 236 140 783 205 459 220 780 46
1 306 30
3 721 133 438 103 359 206
3 5 47 427 21 684 31
5 227 259 736 121 184 11 384 20 824 106
0
3 732 268 512 260 293 167
4 521 137 607 221 388 2 75 251
1 438 121
1 43 289
3 390 140 170 122 538 260
1 813 240
4 426 41 95 216 641 279 695 191
1 849 110
0
0
2 451 163 493 133
4 154 120 329 202 829 259 39 11
5 374 111 830 4 418 191 231 18 144 72
2 849 69 523 247
2 186 15 686 300
5 4 111 720 61 673 168 627 182 727 7
1 412 144
2 775 251 610 8
3 370 104 387 194 145 207
3 557 101 471 150 369 77
3 415 87 592 256 45 195
0
2 393 118 799 92
1 772 185
0
2 644 256 114 11
2 463 97 468 53
2 731 241 739 33
3 8 51 289 84 542 160
5 261 89 800 82 698 143 300 175 138 57
2 139 216 442 274
2 770 187 176 159
0
1 545 209
2 75 192 692 156
1 330 43
2 799 231 220 236
2 413 239 470 260
5 590 261 414 166 496 40 458 88 151 269
3 38 85 183 213 430 248
3 593 82 469 298 599 105
2 513 237 64 257
3 35 244 826 45 181 46
3 50 235 418 240 354 220
2 341 219 303 2
0
2 505 207 399 54
2 175 176 755 296
1 539 55
1 29 99
2 182 36 406 4
2 794 177 246 268
1 88 52
1 666 206
3 468 214 183 49 152 262
2 743 151 99 212
1 282 103
1 187 165
2 65 242 113 122
1 848 18
2 786 296 327 48
4 208 141 748 110 174 206 434 43
2 750 37 532 182
3 740 71 468 232 697 237
0
2 601 248 455 72
2 251 147 704 75
3 223 223 359 285 222 25
3 133 101 733 19 837 96
4 504 79 115 220 437 167 293 191
3 510 143 245 124 312 124
1 819 147
1 785 153
0
3 11 55 178 138 472 280
1 684 91
5 746 109 33 158 419 38 847 250 204 83
1 615 34
1 697 236
1 27 185
0
2 449 240 799 118
3 771 91 35 81 129 113
3 273 240 348 44 781 83
2 710 110 663 25
1 246 186
3 165 159 776 238 116 103
1 88 209
0
0
0
2 265 80 152 293
3 422 167 205 139 460 195
1 838 45
5 216 300 298 208 311 10 119 126 758 189
3 203 168 18 246 660 191
2 381 269 594 274
2 160 290 394 228
1 427 176
2 785 205 506 224
1 59 288
2 684 159 449 238
0
2 792 84 413 245
1 349 222
6 82 249 376 258 106 29 393 153 256 203 725 63
5 809 108 603 53 636 218 424 269 14 45
0
3 233 25 568 32 259 237
3 502 241 290 174 598 99
3 190 19 664 245 88 213
10 761 124 48 197 83 133 477 286 278 298 317 163 431 149 646 67 536 121 594 41
2 775 36 505 277
2 828 67 265 133
0
8 355 32 602 63 508 191 146 223 784 30 56 97 158 293 662 293
1 41 246
1 415 107
2 92 219 664 106
1 807 277
0
3 315 130 394 148 344 250
2 26 9 59 43
2 659 285 366 258
4 237 31 475 168 592 20 451 133
3 16 266 615 201 530 253
2 741 66 771 2
0
3 343 284 793 190 665 191
3 608 160 428 218 501 296
3 756 143 24 200 219 263
2 397 204 809 94
1 180 129
1 501 111
2 559 143 843 171
0
3 497 124 610 84 35 87
3 777 189 750 261 340 253
0
3 16 287 662 35 113 133
1 640 121
1 417 241
3 697 106 562 113 215 212
0
1 547 124
3 583 222 620 38 841 183
3 826 214 560 281 430 154
2 494 106 826 251
3 339 245 235 50 231 40
0
2 548 52 531 139
3 734 108 406 227 428 295
2 769 37 784 136
2 282 74 468 284
2 817 127 443 2
3 797 29 303 262 523 191
3 138 14 807 278 794 89
3 416 187 579 176 588 160
4 778 157 435 134 40 182 215 267
3 368 69 848 290 754 27
2 659 217 150 97
2 723 139 260 97
3 503 175 301 5 301 157
3 753 2 322 153 662 9
6 375 170 738 67 791 192 230 8 509 177 532 151
1 156 16
2 466 183 100 252
3 707 254 170 174 309 57
1 320 126
3 267 233 274 228 679 101
0
3 15 57 86 142 329 283
2 286 180 60 292
3 121 240 248 134 92 262
3 284 135 201 96 456 159
4 192 132 84 66 202 223 19 43
2 688 245 652 186
0
2 537 124 616 238
2 215 165 552 69
3 112 276 542 159 635 265
1 326 108
2 242 204 384 30
3 221 175 634 219 127 240
5 729 211 514 49 699 237 467 52 126 188
2 726 55 161 169
2 26 247 464 267
3 723 148 519 263 512 189
1 353 244
1 364 240
2 181 84 176 26
2 279 194 708 60
2 564 169 570 203
3 351 183 781 260 585 67
4 626 140 400 262 191 191 35 191
0
3 651 102 223 272 721 146
1 503 95
3 562 194 424 229 364 142
2 497 76 522 207
3 155 29 412 58 471 5
3 707 192 543 58 108 226
2 393 112 248 219
2 429 225 677 233
2 367 205 412 23
3 594 189 710 163 666 189
1 129 288
8 272 262 141 289 125 52 96 80 206 185 595 136 199 161 579 20
0
3 516 59 463 280 661 242
3 815 120 323 111 548 12
3 18 254 799 253 417 281
2 213 130 676 168
5 20 31 517 78 835 187 826 287 417 160
2 482 16 471 101
2 534 242 240 210
3 313 200 576 50 715 59
3 662 101 99 292 11 17
1 61 29
0
3 579 213 494 260 29 48
2 319 262 49 25
3 28 188 764 106 148 199
3 825 147 127 31 684 154
1 788 57
3 476 73 262 277 456 29
1 289 81
3 213 8 506 54 665 274
2 598 38 332 79
0
3 222 86 637 180 777 123
2 584 245 777 13
1 655 123
2 697 205 697 45
3 168 247 832 59 653 254
4 535 73 283 255 2 5 379 275
2 526 62 807 99
0
1 635 59
3 495 238 253 96 157 110
3 302 178 203 278 495 14
1 183 204
3 324 64 803 220 277 134
4 335 126 711 254 696 106 411 296
3 177 130 692 203 635 129
0
3 417 77 797 245 429 41
3 676 232 268 196 472 300
0
1 347 31
3 618 192 764 165 39 41
1 557 139
0
3 777 108 430 220 560 5
2 712 221 810 234
1 399 153
3 336 62 664 7 88 12
3 621 240 191 68 187 131
3 573 236 67 37 347 96
1 765 115
2 249 12 802 265
0
0
0
2 645 125 475 295
0
2 429 26 250 0
2 494 67 493 174
3 764 72 178 155 296 62
3 124 111 420 290 352 217
3 671 34 441 266 342 299
3 804 108 642 174 678 89
1 377 96
3 194 251 284 55 60 213
1 815 43
2 45 225 635 49
1 246 291
3 86 142 354 88 152 292
1 241 153
0
2 209 131 628 297
2 14 113 677 243
3 23 255 669 197 703 223
8 587 36 287 221 97 173 80 183 840 28 361 68 452 146 294 97
1 293 54
2 814 225 75 103
0
3 252 56 638 228 811 216
4 624 264 387 263 622 24 706 110
3 137 46 714 73 565 149
2 834 221 494 69
0
4 690 269 211 165 515 280 357 163
2 777 192 776 119
2 340 3 681 2
1 676 230
3 429 285 113 226 610 35
3 577 105 309 208 451 1
6 499 126 386 290 762 298 316 298 385 125 109 241
3 156 195 570 93 676 125
2 304 41 600 152
3 790 110 210 235 659 300
3 616 130 555 153 93 135
1 93 3
0
3 378 227 382 208 137 40
1 81 187
3 214 24 774 117 395 108
1 450 114
2 665 119 676 254
2 432 68 152 121
1 333 109
1 661 296
2 359 296 88 93
3 359 19 697 164 39 285
1 242 247
1 666 129
3 364 36 641 73 412 220
3 685 8 846 215 845 211
2 648 262 226 177
2 179 233 223 187
3 464 58 710 2 715 112
0
2 338 145 605 13
3 223 243 776 261 152 125
3 649 160 226 107 430 277
3 203 254 542 44 148 85
2 506 238 665 75
5 58 195 197 123 805 166 574 163 497 183
1 327 10
2 157 248 823 97
0
3 269 285 436 118 842 23
1 38 184
7 606 231 21 191 767 160 586 286 558 112 563 12 8 224
0
2 550 19 559 194
2 551 91 468 28
1 363 287
0
2 505 44 244 112
3 691 132 163 229 527 52
2 136 24 751 61
3 351 58 836 153 772 56
1 130 39
2 779 112 495 211
3 610 201 665 150 351 17
3 244 91 533 105 833 255
3 471 11 88 14 786 80
2 649 215 178 111
2 581 90 427 45
2 675 236 841 194
3 552 23 27 297 797 91
1 772 93
1 433 265
3 190 104 15 42 415 280
2 766 120 425 82
1 34 33
2 238 86 455 251
3 200 147 358 7 25 281
1 190 134
1 344 113
0
3 463 232 661 168 366 293
2 326 74 446 172
3 181 127 676 105 676 119
2 269 243 548 154
2 299 76 269 259
2 351 63 246 208
2 176 203 665 74
1 775 25
3 666 21 785 280 545 18
2 808 300 185 191
5 728 253 149 181 567 296 42 27 429 239
3 285 150 373 10 368 145
0
3 466 192 400 53 781 58
1 547 73
3 480 58 12 125 664 141
3 239 85 814 160 14 194
4 295 212 529 198 128 76 38 199
1 381 207
2 575 152 185 163
0
2 336 236 203 159
4 85 150 423 9 578 225 643 270
5 345 202 232 297 94 164 27 251 528 96
1 522 282
2 520 27 850 156
0
0
1 664 268
3 157 135 524 111 731 124
1 540 280
1 841 246
3 383 49 701 205 100 297
6 307 227 801 144 722 21 74 25 264 93 485 237
2 333 125 182 255
2 366 293 250 124
5 470 169 243 96 122 113 507 152 44 111
0
4 623 131 73 190 500 83 164 280
0
3 417 63 88 57 190 117
1 340 153
1 432 243
1 67 113
0
2 453 48 785 66
3 516 139 522 197 417 177
0
0
0
0
2 218 70 189 138
2 61 186 519 172
1 398 13
3 11 196 445 48 230 1
1 484 241
1 505 192
0
0
1 781 95
1 594 297
3 687 179 247 163 649 81
1 142 123
2 117 246 620 289
3 788 170 359 78 464 29
0
1 39 90
0
2 127 102 138 72
3 143 58 759 271 34 126
0
0
2 239 153 822 111
1 596 166
2 695 145 42 189
1 463 174
1 39 183
3 39 57 715 179 697 137
2 702 234 600 232
0
1 150 93
3 427 8 42 58 92 63
1 312 20
3 775 231 336 173 770 224
3 219 274 833 137 326 86
1 185 189
2 542 220 312 167
4 447 33 465 75 135 259 614 74
1 300 208
1 157 248
1 29 1
0
1 297 55
3 629 144 823 281 751 239
1 472 102
3 356 242 14 172 478 285
0
2 709 2 8 122
3 527 222 766 7 785 285
2 849 265 187 115
2 766 182 843 67
1 53 64
2 833 161 138 280
2 649 242 91 12
0
1 305 134
0
1 621 253
0
1 38 156
1 677 187
2 549 71 839 120
0
1 417 4
3 486 237 70 128 839 93
2 454 150 57 90
3 763 252 101 131 123 48
1 68 37
2 330 77 723 236
2 190 166 336 5
1 670 270
4 337 27 440 154 334 224 754 174
2 39 12 788 90
2 394 182 351 151
3 254 43 371 8 525 184
5 682 126 409 172 752 261 234 87 15 227
1 398 139
2 421 59 331 265
2 506 206 772 204
3 791 35 842 243 536 248
2 88 41 340 45
3 54 156 839 134 416 233
3 260 4 425 57 836 277
1 683 224
3 721 92 474 210 433 248
3 325 194 89 281 258 120
2 322 108 566 101
2 717 56 36 152
2 314 124 244 248
2 823 119 846 268
3 107 248 220 21 76 299
3 735 259 656 203 786 270
4 229 171 511 100 111 127 597 286
2 217 233 449 255
1 38 230
4 782 11 461 153 474 184 299 111
1 828 262
0
3 524 148 29 167 220 266
1 574 235
2 231 211 528 21
2 91 37 446 250
0
1 811 68
0
3 814 275 241 215 389 129
2 299 13 585 260
2 408 273 445 62
1 144 164
3 108 157 16 228 44 278
0
3 79 217 332 52 566 35
2 66 29 193 292
3 50 266 734 138 814 184
2 692 96 776 85
2 618 104 187 178
3 281 111 388 244 688 218
3 215 147 144 44 215 9
3 713 165 356 251 299 256
3 88 144 686 149 707 242
2 406 135 652 79
2 487 66 129 99
2 71 206 819 161
3 697 123 505 34 463 87
2 430 286 676 190
1 630 57
2 31 138 524 129
0
2 799 210 766 185
0
0
2 427 39 635 4
2 161 274 174 297
3 651 113 152 239 464 75
0
3 471 138 215 96 814 38
3 666 54 522 289 676 94
3 668 114 99 112 268 124
3 486 102 117 23 802 86
2 196 197 313 22
1 799 80
3 99 292 463 151 68 254
0
0
2 213 162 427 224
1 841 4
3 5 248 575 193 579 295
2 223 124 660 118
2 697 25 88 125
1 506 120
2 575 257 686 104
1 781 74
3 308 102 260 23 31 237
1 733 257
3 818 224 523 162 13 15
1 190 6
3 572 248 159 200 429 295
2 271 111 407 52
3 749 256 391 203 240 3
1 781 127
3 336 67 213 115 336 95
3 35 139 215 103 472 150
2 544 265 75 279
1 389 231
2 69 120 98 8
3 38 251 505 135 660 81
3 457 114 405 34 201 182
0
2 302 153 543 263
0
1 505 81
0
1 473 252
2 148 225 88 256
1 340 231
0
0
2 717 126 176 34
1 215 227
1 827 45
1 407 232
0
3 845 168 842 98 785 36
3 488 250 392 209 554 115
5 291 283 131 65 674 181 481 268 841 184
2 404 274 309 118
3 181 105 532 299 187 48
1 839 162
2 46 284 150 195
1 55 243
2 795 76 215 260
3 813 55 841 26 697 41
1 9 233
2 581 44 196 44
2 666 84 416 249
2 617 117 62 279
2 825 118 513 143
3 198 111 442 267 639 162
2 479 144 580 287
2 88 258 697 284
1 612 239
3 26 55 36 293 513 9
2 396 218 686 87
3 14 270 532 267 187 29
5 462 252 680 41 270 102 613 78 292 28
2 813 74 697 21
2 629 181 549 87
3 548 35 478 147 797 228
0
1 543 197
1 370 89
1 183 269
1 330 55
2 730 7 156 152
2 87 177 174 30
1 694 135
3 541 54 847 245 304 7
3 145 283 473 114 159 175
1 224 223
1 838 117
2 183 63 363 26
1 238 75
2 744 266 609 267
0
3 244 267 813 122 190 245
1 789 137
3 410 3 17 291 764 135
2 585 173 772 157
2 625 177 360 22
3 747 6 37 203 692 38
4 798 288 757 157 288 18 530 41
1 81 299
3 228 106 65 228 289 72
1 334 127
0
3 155 154 371 19 552 112
0
0
1 542 9
2 652 221 203 264
3 641 84 638 223 509 198
3 644 272 784 17 495 49
2 664 283 506 230
0
0
2 162 7 153 101
5 658 158 310 216 321 30 195 170 78 156
2 171 17 846 164
0
1 718 233
2 110 95 63 201
2 7 83 309 226
3 52 224 663 194 59 19
1 815 28
1 639 207
3 241 21 588 89 781 180
0
4 118 197 132 150 619 9 498 179
1 844 152
2 664 268 676 246
3 543 267 516 213 775 37
2 120 38 813 281
1 246 293
3 140 282 352 179 280 156
1 478 185
2 417 231 16 184
1 350 246
3 275 289 806 283 436 82
3 292 70 66 259 253 77
3 148 127 594 16 415 45
1 359 239
2 531 73 507 92
1 463 294
1 533 117
2 771 144 308 269
1 577 168
2 91 159 794 258
0
2 50 70 829 207
3 772 128 35 200 148 217
0
2 371 109 314 17
2 719 188 166 289
1 588 169
2 116 34 296 289
3 147 193 586 176 275 62
1 516 28
3 354 287 494 150 6 101
3 311 186 183 234 651 71
3 770 141 618 250 846 206
3 35 81 544 35 713 165
0
0
3 650 224 34 79 789 23
1 662 151
2 544 165 203 5
2 516 78 814 283
1 506 156
2 88 40 190 1
2 451 160 308 171
6 700 298 77 21 439 167 681 220 724 263 812 53
3 191 101 542 141 474 1
2 120 107 180 225
2 63 195 574 3
3 693 280 509 235 581 247
1 224 184
3 660 225 93 192 181 81
1 552 27
0
0
2 635 130 788 216
0
1 129 65
2 126 161 351 43
1 180 122
1 167 159
3 30 272 332 213 398 88
0
1 569 217
3 343 280 76 104 757 99
1 758 88
3 356 207 134 112 776 142
1 67 185
3 833 136 351 294 430 224
1 553 73
3 190 151 664 92 31 202
2 633 133 348 185
0
3 562 56 323 118 713 45
3 555 29 113 53 552 77
1 156 271
3 148 27 702 215 685 60
3 524 143 541 195 61 202
3 260 108 585 268 90 43
2 3 131 512 130
