567
4 3 203 90 223 72 17 58 184
2 124 118 246 39
5 538 157 403 115 34 190 302 2 104 256
0
3 117 49 138 126 329 193
3 319 261 329 115 558 39
2 82 19 347 254
0
1 283 26
3 220 259 95 185 410 267
1 38 204
2 160 80 224 194
1 411 192
1 107 180
3 420 38 562 82 45 208
1 14 28
1 73 74
0
3 421 52 375 178 149 41
1 215 284
2 49 78 447 282
3 361 185 400 192 130 70
3 63 91 397 101 60 54
0
1 208 96
1 368 233
1 430 298
0
0
2 25 277 115 117
0
3 161 156 490 84 223 74
1 505 36
4 330 164 59 99 40 185 318 237
2 550 99 356 96
3 19 141 184 253 298 109
2 518 196 133 96
2 91 180 52 23
1 196 27
3 567 128 156 292 239 125
2 557 241 57 165
1 47 6
2 129 112 311 113
3 518 166 54 16 530 79
0
3 521 61 397 42 289 198
3 236 215 252 89 364 80
1 564 169
2 12 0 364 180
2 332 65 400 39
1 206 46
1 240 180
2 364 105 217 201
0
6 9 261 438 158 235 274 84 37 57 239 347 241
2 346 216 103 75
3 224 51 168 185 92 163
3 16 124 243 42 188 252
3 510 256 533 116 462 243
3 201 189 144 55 339 174
3 11 282 98 184 81 196
2 370 224 487 194
1 240 119
3 113 248 27 2 153 218
3 56 7 437 204 552 49
2 556 180 169 131
3 17 59 378 241 374 183
1 217 9
4 99 33 464 151 530 221 529 290
3 371 21 339 214 146 43
2 560 215 215 257
4 366 216 159 191 520 112 299 44
1 518 90
3 537 237 553 29 225 274
0
1 39 154
3 42 273 44 251 463 163
4 486 221 453 287 204 125 28 6
3 168 192 223 113 347 176
3 325 8 253 145 220 255
1 169 234
3 435 209 2 246 240 270
3 35 178 487 12 440 279
1 509 190
2 338 137 177 244
3 132 59 189 184 479 273
7 264 279 489 230 202 115 507 156 6 228 413 260 401 2
1 21 37
3 105 59 12 54 305 40
1 237 6
0
0
3 375 168 384 136 442 289
2 478 113 147 80
3 475 276 547 259 124 181
3 240 120 251 181 547 164
3 138 219 396 217 194 102
3 246 154 110 158 31 245
2 417 81 110 149
3 70 28 234 142 559 153
0
2 384 207 525 121
3 309 155 431 271 350 60
3 383 253 180 142 455 145
2 133 216 422 243
1 117 0
3 212 254 154 213 430 229
3 540 254 295 225 530 14
3 188 249 89 58 224 146
2 12 123 52 281
0
2 347 232 254 172
3 92 286 448 23 2 212
1 31 198
0
1 381 142
3 169 112 178 90 12 189
2 461 16 422 285
2 12 178 381 205
2 146 244 133 131
1 236 87
3 523 191 391 117 10 119
3 171 159 388 254 17 224
1 146 139
2 240 40 4 206
0
1 451 54
1 146 255
1 441 77
1 251 30
1 98 197
1 559 283
3 321 116 321 170 518 168
3 260 11 555 123 226 74
0
0
3 498 142 80 225 111 161
2 242 158 470 295
2 503 233 151 210
3 177 73 240 193 148 254
3 74 184 105 77 547 93
1 442 132
1 224 105
3 339 182 373 58 364 283
3 134 196 536 161 559 287
0
1 534 285
1 251 218
0
3 424 76 402 78 461 148
3 38 221 417 197 298 244
2 525 295 360 44
1 37 261
2 163 0 73 255
2 360 25 20 268
2 446 107 24 50
1 540 232
2 394 162 451 268
3 309 229 455 74 532 114
1 246 156
3 167 69 407 249 490 32
2 321 27 479 84
2 190 288 177 36
1 509 210
1 259 148
2 96 284 113 137
3 544 204 304 2 20 102
3 373 249 311 267 518 186
0
0
0
3 355 9 367 176 51 138
3 89 64 387 238 133 118
3 448 88 244 181 120 271
2 359 94 139 179
2 554 164 517 191
3 146 267 37 189 246 46
2 417 27 31 1
3 412 166 328 102 415 240
3 191 73 153 91 557 274
1 441 109
3 320 260 195 22 484 153
2 291 154 245 110
2 4 121 82 142
3 131 121 405 85 458 100
2 110 129 537 191
3 468 266 234 143 82 205
3 146 191 426 81 444 189
3 352 207 103 69 400 238
2 166 108 522 119
3 358 230 479 128 522 237
3 116 222 218 39 488 87
4 36 187 55 220 357 277 436 10
3 246 271 321 207 311 226
3 185 268 515 296 448 112
2 430 180 143 269
3 57 12 410 27 531 152
1 431 53
2 460 134 265 265
0
2 430 80 22 162
2 429 209 170 278
4 199 199 471 91 130 125 470 168
1 313 254
2 394 183 304 82
0
5 467 266 494 136 508 287 386 136 522 1
1 91 23
2 250 224 558 96
1 84 6
2 470 233 54 294
3 269 252 359 116 535 69
2 452 23 530 256
2 7 166 360 110
2 529 182 146 23
2 480 214 184 108
1 92 104
1 447 271
1 333 141
2 431 46 386 68
0
4 419 170 342 113 271 44 168 206
2 309 7 342 248
2 552 166 552 165
3 229 187 298 11 312 211
2 414 100 103 24
3 166 152 86 29 564 187
2 454 272 430 283
3 282 239 246 149 410 212
3 454 134 564 277 442 60
2 7 136 347 103
2 158 96 341 275
3 211 110 221 277 437 289
0
2 93 32 220 147
1 2 52
3 173 116 29 39 543 91
3 501 246 505 258 349 57
0
1 124 138
3 246 108 557 285 8 262
1 400 164
2 61 36 11 168
0
3 189 5 326 87 547 284
2 547 243 295 198
3 42 220 421 2 79 297
3 187 248 354 148 455 121
3 362 53 363 123 225 0
2 47 90 342 140
1 518 192
1 338 221
2 516 27 194 111
3 133 239 128 172 240 250
4 323 213 287 210 75 115 33 228
3 282 230 82 297 121 43
4 281 42 423 236 335 11 454 218
2 139 127 197 131
0
3 222 272 26 21 13 263
1 64 224
1 209 82
1 564 278
8 472 209 172 255 277 7 179 137 331 4 327 194 176 142 444 35
2 418 132 289 294
1 348 249
2 351 58 435 110
3 278 266 376 209 188 217
2 304 255 252 29
4 300 10 122 25 566 22 475 249
2 461 267 124 36
3 242 95 194 123 231 120
2 513 65 133 75
1 214 0
1 130 206
2 39 135 239 207
1 511 60
3 135 23 426 39 89 165
3 312 270 22 299 298 184
2 41 80 329 184
1 219 36
3 113 143 133 63 292 212
2 146 92 221 89
3 273 134 132 251 276 256
2 408 265 390 197
3 262 36 317 281 97 50
3 240 24 138 202 214 249
4 267 174 145 97 404 59 228 177
2 96 86 133 76
1 49 247
3 53 124 205 222 381 142
3 177 62 128 171 128 4
3 279 113 441 283 50 167
1 314 120
0
1 356 68
1 553 38
2 242 112 430 52
2 33 151 509 67
4 484 260 263 178 563 17 497 141
3 518 29 124 5 371 60
1 527 295
2 476 269 502 138
3 415 240 252 174 200 148
0
1 141 142
1 160 26
3 83 228 46 219 371 2
1 518 1
3 242 173 181 90 374 199
2 246 104 547 67
3 37 194 22 258 133 128
1 295 100
0
2 244 43 110 46
4 257 246 233 268 183 288 247 188
1 292 206
3 443 209 60 151 142 133
0
3 492 94 127 18 477 20
0
1 76 0
3 124 28 166 4 345 86
5 87 121 466 6 123 81 238 111 157 132
0
2 561 237 52 216
1 107 120
3 166 203 57 264 439 193
1 44 7
3 94 156 137 118 297 14
3 193 120 261 270 43 150
2 133 219 561 187
2 395 20 31 5
1 57 193
2 276 143 289 255
0
3 146 300 149 274 537 251
2 124 104 475 6
3 82 60 2 14 2 26
0
1 198 274
2 435 38 359 42
0
1 18 42
2 475 22 242 258
1 7 164
1 321 224
2 79 62 499 45
3 77 61 216 172 432 236
2 254 174 447 259
3 67 43 280 18 291 209
3 547 53 96 57 146 59
1 165 276
2 224 14 101 190
4 78 297 203 190 528 218 462 223
2 339 88 397 120
2 332 33 91 108
3 447 249 444 8 57 97
2 215 168 188 269
2 301 201 537 135
3 251 112 236 15 537 67
3 427 57 164 234 175 97
1 395 119
1 177 48
1 241 271
3 316 47 473 211 210 183
3 205 87 153 54 143 111
0
3 301 132 37 117 448 23
2 311 22 475 176
1 2 130
2 230 109 407 62
2 37 110 124 168
2 100 103 190 57
2 522 115 441 44
2 542 220 564 83
3 349 205 227 261 410 287
2 66 297 410 93
0
4 368 53 396 137 409 177 254 181
2 146 44 252 248
1 561 267
1 389 173
3 537 23 435 243 120 7
0
0
1 415 206
5 491 266 294 75 344 237 550 260 162 5
2 96 138 124 132
3 545 55 392 127 379 300
1 27 260
2 275 206 321 132
3 268 291 219 44 185 236
3 375 41 329 251 163 194
0
1 334 265
0
2 303 32 356 149
1 181 206
1 128 144
1 356 194
3 24 293 369 299 289 75
2 258 7 412 288
1 44 178
1 66 20
5 548 158 167 33 474 251 108 112 119 226
1 374 137
2 207 29 416 177
1 31 69
2 347 245 505 181
1 311 46
3 377 139 493 24 343 100
3 286 37 556 176 174 265
0
0
1 417 220
1 82 77
0
3 73 104 364 260 4 103
1 334 284
3 407 19 81 158 505 198
3 382 4 7 298 128 185
3 15 65 459 74 310 62
0
1 406 268
2 168 203 128 215
3 532 246 224 279 415 181
3 71 207 210 15 187 253
2 321 210 184 100
1 426 225
3 146 205 236 192 295 276
3 480 118 21 291 362 182
1 101 209
2 114 65 232 198
0
2 22 180 358 52
1 24 63
4 536 120 221 26 111 213 519 255
0
1 448 105
1 128 241
2 500 295 54 129
2 5 296 441 249
1 160 2
3 551 110 503 273 45 47
2 217 209 389 61
3 133 116 254 174 215 110
1 537 93
3 311 183 451 21 361 248
2 54 231 215 157
1 450 246
2 470 184 347 174
3 505 79 415 174 236 204
3 311 169 254 276 146 225
1 138 177
2 517 18 321 71
2 345 28 554 143
0
3 273 228 373 274 101 116
3 409 41 535 119 84 159
3 455 229 436 54 82 101
2 321 9 7 55
1 133 284
2 400 114 346 276
2 436 179 314 127
1 428 292
2 97 178 144 299
1 201 11
0
3 321 70 537 245 251 223
1 495 185
11 506 107 496 7 322 189 192 149 565 52 270 14 308 90 539 272 514 58 121 113 95 37
3 482 278 86 176 340 31
3 465 110 469 140 353 144
2 311 87 435 205
2 547 189 133 166
3 117 35 46 255 33 242
3 23 80 524 6 546 184
0
1 513 135
3 552 75 199 119 258 33
6 249 117 175 168 109 104 85 68 200 155 426 14
2 296 24 76 101
3 50 49 487 283 299 221
3 345 229 422 23 140 162
1 445 75
3 168 148 430 65 146 203
2 305 37 417 204
5 288 132 512 228 284 141 69 76 152 231
2 258 158 483 263
2 504 154 279 127
2 500 69 420 233
3 549 68 53 76 523 108
3 433 116 189 218 208 152
2 531 103 140 61
3 393 153 266 91 244 227
1 537 68
3 372 103 68 269 120 47
3 439 77 369 222 452 243
1 315 221
1 558 38
3 153 143 240 19 121 246
2 541 145 326 158
3 535 283 326 95 11 203
1 470 208
5 434 118 365 262 248 2 118 293 385 267
3 136 227 274 54 20 135
0
1 470 177
0
4 285 286 380 291 399 5 8 210
4 102 144 30 27 398 201 293 10
3 518 84 400 76 517 65
2 290 300 158 48
3 495 70 336 133 178 137
0
0
0
1 352 213
2 457 69 483 275
2 166 291 234 69
1 22 92
1 148 43
3 526 84 485 230 62 9
3 307 75 312 105 352 259
2 270 8 395 145
2 37 86 174 127
2 150 152 306 79
3 246 149 518 150 435 247
2 289 150 128 253
3 128 37 57 82 11 138
1 456 0
3 504 171 448 82 499 147
1 290 298
2 497 231 561 130
3 251 175 360 137 319 148
2 518 168 124 58
6 32 124 324 134 425 192 182 12 65 161 112 86
2 518 231 447 65
3 296 41 369 85 452 107
3 350 248 70 226 426 83
3 409 171 166 132 217 257
1 272 40
2 333 74 143 177
3 255 244 106 96 402 289
2 126 188 83 239
0
4 481 141 125 110 252 212 12 292
2 155 215 301 270
4 231 298 315 113 186 93 110 158
4 449 9 88 1 502 128 242 125
2 124 0 92 79
2 256 241 387 179
2 254 215 329 226
3 476 130 369 144 505 91
1 48 159
2 37 160 130 295
3 169 112 148 188 373 92
2 112 150 295 119
0
1 497 246
2 537 157 311 11
1 46 78
2 479 135 121 266
2 213 292 337 126
3 301 213 24 132 561 3
2 245 244 557 18
