116
25 112 59 77 59 111 59 15 59 28 59 103 59 81 59 82 59 98 59 103 59 62 59 33 59 26 59 56 59 5 59 113 59 68 59 7 59 69 59 32 59 54 59 13 59 59 59 113 59 75 59
47 80 59 76 59 25 59 55 59 32 59 99 59 36 59 99 59 91 59 84 59 25 59 114 59 37 59 106 59 82 59 88 59 46 59 78 59 76 59 86 59 65 59 29 59 50 59 52 59 74 59 25 59 62 59 23 59 76 59 95 59 16 59 67 59 104 59 24 59 10 59 96 59 107 59 24 59 29 59 74 59 35 59 35 59 80 59 110 59 91 59 93 59 44 59
25 66 59 68 59 14 59 11 59 16 59 12 59 10 59 49 59 41 59 74 59 6 59 26 59 24 59 9 59 73 59 39 59 19 59 78 59 55 59 95 59 102 59 52 59 20 59 39 59 39 59
22 8 59 6 59 102 59 24 59 93 59 59 59 86 59 6 59 40 59 45 59 75 59 74 59 92 59 66 59 107 59 56 59 8 59 12 59 19 59 103 59 56 59 69 59
41 21 59 105 59 58 59 115 59 43 59 18 59 11 59 84 59 114 59 99 59 83 59 54 59 54 59 60 59 103 59 12 59 78 59 96 59 19 59 7 59 84 59 21 59 33 59 74 59 100 59 20 59 101 59 116 59 98 59 103 59 12 59 68 59 4 59 53 59 109 59 72 59 109 59 86 59 20 59 98 59 84 59
17 20 59 46 59 36 59 115 59 114 59 106 59 110 59 28 59 52 59 74 59 9 59 2 59 44 59 74 59 65 59 17 59 106 59
18 54 59 20 59 25 59 10 59 109 59 62 59 10 59 66 59 98 59 99 59 69 59 49 59 57 59 46 59 98 59 75 59 104 59 70 59
33 73 59 80 59 92 59 91 59 90 59 59 59 96 59 103 59 103 59 57 59 54 59 115 59 62 59 42 59 25 59 43 59 96 59 76 59 33 59 28 59 32 59 27 59 96 59 99 59 92 59 22 59 22 59 68 59 12 59 80 59 107 59 73 59 29 59
37 95 59 16 59 24 59 12 59 95 59 37 59 37 59 37 59 12 59 93 59 37 59 37 59 78 59 78 59 23 59 96 59 10 59 24 59 78 59 37 59 16 59 10 59 16 59 10 59 96 59 24 59 10 59 37 59 12 59 95 59 37 59 11 59 10 59 10 59 96 59 93 59 37 59
19 95 59 95 59 16 59 93 59 96 59 11 59 11 59 11 59 93 59 96 59 93 59 93 59 16 59 93 59 95 59 93 59 95 59 95 59 12 59
18 95 59 95 59 95 59 95 59 95 59 95 59 95 59 95 59 95 59 95 59 95 59 95 59 95 59 95 59 95 59 95 59 95 59 95 59
26 95 59 11 59 11 59 11 59 11 59 95 59 11 59 11 59 11 59 16 59 11 59 16 59 11 59 95 59 16 59 95 59 11 59 93 59 93 59 95 59 93 59 11 59 16 59 93 59 93 59 93 59
28 89 59 82 59 88 59 37 59 37 59 44 59 29 59 59 59 17 59 32 59 104 59 84 59 108 59 109 59 109 59 37 59 16 59 115 59 106 59 101 59 67 59 6 59 86 59 11 59 80 59 101 59 106 59 89 59
38 23 59 52 59 65 59 44 59 17 59 78 59 50 59 44 59 114 59 20 59 88 59 86 59 86 59 114 59 17 59 84 59 88 59 28 59 29 59 106 59 67 59 37 59 9 59 52 59 35 59 28 59 93 59 86 59 10 59 24 59 10 59 9 59 101 59 65 59 10 59 106 59 16 59 37 59
43 47 59 17 59 54 59 53 59 70 59 27 59 32 59 18 59 72 59 105 59 101 59 30 59 80 59 116 59 86 59 83 59 38 59 41 59 39 59 29 59 35 59 60 59 36 59 98 59 59 59 3 59 76 59 46 59 113 59 115 59 38 59 39 59 37 59 36 59 110 59 113 59 18 59 43 59 59 59 89 59 54 59 33 59 97 59
40 93 59 93 59 11 59 95 59 95 59 93 59 93 59 11 59 11 59 11 59 95 59 11 59 11 59 93 59 93 59 93 59 11 59 11 59 95 59 93 59 93 59 95 59 95 59 95 59 11 59 11 59 11 59 93 59 93 59 11 59 95 59 93 59 11 59 95 59 95 59 95 59 11 59 95 59 95 59 93 59
44 20 59 24 59 96 59 25 59 11 59 28 59 104 59 95 59 11 59 27 59 76 59 23 59 104 59 32 59 25 59 95 59 93 59 110 59 82 59 12 59 33 59 27 59 104 59 50 59 95 59 86 59 86 59 28 59 12 59 12 59 106 59 32 59 84 59 104 59 25 59 23 59 27 59 78 59 11 59 20 59 37 59 91 59 114 59 32 59
33 43 59 10 59 88 59 41 59 12 59 69 59 44 59 65 59 49 59 31 59 103 59 88 59 91 59 50 59 48 59 19 59 49 59 109 59 49 59 41 59 96 59 98 59 56 59 32 59 75 59 75 59 107 59 17 59 25 59 68 59 35 59 13 59 80 59
50 115 59 32 59 74 59 16 59 103 59 37 59 100 59 41 59 49 59 12 59 52 59 9 59 89 59 115 59 99 59 55 59 114 59 84 59 41 59 84 59 110 59 106 59 11 59 70 59 91 59 114 59 103 59 6 59 113 59 65 59 13 59 37 59 70 59 27 59 96 59 96 59 46 59 25 59 100 59 49 59 62 59 20 59 11 59 82 59 35 59 91 59 16 59 39 59 23 59 41 59
39 28 59 93 59 27 59 12 59 114 59 114 59 27 59 96 59 93 59 16 59 96 59 91 59 23 59 95 59 33 59 27 59 11 59 37 59 27 59 23 59 9 59 29 59 91 59 84 59 93 59 27 59 29 59 11 59 84 59 28 59 78 59 16 59 27 59 32 59 114 59 27 59 24 59 28 59 33 59
27 81 59 67 59 12 59 56 59 89 59 25 59 95 59 31 59 8 59 87 59 101 59 58 59 78 59 90 59 3 59 103 59 52 59 44 59 50 59 91 59 100 59 103 59 82 59 27 59 43 59 3 59 11 59
49 88 59 2 59 79 59 103 59 75 59 62 59 6 59 6 59 104 59 113 59 89 59 75 59 104 59 104 59 32 59 24 59 23 59 20 59 54 59 106 59 84 59 41 59 11 59 44 59 65 59 82 59 31 59 98 59 115 59 20 59 28 59 16 59 13 59 70 59 86 59 11 59 107 59 109 59 31 59 10 59 32 59 65 59 86 59 57 59 60 59 39 59 57 59 94 59 66 59
43 93 59 95 59 12 59 12 59 12 59 16 59 12 59 96 59 10 59 93 59 95 59 95 59 95 59 96 59 16 59 12 59 95 59 10 59 93 59 12 59 16 59 10 59 95 59 93 59 16 59 10 59 95 59 96 59 95 59 16 59 95 59 96 59 96 59 93 59 11 59 93 59 95 59 93 59 10 59 11 59 16 59 95 59 95 59
16 23 59 23 59 93 59 11 59 96 59 12 59 93 59 93 59 23 59 95 59 23 59 96 59 93 59 10 59 37 59 37 59
45 32 59 93 59 95 59 96 59 29 59 28 59 95 59 114 59 84 59 9 59 93 59 91 59 11 59 23 59 20 59 20 59 55 59 16 59 92 59 28 59 78 59 55 59 95 59 93 59 24 59 50 59 11 59 27 59 29 59 33 59 50 59 62 59 32 59 65 59 16 59 110 59 86 59 37 59 24 59 20 59 28 59 50 59 62 59 84 59 86 59
24 109 59 9 59 36 59 109 59 109 59 89 59 52 59 50 59 92 59 6 59 84 59 102 59 82 59 19 59 6 59 2 59 2 59 59 59 59 59 99 59 14 59 14 59 6 59 110 59
37 96 59 96 59 37 59 93 59 37 59 23 59 11 59 93 59 93 59 95 59 9 59 95 59 93 59 10 59 95 59 93 59 24 59 16 59 16 59 23 59 95 59 93 59 10 59 9 59 11 59 11 59 37 59 23 59 24 59 93 59 9 59 96 59 24 59 37 59 37 59 9 59 78 59
19 32 59 33 59 10 59 37 59 16 59 84 59 93 59 95 59 65 59 16 59 11 59 96 59 16 59 11 59 23 59 96 59 91 59 24 59 9 59
32 96 59 96 59 93 59 84 59 12 59 9 59 9 59 24 59 33 59 23 59 91 59 16 59 91 59 23 59 16 59 84 59 27 59 16 59 27 59 95 59 95 59 12 59 28 59 27 59 84 59 65 59 78 59 24 59 24 59 12 59 11 59 12 59
29 109 59 85 59 62 59 85 59 31 59 4 59 58 59 76 59 116 59 47 59 86 59 97 59 97 59 10 59 100 59 45 59 98 59 115 59 100 59 3 59 6 59 58 59 36 59 7 59 41 59 4 59 54 59 68 59 108 59
28 99 59 32 59 17 59 91 59 104 59 59 59 6 59 6 59 80 59 29 59 66 59 110 59 24 59 28 59 66 59 67 59 17 59 46 59 24 59 107 59 37 59 32 59 113 59 91 59 102 59 50 59 86 59 54 59
15 9 59 11 59 16 59 24 59 33 59 33 59 9 59 24 59 33 59 93 59 93 59 27 59 16 59 12 59 12 59
15 78 59 23 59 93 59 11 59 95 59 23 59 23 59 10 59 9 59 12 59 78 59 11 59 37 59 23 59 93 59
32 26 59 39 59 37 59 42 59 73 59 58 59 40 59 18 59 39 59 98 59 70 59 37 59 19 59 35 59 33 59 43 59 66 59 26 59 6 59 27 59 108 59 85 59 79 59 53 59 113 59 62 59 65 59 66 59 46 59 91 59 41 59 67 59
19 114 59 28 59 50 59 55 59 95 59 78 59 65 59 33 59 28 59 24 59 11 59 37 59 104 59 52 59 91 59 76 59 93 59 44 59 62 59
34 23 59 12 59 24 59 74 59 9 59 20 59 76 59 84 59 67 59 95 59 28 59 62 59 74 59 82 59 28 59 104 59 104 59 95 59 62 59 27 59 86 59 17 59 93 59 55 59 74 59 91 59 25 59 106 59 24 59 88 59 80 59 91 59 93 59 50 59
47 93 59 23 59 12 59 12 59 23 59 95 59 23 59 16 59 95 59 11 59 12 59 10 59 93 59 95 59 10 59 93 59 93 59 16 59 95 59 12 59 11 59 10 59 96 59 23 59 23 59 93 59 11 59 16 59 93 59 10 59 16 59 10 59 23 59 95 59 10 59 96 59 23 59 12 59 93 59 93 59 93 59 93 59 10 59 10 59 96 59 93 59 23 59
48 18 59 90 59 107 59 84 59 17 59 79 59 37 59 70 59 23 59 13 59 70 59 84 59 26 59 103 59 100 59 93 59 82 59 32 59 49 59 101 59 26 59 49 59 103 59 26 59 44 59 7 59 16 59 78 59 52 59 73 59 113 59 45 59 6 59 116 59 20 59 64 59 100 59 104 59 109 59 78 59 92 59 22 59 109 59 10 59 27 59 52 59 42 59 9 59
16 9 59 6 59 50 59 37 59 50 59 82 59 28 59 75 59 80 59 89 59 93 59 91 59 100 59 73 59 99 59 113 59
30 64 59 42 59 100 59 63 59 114 59 16 59 76 59 109 59 92 59 102 59 60 59 59 59 17 59 79 59 76 59 32 59 79 59 62 59 35 59 96 59 114 59 9 59 73 59 44 59 91 59 33 59 53 59 29 59 82 59 49 59
48 91 59 101 59 101 59 9 59 10 59 11 59 115 59 101 59 62 59 102 59 44 59 84 59 78 59 108 59 86 59 80 59 59 59 74 59 75 59 12 59 23 59 46 59 99 59 86 59 28 59 55 59 114 59 96 59 86 59 110 59 88 59 59 59 20 59 92 59 74 59 2 59 25 59 65 59 65 59 46 59 84 59 36 59 96 59 14 59 107 59 44 59 33 59 88 59
27 70 59 16 59 13 59 16 59 10 59 65 59 36 59 108 59 29 59 88 59 68 59 49 59 98 59 13 59 9 59 6 59 52 59 106 59 59 59 11 59 16 59 102 59 104 59 33 59 89 59 108 59 36 59
30 100 59 23 59 49 59 84 59 74 59 44 59 2 59 28 59 75 59 29 59 55 59 70 59 106 59 42 59 50 59 11 59 107 59 95 59 41 59 55 59 49 59 104 59 67 59 115 59 2 59 89 59 39 59 27 59 6 59 24 59
41 82 59 27 59 23 59 33 59 20 59 27 59 76 59 27 59 78 59 114 59 32 59 86 59 91 59 24 59 91 59 10 59 16 59 11 59 65 59 62 59 29 59 50 59 92 59 93 59 20 59 33 59 65 59 95 59 92 59 32 59 11 59 11 59 24 59 33 59 91 59 55 59 62 59 16 59 16 59 11 59 84 59
47 58 59 13 59 44 59 98 59 78 59 104 59 60 59 86 59 98 59 27 59 67 59 23 59 13 59 39 59 66 59 57 59 43 59 40 59 115 59 41 59 37 59 48 59 62 59 78 59 92 59 24 59 26 59 44 59 63 59 24 59 28 59 106 59 73 59 27 59 46 59 116 59 78 59 8 59 76 59 91 59 104 59 93 59 109 59 17 59 27 59 64 59 28 59
45 50 59 14 59 36 59 55 59 37 59 80 59 28 59 107 59 50 59 106 59 28 59 35 59 106 59 62 59 99 59 78 59 75 59 29 59 86 59 25 59 75 59 95 59 33 59 84 59 65 59 36 59 86 59 32 59 88 59 86 59 104 59 95 59 93 59 52 59 92 59 23 59 37 59 55 59 14 59 106 59 101 59 67 59 99 59 82 59 80 59
17 34 59 19 59 114 59 70 59 33 59 43 59 50 59 48 59 6 59 16 59 11 59 61 59 4 59 19 59 102 59 100 59 75 59
34 40 59 44 59 95 59 54 59 32 59 36 59 41 59 24 59 54 59 31 59 67 59 87 59 17 59 67 59 57 59 31 59 84 59 41 59 102 59 20 59 25 59 11 59 27 59 93 59 40 59 79 59 93 59 92 59 73 59 60 59 8 59 70 59 107 59 16 59
40 80 59 50 59 27 59 2 59 13 59 107 59 67 59 73 59 78 59 20 59 44 59 44 59 52 59 89 59 55 59 65 59 17 59 102 59 109 59 109 59 50 59 106 59 95 59 100 59 55 59 89 59 93 59 16 59 12 59 67 59 74 59 65 59 114 59 23 59 32 59 109 59 29 59 107 59 44 59 93 59
47 16 59 16 59 37 59 37 59 114 59 23 59 114 59 110 59 65 59 12 59 9 59 16 59 65 59 10 59 110 59 9 59 10 59 91 59 76 59 37 59 16 59 27 59 86 59 76 59 95 59 37 59 76 59 9 59 82 59 10 59 10 59 86 59 20 59 114 59 20 59 37 59 12 59 95 59 52 59 78 59 62 59 91 59 62 59 96 59 12 59 92 59 33 59
18 83 59 98 59 110 59 4 59 48 59 105 59 85 59 56 59 76 59 75 59 7 59 38 59 103 59 28 59 47 59 102 59 55 59 85 59
23 11 59 110 59 29 59 16 59 27 59 95 59 16 59 29 59 76 59 92 59 110 59 114 59 24 59 16 59 28 59 11 59 20 59 32 59 62 59 28 59 65 59 92 59 33 59
43 78 59 75 59 62 59 27 59 108 59 52 59 32 59 49 59 28 59 82 59 95 59 65 59 70 59 39 59 86 59 66 59 26 59 86 59 26 59 70 59 110 59 91 59 42 59 80 59 84 59 75 59 109 59 32 59 57 59 42 59 36 59 89 59 50 59 107 59 22 59 88 59 82 59 31 59 57 59 19 59 26 59 22 59 104 59
37 35 59 75 59 62 59 12 59 78 59 113 59 10 59 20 59 92 59 109 59 70 59 23 59 36 59 9 59 82 59 82 59 12 59 20 59 100 59 98 59 82 59 74 59 2 59 68 59 99 59 24 59 78 59 65 59 10 59 65 59 9 59 36 59 52 59 82 59 39 59 39 59 73 59
25 28 59 27 59 27 59 96 59 95 59 28 59 65 59 86 59 12 59 50 59 78 59 29 59 28 59 62 59 37 59 9 59 29 59 11 59 93 59 82 59 65 59 28 59 24 59 82 59 95 59
28 108 59 93 59 103 59 9 59 63 59 109 59 94 59 26 59 96 59 66 59 102 59 65 59 60 59 50 59 65 59 57 59 31 59 62 59 108 59 29 59 58 59 62 59 58 59 23 59 32 59 64 59 70 59 49 59
36 29 59 29 59 67 59 86 59 68 59 19 59 55 59 101 59 25 59 70 59 102 59 73 59 107 59 23 59 110 59 109 59 42 59 41 59 29 59 27 59 42 59 29 59 75 59 43 59 114 59 41 59 80 59 20 59 2 59 35 59 43 59 109 59 25 59 101 59 66 59 29 59
15 68 59 32 59 63 59 29 59 95 59 39 59 100 59 65 59 88 59 11 59 90 59 109 59 86 59 113 59 22 59
39 96 59 23 59 12 59 16 59 86 59 33 59 106 59 92 59 65 59 82 59 25 59 25 59 6 59 108 59 50 59 44 59 20 59 104 59 6 59 44 59 99 59 100 59 73 59 46 59 95 59 114 59 107 59 67 59 67 59 52 59 50 59 20 59 93 59 2 59 67 59 102 59 74 59 75 59 50 59
24 104 59 27 59 46 59 41 59 106 59 84 59 89 59 75 59 54 59 102 59 10 59 37 59 11 59 43 59 101 59 20 59 46 59 115 59 79 59 115 59 49 59 92 59 73 59 25 59
16 85 59 94 59 103 59 101 59 94 59 25 59 106 59 36 59 33 59 93 59 99 59 12 59 24 59 13 59 103 59 114 59
47 20 59 12 59 95 59 92 59 65 59 78 59 95 59 28 59 65 59 29 59 95 59 92 59 27 59 12 59 28 59 93 59 65 59 28 59 29 59 95 59 33 59 24 59 86 59 114 59 28 59 23 59 12 59 16 59 28 59 9 59 33 59 96 59 20 59 11 59 95 59 16 59 91 59 37 59 37 59 16 59 96 59 12 59 93 59 12 59 93 59 96 59 86 59
21 43 59 55 59 17 59 54 59 31 59 29 59 69 59 57 59 110 59 29 59 33 59 10 59 32 59 94 59 79 59 67 59 95 59 12 59 14 59 80 59 24 59
50 59 59 75 59 60 59 39 59 68 59 14 59 53 59 12 59 43 59 69 59 46 59 43 59 13 59 94 59 35 59 24 59 13 59 90 59 59 59 92 59 11 59 62 59 100 59 9 59 74 59 25 59 39 59 32 59 39 59 115 59 107 59 67 59 41 59 100 59 65 59 54 59 99 59 39 59 37 59 36 59 9 59 89 59 70 59 108 59 69 59 12 59 109 59 14 59 49 59 60 59
46 16 59 23 59 32 59 23 59 93 59 9 59 23 59 11 59 96 59 27 59 12 59 84 59 96 59 24 59 96 59 33 59 78 59 11 59 9 59 78 59 37 59 33 59 95 59 27 59 16 59 10 59 84 59 32 59 33 59 16 59 11 59 96 59 10 59 24 59 27 59 12 59 24 59 27 59 96 59 84 59 96 59 27 59 33 59 96 59 95 59 37 59
40 9 59 89 59 26 59 103 59 41 59 114 59 74 59 76 59 24 59 55 59 35 59 67 59 46 59 108 59 88 59 37 59 59 59 33 59 91 59 42 59 2 59 41 59 95 59 86 59 27 59 50 59 86 59 113 59 78 59 82 59 115 59 109 59 65 59 35 59 27 59 107 59 46 59 24 59 44 59 74 59
32 91 59 44 59 110 59 114 59 35 59 114 59 23 59 106 59 32 59 28 59 20 59 92 59 104 59 20 59 95 59 11 59 37 59 16 59 96 59 50 59 9 59 110 59 92 59 52 59 104 59 91 59 91 59 104 59 91 59 104 59 76 59 10 59
16 76 59 109 59 33 59 84 59 46 59 96 59 107 59 24 59 12 59 11 59 104 59 109 59 98 59 36 59 104 59 91 59
50 14 59 32 59 49 59 49 59 68 59 37 59 75 59 93 59 100 59 33 59 80 59 76 59 24 59 19 59 84 59 9 59 16 59 89 59 110 59 96 59 32 59 28 59 27 59 35 59 11 59 107 59 44 59 98 59 41 59 10 59 42 59 43 59 12 59 67 59 113 59 29 59 14 59 13 59 54 59 19 59 78 59 41 59 104 59 103 59 36 59 41 59 76 59 70 59 98 59 25 59
27 96 59 86 59 95 59 88 59 78 59 17 59 49 59 24 59 67 59 113 59 92 59 75 59 67 59 49 59 62 59 13 59 84 59 28 59 46 59 99 59 106 59 68 59 67 59 106 59 44 59 109 59 35 59
38 4 59 48 59 7 59 69 59 13 59 2 59 114 59 19 59 53 59 23 59 101 59 26 59 41 59 32 59 75 59 80 59 81 59 89 59 62 59 29 59 29 59 93 59 30 59 41 59 57 59 4 59 69 59 107 59 84 59 60 59 108 59 94 59 53 59 104 59 11 59 43 59 44 59 59 59
49 61 59 87 59 79 59 103 59 65 59 94 59 97 59 8 59 73 59 67 59 13 59 45 59 75 59 65 59 102 59 66 59 46 59 74 59 33 59 65 59 11 59 14 59 97 59 91 59 101 59 62 59 78 59 22 59 13 59 90 59 4 59 75 59 54 59 11 59 6 59 75 59 114 59 3 59 8 59 18 59 9 59 61 59 7 59 59 59 23 59 9 59 99 59 69 59 63 59
18 14 59 2 59 75 59 91 59 86 59 114 59 67 59 17 59 28 59 62 59 14 59 16 59 93 59 46 59 101 59 29 59 11 59 35 59
38 65 59 96 59 20 59 20 59 78 59 17 59 107 59 84 59 16 59 107 59 37 59 67 59 82 59 76 59 62 59 91 59 25 59 16 59 24 59 76 59 91 59 37 59 14 59 24 59 9 59 17 59 44 59 50 59 101 59 76 59 10 59 12 59 82 59 33 59 62 59 114 59 32 59 9 59
37 33 59 50 59 62 59 29 59 32 59 50 59 93 59 16 59 93 59 28 59 114 59 50 59 25 59 33 59 16 59 50 59 12 59 86 59 29 59 96 59 10 59 29 59 88 59 86 59 29 59 20 59 106 59 52 59 65 59 55 59 62 59 32 59 106 59 110 59 24 59 32 59 88 59
36 86 59 20 59 62 59 11 59 33 59 84 59 12 59 93 59 96 59 28 59 24 59 78 59 16 59 9 59 78 59 29 59 110 59 20 59 114 59 11 59 84 59 33 59 62 59 37 59 78 59 78 59 20 59 27 59 92 59 10 59 27 59 95 59 91 59 65 59 12 59 78 59
17 38 59 57 59 14 59 109 59 46 59 81 59 47 59 101 59 22 59 52 59 20 59 28 59 84 59 101 59 46 59 31 59 74 59
44 93 59 96 59 12 59 10 59 16 59 16 59 11 59 12 59 11 59 10 59 96 59 16 59 37 59 12 59 93 59 93 59 23 59 93 59 37 59 96 59 16 59 96 59 93 59 11 59 93 59 37 59 10 59 16 59 96 59 11 59 23 59 10 59 12 59 11 59 96 59 11 59 37 59 96 59 10 59 37 59 23 59 23 59 16 59 11 59
17 113 59 25 59 88 59 103 59 108 59 23 59 93 59 109 59 65 59 101 59 76 59 50 59 28 59 55 59 76 59 65 59 12 59
45 23 59 28 59 12 59 84 59 84 59 37 59 20 59 25 59 33 59 82 59 91 59 24 59 10 59 95 59 91 59 114 59 62 59 78 59 32 59 35 59 110 59 33 59 20 59 37 59 28 59 96 59 16 59 25 59 84 59 9 59 76 59 110 59 23 59 52 59 65 59 37 59 91 59 17 59 50 59 28 59 11 59 25 59 114 59 114 59 93 59
28 41 59 75 59 4 59 29 59 106 59 56 59 73 59 44 59 34 59 91 59 63 59 90 59 45 59 61 59 104 59 7 59 99 59 115 59 42 59 55 59 63 59 18 59 113 59 116 59 73 59 98 59 80 59 103 59
33 9 59 52 59 37 59 11 59 93 59 20 59 114 59 28 59 96 59 27 59 52 59 95 59 29 59 86 59 10 59 28 59 65 59 91 59 29 59 16 59 92 59 37 59 65 59 92 59 23 59 52 59 37 59 110 59 24 59 84 59 92 59 9 59 33 59
20 31 59 85 59 30 59 37 59 2 59 68 59 22 59 30 59 36 59 100 59 12 59 85 59 67 59 69 59 57 59 100 59 69 59 92 59 76 59 98 59
27 12 59 37 59 24 59 9 59 10 59 9 59 24 59 96 59 27 59 78 59 16 59 9 59 23 59 95 59 9 59 23 59 24 59 37 59 93 59 24 59 11 59 32 59 93 59 27 59 11 59 33 59 16 59
47 56 59 53 59 113 59 55 59 27 59 103 59 80 59 54 59 74 59 91 59 36 59 12 59 2 59 50 59 88 59 53 59 115 59 56 59 96 59 37 59 60 59 93 59 14 59 58 59 66 59 46 59 92 59 64 59 109 59 107 59 53 59 23 59 29 59 52 59 54 59 69 59 108 59 113 59 78 59 6 59 39 59 102 59 60 59 89 59 63 59 76 59 103 59
27 96 59 65 59 93 59 27 59 91 59 20 59 91 59 24 59 27 59 114 59 65 59 32 59 37 59 29 59 37 59 65 59 114 59 84 59 23 59 9 59 23 59 114 59 29 59 11 59 24 59 24 59 27 59
35 116 59 60 59 3 59 49 59 25 59 28 59 95 59 99 59 35 59 65 59 46 59 59 59 113 59 19 59 43 59 91 59 52 59 58 59 41 59 3 59 52 59 52 59 53 59 106 59 64 59 22 59 89 59 98 59 96 59 88 59 98 59 46 59 53 59 70 59 114 59
26 20 59 93 59 62 59 23 59 16 59 114 59 25 59 27 59 20 59 92 59 16 59 110 59 78 59 91 59 96 59 28 59 33 59 20 59 62 59 37 59 32 59 55 59 62 59 110 59 52 59 37 59
21 14 59 75 59 115 59 109 59 65 59 6 59 37 59 107 59 93 59 20 59 29 59 28 59 17 59 74 59 32 59 108 59 93 59 100 59 27 59 80 59 28 59
17 49 59 25 59 41 59 23 59 19 59 17 59 36 59 33 59 59 59 10 59 93 59 96 59 103 59 41 59 23 59 24 59 16 59
26 65 59 24 59 10 59 65 59 12 59 37 59 12 59 95 59 24 59 84 59 78 59 32 59 32 59 16 59 93 59 9 59 27 59 11 59 11 59 11 59 33 59 33 59 84 59 9 59 27 59 11 59
40 84 59 65 59 65 59 32 59 16 59 114 59 20 59 96 59 9 59 32 59 91 59 27 59 27 59 33 59 27 59 78 59 28 59 91 59 84 59 95 59 37 59 33 59 96 59 32 59 12 59 32 59 32 59 23 59 33 59 78 59 9 59 10 59 29 59 96 59 96 59 110 59 33 59 9 59 29 59 24 59
26 11 59 11 59 95 59 11 59 95 59 11 59 95 59 11 59 95 59 95 59 11 59 11 59 95 59 11 59 11 59 95 59 11 59 95 59 95 59 95 59 11 59 11 59 11 59 11 59 11 59 11 59
38 25 59 37 59 93 59 19 59 29 59 55 59 69 59 37 59 74 59 3 59 37 59 41 59 115 59 36 59 109 59 73 59 41 59 101 59 46 59 95 59 27 59 66 59 89 59 23 59 113 59 84 59 31 59 107 59 86 59 93 59 66 59 78 59 93 59 6 59 46 59 73 59 75 59 39 59
0
50 11 59 12 59 95 59 11 59 16 59 93 59 93 59 16 59 95 59 16 59 11 59 12 59 93 59 16 59 16 59 12 59 12 59 12 59 16 59 16 59 16 59 95 59 11 59 95 59 16 59 95 59 12 59 11 59 93 59 11 59 95 59 12 59 16 59 95 59 11 59 95 59 11 59 12 59 11 59 95 59 11 59 11 59 95 59 16 59 12 59 11 59 12 59 93 59 93 59 12 59
31 45 59 99 59 58 59 34 59 113 59 66 59 58 59 114 59 76 59 13 59 35 59 40 59 80 59 94 59 40 59 107 59 61 59 109 59 81 59 6 59 27 59 80 59 17 59 79 59 109 59 69 59 24 59 53 59 37 59 92 59 22 59
38 33 59 24 59 44 59 78 59 104 59 28 59 84 59 100 59 65 59 96 59 27 59 28 59 36 59 32 59 88 59 23 59 28 59 101 59 86 59 101 59 6 59 88 59 96 59 96 59 106 59 108 59 107 59 33 59 33 59 50 59 106 59 11 59 106 59 52 59 89 59 92 59 113 59 33 59
27 36 59 12 59 93 59 104 59 110 59 24 59 28 59 11 59 32 59 95 59 88 59 115 59 62 59 78 59 20 59 82 59 78 59 74 59 44 59 84 59 16 59 52 59 115 59 114 59 16 59 37 59 65 59
19 75 59 106 59 36 59 11 59 65 59 10 59 29 59 52 59 93 59 6 59 96 59 33 59 28 59 73 59 114 59 95 59 27 59 82 59 67 59
22 88 59 92 59 114 59 91 59 114 59 91 59 84 59 33 59 32 59 33 59 76 59 32 59 12 59 50 59 96 59 96 59 29 59 20 59 25 59 75 59 67 59 27 59
37 67 59 29 59 9 59 67 59 27 59 50 59 2 59 74 59 35 59 95 59 44 59 20 59 17 59 2 59 86 59 110 59 107 59 99 59 2 59 10 59 37 59 101 59 114 59 92 59 86 59 91 59 62 59 12 59 114 59 55 59 65 59 32 59 104 59 106 59 75 59 67 59 23 59
48 50 59 62 59 16 59 114 59 32 59 110 59 52 59 25 59 98 59 76 59 110 59 27 59 113 59 73 59 37 59 59 59 10 59 102 59 39 59 107 59 20 59 46 59 50 59 13 59 110 59 115 59 104 59 110 59 76 59 70 59 106 59 50 59 2 59 23 59 17 59 37 59 107 59 13 59 59 59 6 59 35 59 41 59 10 59 91 59 13 59 82 59 20 59 110 59
47 9 59 28 59 91 59 92 59 106 59 76 59 44 59 27 59 12 59 91 59 106 59 16 59 96 59 88 59 78 59 11 59 91 59 20 59 9 59 11 59 65 59 91 59 25 59 27 59 33 59 65 59 110 59 92 59 96 59 37 59 33 59 86 59 78 59 88 59 16 59 93 59 25 59 11 59 33 59 29 59 28 59 32 59 106 59 11 59 52 59 86 59 20 59
26 71 59 22 59 104 59 96 59 24 59 59 59 46 59 61 59 103 59 114 59 34 59 76 59 62 59 30 59 84 59 31 59 107 59 50 59 34 59 89 59 107 59 53 59 57 59 9 59 66 59 70 59
44 95 59 96 59 23 59 92 59 76 59 37 59 76 59 50 59 86 59 16 59 16 59 91 59 50 59 92 59 76 59 91 59 24 59 27 59 93 59 52 59 110 59 91 59 24 59 28 59 25 59 82 59 92 59 24 59 92 59 95 59 110 59 20 59 93 59 50 59 91 59 93 59 9 59 62 59 76 59 93 59 52 59 23 59 76 59 25 59
21 33 59 12 59 101 59 11 59 93 59 37 59 32 59 14 59 16 59 114 59 82 59 27 59 11 59 106 59 76 59 17 59 76 59 50 59 78 59 50 59 9 59
32 36 59 78 59 32 59 62 59 46 59 102 59 32 59 86 59 107 59 33 59 24 59 92 59 100 59 95 59 6 59 82 59 14 59 86 59 55 59 80 59 104 59 23 59 12 59 33 59 35 59 93 59 109 59 28 59 25 59 35 59 99 59 16 59
28 46 59 37 59 114 59 32 59 107 59 95 59 62 59 67 59 16 59 55 59 110 59 96 59 32 59 114 59 92 59 62 59 73 59 33 59 96 59 14 59 104 59 102 59 23 59 62 59 82 59 104 59 44 59 75 59
34 11 59 96 59 37 59 84 59 9 59 10 59 33 59 12 59 23 59 65 59 28 59 24 59 27 59 33 59 91 59 65 59 91 59 78 59 28 59 78 59 37 59 28 59 10 59 29 59 95 59 10 59 11 59 84 59 65 59 78 59 37 59 28 59 24 59 32 59
43 51 59 72 59 97 59 106 59 23 59 73 59 60 59 15 59 23 59 44 59 115 59 4 59 65 59 26 59 94 59 78 59 40 59 90 59 100 59 64 59 18 59 45 59 57 59 73 59 39 59 28 59 115 59 89 59 50 59 31 59 41 59 65 59 98 59 55 59 30 59 86 59 68 59 60 59 90 59 102 59 14 59 88 59 94 59
37 5 59 30 59 63 59 101 59 110 59 18 59 111 59 90 59 91 59 41 59 110 59 80 59 110 59 7 59 78 59 79 59 110 59 82 59 81 59 48 59 50 59 34 59 95 59 116 59 53 59 94 59 49 59 3 59 41 59 98 59 87 59 13 59 33 59 87 59 91 59 67 59 91 59
38 10 59 109 59 20 59 84 59 14 59 67 59 27 59 67 59 107 59 67 59 110 59 104 59 110 59 86 59 33 59 17 59 104 59 17 59 37 59 67 59 16 59 10 59 115 59 2 59 101 59 78 59 14 59 44 59 46 59 114 59 23 59 86 59 29 59 44 59 73 59 76 59 100 59 35 59
31 37 59 91 59 32 59 16 59 65 59 78 59 24 59 84 59 95 59 33 59 29 59 78 59 12 59 23 59 65 59 33 59 95 59 12 59 65 59 78 59 24 59 84 59 16 59 78 59 10 59 78 59 96 59 32 59 9 59 28 59 11 59
45 52 59 12 59 96 59 82 59 80 59 14 59 11 59 33 59 36 59 88 59 24 59 80 59 92 59 96 59 37 59 76 59 44 59 25 59 35 59 44 59 50 59 23 59 37 59 104 59 33 59 35 59 29 59 84 59 74 59 92 59 29 59 80 59 9 59 62 59 78 59 78 59 28 59 92 59 92 59 95 59 107 59 62 59 9 59 33 59 80 59
17 68 59 74 59 49 59 54 59 80 59 49 59 100 59 102 59 19 59 63 59 58 59 109 59 49 59 44 59 79 59 96 59 22 59
