262
33 73 169 81 253 80 140 199 52 49 229 261 263 163 89 115 273 134 59 233 44 69 29 256 281 109 123 242 208 214 228 60 124 105 294 75 71 86 7 178 180 169 263 175 221 262 11 237 212 55 266 29 22 194 207 127 104 86 25 134 204 254 187 56 36 64 204
29 197 138 225 251 38 33 240 177 191 230 160 11 154 109 49 235 116 225 34 263 177 80 185 65 123 89 234 121 99 177 72 134 242 290 182 5 213 227 161 278 210 22 257 180 212 43 35 188 51 59 39 236 124 136 8 190 220 25
29 9 42 132 198 84 132 250 50 32 265 107 114 34 157 198 24 201 181 191 268 233 47 177 112 142 114 80 105 104 171 249 0 83 143 157 119 79 74 29 102 131 78 202 79 216 52 50 278 178 25 110 81 111 101 194 265 171 102
26 13 259 137 265 159 232 137 6 119 10 108 273 57 122 246 238 59 248 18 36 186 67 17 145 222 168 49 122 32 253 166 183 120 203 113 217 57 262 119 216 212 286 39 224 12 188 92 96 231 207 125 247
23 141 76 107 133 157 265 60 39 34 281 96 284 50 5 105 215 28 5 16 169 126 239 128 174 206 229 176 196 168 50 86 43 152 130 86 294 250 165 61 197 10 149 169 177 253 221
24 28 232 4 262 4 210 7 265 111 194 59 143 124 281 189 86 195 196 106 149 125 51 231 104 94 77 164 59 50 2 230 87 113 272 201 30 231 70 146 248 248 70 106 175 126 158 108 143
40 237 278 217 156 190 287 72 98 113 286 211 123 25 133 144 215 71 98 49 107 261 125 40 270 32 135 133 138 14 278 41 177 241 36 186 218 133 8 65 97 198 60 113 213 40 115 186 76 32 109 190 140 49 170 237 52 144 236 246 152 195 121 217 5 113 35 91 139 119 180 54 42 18 82 99 174 41 27 14 40
36 188 48 224 184 107 188 125 269 245 186 60 180 146 180 18 68 96 12 28 216 177 191 5 21 196 0 192 30 34 108 28 135 177 47 135 62 259 101 169 125 238 237 16 95 106 83 179 103 155 29 148 138 26 119 246 64 145 219 178 171 66 28 230 93 99 139 133 262 128 190 191 131
39 153 87 77 162 106 282 204 281 99 123 218 93 67 127 87 0 161 142 133 48 171 179 262 52 113 166 49 73 5 170 247 109 135 152 184 291 150 193 17 27 21 139 93 54 113 0 259 288 259 171 158 68 224 172 180 55 23 120 167 209 157 38 252 5 94 100 235 127 21 238 77 224 239 88 86 13 51 239
23 108 140 246 11 133 47 234 182 198 107 40 75 236 18 166 23 211 109 119 220 255 50 148 16 53 119 41 119 228 23 178 279 17 76 211 95 88 80 253 115 144 14 17 212 177 185
36 139 11 116 148 166 210 144 15 243 139 118 78 139 223 54 197 33 172 34 282 34 277 130 232 129 77 207 271 178 232 134 171 88 3 12 176 9 274 28 162 28 66 101 99 85 48 104 170 30 234 112 121 83 299 197 209 166 57 165 173 50 85 104 287 167 277 224 275 214 89 104 173
24 159 255 244 67 186 92 142 137 198 7 137 214 49 211 49 239 46 237 211 230 130 148 91 207 126 233 244 18 99 232 186 52 223 293 195 168 186 265 49 62 234 69 261 67 190 194 133 158
43 195 126 82 222 18 77 133 266 57 93 210 138 261 37 168 61 168 261 222 199 108 296 108 177 54 252 206 45 212 94 60 43 228 46 14 128 212 4 182 122 133 234 17 170 106 9 253 131 40 71 65 22 7 295 206 275 198 82 49 78 72 272 106 26 113 24 142 7 202 34 237 201 246 194 222 64 25 14 21 180 148 179 133 235 198 299
0
46 157 16 231 16 166 199 30 13 5 172 212 269 190 245 46 185 247 52 230 122 72 170 30 143 111 207 50 260 239 57 255 139 104 33 100 41 19 190 102 21 43 285 202 236 98 280 256 141 32 15 147 125 210 154 138 38 219 197 255 241 128 280 196 34 213 254 212 261 27 272 27 176 242 231 84 44 6 285 189 0 49 110 12 199 23 121 147 235 104 249 168 149
15 14 56 184 59 253 227 182 210 166 167 130 68 106 89 119 77 166 88 82 293 244 194 169 3 43 114 202 177 59 130
35 144 214 142 120 49 68 137 42 206 85 108 2 108 26 104 253 190 293 127 56 25 228 237 128 217 58 237 155 184 85 241 176 223 270 43 159 217 183 244 146 49 88 261 104 137 74 91 69 211 266 54 265 184 10 25 255 211 150 7 219 119 147 248 137 57 255 223 151 237 266
17 137 239 133 29 133 265 133 215 137 3 137 161 133 282 133 92 14 189 14 293 137 196 14 66 133 183 14 47 133 241 14 137 14 148
35 260 2 146 88 176 239 242 242 32 93 53 193 37 300 201 95 195 103 93 154 224 258 178 295 155 239 205 222 181 288 249 117 172 135 119 34 213 270 26 290 151 45 235 139 201 148 221 285 117 160 86 185 225 260 235 225 29 142 225 291 245 168 29 162 165 281 209 299 203 19
31 82 232 18 33 210 23 210 276 236 220 10 230 259 11 236 114 100 172 236 191 184 20 155 299 98 25 145 64 144 84 211 68 235 213 58 95 166 67 234 288 214 21 166 29 27 165 146 27 159 290 82 194 206 247 211 231 60 290 168 112 209 126
25 14 32 49 66 40 53 142 22 144 251 43 126 127 99 119 272 133 287 237 140 72 33 71 68 71 224 57 113 126 251 212 298 91 16 142 224 223 41 41 32 18 163 168 271 17 279 206 143 228 261
27 25 100 137 181 14 21 82 178 252 210 141 25 38 76 60 238 205 196 116 128 208 4 88 239 221 216 192 121 27 79 119 94 242 17 213 191 255 133 41 71 17 140 242 93 246 243 145 253 94 76 60 81 185 49
36 17 290 65 74 210 212 68 36 7 41 91 89 192 145 127 258 100 121 169 285 130 97 127 61 261 32 201 182 174 170 225 123 167 29 168 210 214 251 261 271 241 153 12 200 167 130 217 273 174 49 255 291 182 155 104 60 198 272 231 242 161 128 212 95 69 197 170 290 82 243 182 132
45 11 135 3 215 48 40 157 73 35 282 178 222 137 50 6 184 209 95 198 124 222 7 181 129 100 22 98 143 236 14 200 297 147 5 100 152 18 93 254 148 207 173 90 151 102 124 179 291 173 233 204 265 98 208 9 212 183 91 150 192 44 234 224 80 80 12 223 195 9 3 3 258 136 54 56 155 142 106 5 39 43 264 60 100 215 90 140 18 222 9
32 41 127 137 156 108 253 41 252 176 75 195 242 133 247 41 61 184 24 41 14 184 159 18 267 176 193 176 283 14 99 176 128 195 103 184 164 41 243 237 173 18 226 133 279 108 127 18 125 195 126 14 6 54 286 184 251 184 202 41 174 237 180 54 148
22 65 267 211 274 109 187 160 119 178 148 185 197 146 22 130 235 178 296 237 270 146 128 205 56 54 204 65 44 113 94 168 284 137 291 235 230 129 44 60 233 196 142 72 223
29 68 161 195 176 99 46 107 147 172 274 43 117 100 55 29 77 38 80 68 238 224 46 261 139 259 239 241 153 234 80 99 29 206 126 223 296 256 200 41 86 14 162 253 87 142 293 38 267 29 223 185 177 41 98 138 79 209 23
43 223 145 202 1 91 124 169 170 217 131 224 85 54 181 235 99 142 210 46 156 245 29 39 188 223 89 211 8 255 5 177 214 90 297 130 95 210 76 91 157 210 163 43 182 39 128 92 11 249 266 88 202 208 10 60 88 71 64 245 227 10 129 126 266 237 294 161 157 88 77 236 197 136 115 39 281 119 214 210 25 16 17 184 263 234 215
24 155 36 225 246 164 168 107 45 49 266 120 287 116 107 25 200 120 18 104 34 126 216 160 22 14 201 49 238 217 42 184 91 156 31 261 19 262 135 253 187 91 22 178 98 54 215 211 106
25 229 132 93 254 221 83 133 104 237 43 256 211 157 104 236 79 255 64 51 130 116 231 151 230 120 128 256 214 205 50 120 79 168 51 25 284 44 38 218 73 236 61 54 182 79 211 36 231 58 173
28 88 145 211 64 33 254 247 228 222 297 39 216 7 86 198 112 102 114 23 116 12 66 242 255 220 205 237 290 224 129 107 268 192 280 214 127 99 221 206 92 190 256 39 89 188 64 190 197 170 219 117 221 231 99 192 283
34 108 28 176 88 104 158 54 11 198 90 91 226 168 13 168 171 217 150 144 299 241 176 184 122 253 245 14 292 54 1 25 133 241 153 65 207 18 173 65 102 198 253 57 246 184 277 25 105 190 167 43 268 186 65 71 266 133 14 41 179 25 175 237 132 237 228 40 162
21 151 289 150 0 214 32 130 9 126 66 229 269 59 161 253 21 195 130 104 276 244 110 145 89 206 118 68 3 148 66 92 148 169 293 141 118 39 247 92 300 181 1
44 159 34 20 199 51 41 236 183 105 108 116 122 177 6 10 53 61 73 82 10 14 125 28 89 246 159 61 117 13 191 116 109 241 64 120 171 248 148 148 254 155 287 12 251 201 47 27 50 252 286 7 17 84 117 57 87 168 76 189 272 65 291 166 162 152 288 211 191 84 270 20 241 106 73 189 55 17 36 51 140 217 127 57 212 161 123 189 283
43 239 140 155 109 100 117 230 192 100 80 169 281 176 271 203 234 219 180 183 98 239 52 221 147 165 46 104 134 198 3 109 298 149 261 150 36 182 149 58 286 247 40 71 244 4 96 112 141 59 53 65 33 77 290 41 201 190 198 102 213 176 245 183 146 96 128 108 75 172 153 129 10 17 165 6 146 31 295 128 34 238 213 239 299 161 158
31 7 126 177 93 248 286 136 218 66 212 18 282 116 31 201 15 99 66 90 187 16 283 159 1 92 52 53 13 32 192 262 170 46 30 237 193 142 105 32 123 117 230 92 70 125 133 148 253 107 199 246 9 160 197 237 33 116 75 140 91 148 234
49 240 20 157 239 137 227 155 174 169 148 185 47 177 45 166 276 209 10 111 166 192 292 152 279 236 6 133 237 69 270 65 32 161 24 146 131 90 185 109 53 98 169 161 77 145 225 221 118 12 5 71 225 120 89 202 239 7 12 198 164 54 228 142 94 209 267 12 258 54 177 222 65 182 87 120 240 150 239 172 282 69 160 247 58 243 3 126 296 177 299 217 133 245 246 133 105 105 141
44 164 126 225 175 168 126 10 177 212 109 168 222 59 206 17 240 108 214 212 222 253 155 90 41 201 139 198 206 177 248 107 188 43 237 88 184 223 209 167 294 244 155 172 102 212 265 117 98 168 58 136 150 221 225 133 12 72 221 261 99 261 135 198 87 21 122 16 76 113 17 10 27 145 186 178 80 49 42 137 5 156 190 212 236 168 25 66 17
46 159 300 127 165 41 25 54 29 65 296 198 42 142 145 217 72 106 57 108 272 137 117 46 228 156 47 91 76 60 273 244 185 144 124 248 184 49 34 253 108 133 277 253 43 12 258 159 44 248 66 130 295 12 57 72 192 126 126 21 94 223 294 223 200 7 76 25 243 190 110 253 189 25 216 60 110 60 9 142 135 241 137 104 213 186 173 65 16 241 164 176 277
18 14 12 195 123 108 8 133 92 176 270 18 18 190 124 133 272 133 266 49 195 14 198 108 231 195 280 206 213 41 235 54 56 176 203 206 175
39 137 19 54 213 133 8 133 180 18 243 18 294 137 274 14 248 184 178 14 103 176 201 176 184 133 106 133 295 14 262 184 102 54 185 184 236 137 17 137 17 14 209 54 84 133 163 176 83 133 268 137 74 18 242 184 247 184 64 176 33 18 257 14 197 14 10 18 81 176 277 54 87 18 93 18 127 137 112
27 86 35 249 201 195 92 23 179 235 51 117 61 177 80 32 241 44 129 104 145 57 204 100 169 148 229 12 55 203 188 84 110 21 162 103 166 72 222 47 33 96 253 172 128 99 195 165 272 65 162 37 202 104 70
43 261 68 234 274 241 132 137 238 65 166 261 295 211 77 244 50 184 118 41 281 14 43 57 275 137 279 127 94 119 273 65 120 253 280 190 212 237 180 190 193 144 15 18 265 253 276 217 34 65 205 190 45 217 186 176 89 253 285 261 36 234 50 25 238 234 13 65 286 217 127 65 262 261 230 246 216 54 48 223 281 206 133 206 244 133 73
48 211 154 126 174 168 256 225 229 237 4 133 150 211 261 247 246 32 165 228 28 166 45 246 227 66 88 127 15 38 87 119 2 250 54 27 230 186 75 43 17 71 134 156 27 161 100 186 282 39 275 129 252 23 115 106 53 172 279 206 112 178 20 72 242 53 28 38 235 184 273 43 46 161 24 71 218 223 100 181 164 211 61 32 28 167 292 184 119 186 55 25 79 57 296 167 186
19 61 278 51 91 246 255 66 52 72 96 126 14 249 115 38 12 141 221 240 252 235 73 235 86 242 256 214 208 234 140 69 169 59 40 120 119 208 153
17 142 194 133 161 14 110 108 33 14 185 223 300 186 243 71 99 91 165 159 28 176 244 234 49 43 60 72 161 176 254 186 24 198 48
36 20 256 19 22 189 34 26 211 12 263 182 255 242 164 27 21 34 146 160 126 128 262 29 102 72 66 86 95 6 258 107 60 174 177 18 249 69 267 148 19 213 11 225 109 71 277 38 269 120 270 88 38 196 272 167 164 5 38 146 127 116 25 23 99 18 72 111 114 12 19 40 98
35 2 19 171 55 207 56 52 277 13 15 152 58 42 181 107 269 262 274 47 84 74 287 148 134 58 273 260 55 127 275 46 40 171 111 182 65 100 149 28 160 193 234 211 80 70 27 168 88 188 106 64 169 130 46 172 165 186 174 171 154 70 239 108 198 142 72 93 142 217 165
25 176 20 133 158 195 185 18 290 137 62 237 82 54 221 41 85 108 164 237 62 190 197 237 209 190 9 54 269 14 47 206 263 108 31 184 226 184 64 237 154 237 175 108 71 41 78 206 18 195 239
40 14 78 46 139 167 61 54 182 23 135 106 240 242 292 144 169 127 235 68 297 117 254 12 202 32 94 44 196 259 40 119 263 113 223 58 197 44 18 126 248 39 77 109 12 68 242 184 44 72 107 166 203 231 210 107 156 74 264 170 29 65 132 88 142 117 78 60 222 253 291 252 267 12 109 58 274 104 277 168 137
20 247 94 18 116 106 109 71 290 68 10 125 200 157 200 192 231 246 162 65 136 202 256 53 50 29 231 7 150 196 161 201 254 10 40 209 280 196 33 133 268
25 173 188 238 31 91 73 75 168 104 155 219 175 45 203 27 101 16 42 148 123 166 99 220 32 178 162 167 254 253 234 69 63 64 62 230 94 222 213 155 200 64 26 172 296 188 168 140 2 53 247
16 210 206 107 252 40 233 116 75 195 168 159 131 172 232 177 299 161 69 129 206 212 136 100 185 234 46 46 226 32 238 13 17
24 14 162 133 35 137 279 184 209 184 63 133 202 137 36 14 0 137 184 14 84 18 164 18 184 133 209 184 148 184 214 184 115 14 80 184 202 133 264 133 56 14 72 133 196 18 280 184 274
35 85 214 196 109 104 3 244 159 214 241 257 218 96 55 178 7 160 105 5 275 42 240 102 192 38 207 8 233 28 299 184 235 42 138 224 75 238 210 174 129 40 183 84 174 57 115 102 77 40 262 93 166 119 206 224 78 217 277 57 122 12 256 21 6 12 274 166 23 155 34
39 208 21 37 55 151 119 230 96 40 149 162 32 50 80 63 258 221 203 36 271 234 279 99 47 262 49 72 160 72 153 248 189 130 84 98 182 7 61 14 199 211 193 127 5 40 201 84 34 166 238 259 99 167 81 107 4 155 168 168 201 47 65 212 211 159 86 255 117 261 274 46 203 6 200 42 235 127 203
34 54 251 190 122 119 222 25 178 133 50 137 66 133 54 119 174 40 14 108 150 49 112 54 60 133 26 184 45 176 79 91 280 206 270 126 17 176 293 25 14 195 29 40 122 108 180 108 98 49 84 176 118 237 136 126 40 71 116 237 106 198 57 41 184 91 184 237 197
17 21 177 145 201 17 109 248 161 244 295 255 210 116 102 148 122 245 184 106 13 169 259 21 248 38 282 54 177 212 298 10 221 231 173
23 108 127 142 59 32 155 228 43 54 264 237 158 206 143 144 31 17 1 169 76 244 210 212 286 190 280 206 134 156 252 41 80 25 244 127 37 261 81 12 198 137 283 247 280 12 127
18 212 160 14 79 65 280 168 92 168 239 65 271 234 129 17 78 244 288 244 267 217 125 211 202 126 252 72 278 142 162 212 190 57 80 237 288
45 185 251 88 129 82 82 160 268 126 82 90 79 203 241 38 299 43 193 182 276 40 138 120 133 90 50 29 84 117 87 184 133 104 253 228 34 249 86 186 243 210 179 241 188 74 270 186 297 212 265 46 277 244 198 141 226 249 172 159 14 130 20 174 192 84 222 223 101 242 164 225 242 210 112 168 159 84 45 256 62 209 228 130 244 128 248 68 104 43 202
16 8 43 201 65 29 117 43 287 128 6 108 261 221 287 241 299 44 275 238 154 68 240 245 204 128 19 206 285 99 173 63 26
38 240 80 10 291 191 236 16 2 71 217 261 151 234 281 249 8 98 15 177 287 219 31 8 54 191 30 27 39 7 283 229 211 145 88 135 256 222 285 106 220 43 192 12 119 91 222 222 49 169 17 133 133 59 208 50 145 202 42 17 29 205 82 168 256 85 196 242 204 86 270 188 161 105 277 145 170
41 219 276 94 181 169 260 36 239 112 10 161 229 237 162 32 141 91 236 58 12 162 117 129 9 230 1 256 62 102 9 26 93 262 214 85 275 164 161 240 46 136 265 31 234 134 131 38 142 155 183 20 1 20 100 252 36 14 106 172 109 166 127 244 51 59 147 34 24 133 144 256 238 156 258 62 83 225 24 5 108 39 127
38 18 295 49 86 246 11 217 225 14 125 246 154 137 27 25 149 176 284 57 209 14 147 246 286 25 145 49 142 91 13 119 61 133 116 54 208 40 211 49 91 198 168 40 167 211 274 195 165 108 112 119 128 14 44 206 169 108 205 104 183 190 1 190 267 206 228 246 131 49 120 234 162 246 91 57 198
15 261 226 225 229 228 46 104 258 7 174 91 170 126 164 186 44 127 99 43 84 21 238 99 227 72 275 21 285 168 137
46 185 1 57 238 137 252 136 283 18 17 168 178 196 155 26 299 37 27 140 235 242 7 66 114 229 99 22 12 7 223 138 136 105 79 103 54 253 54 83 65 149 276 184 135 87 188 242 9 223 174 262 105 90 128 174 77 235 58 55 124 168 19 239 1 38 21 103 57 40 10 159 219 5 52 19 20 191 32 167 165 141 255 210 124 102 34 53 14 218 58 134 96
43 127 123 66 54 29 268 14 191 7 253 246 57 71 146 107 159 214 236 178 5 253 159 236 262 126 237 43 151 38 183 7 266 212 162 167 53 253 193 172 138 164 49 202 76 261 209 17 60 12 245 72 251 186 15 53 97 223 232 176 234 133 40 192 61 126 157 161 285 222 112 38 217 246 52 164 127 164 182 126 269 160 300 13 103 40 213
35 198 135 144 235 17 45 25 240 7 14 7 197 246 38 60 281 7 137 108 169 54 104 127 127 60 71 14 59 142 266 72 206 25 267 168 39 49 7 104 92 40 44 248 74 261 287 43 175 184 242 18 182 190 167 104 265 46 224 57 55 65 172 206 264 248 254 127 84 126 103
40 201 139 30 169 4 24 50 40 213 219 137 261 149 18 55 33 8 146 107 169 134 188 259 236 218 7 91 73 184 176 57 226 55 72 210 69 20 11 93 68 119 23 159 134 107 82 79 246 6 283 139 196 145 4 162 217 49 220 130 81 179 155 68 15 14 196 222 124 239 281 128 114 119 299 133 2 18 171 130 106
30 108 66 41 67 176 70 176 8 133 236 190 195 190 132 54 24 14 98 195 109 25 52 18 243 195 134 25 82 184 104 137 256 190 192 54 291 14 75 18 184 108 112 190 103 54 291 126 18 246 129 190 158 49 163 184 285 237 4 108 282
17 133 124 253 245 126 194 186 222 108 147 40 244 184 107 211 190 71 151 71 80 198 129 14 22 49 256 198 146 217 6 49 288 41 266
43 97 75 258 169 35 241 107 18 212 158 128 198 261 222 244 86 6 188 200 199 191 219 77 238 150 223 131 13 124 118 172 198 28 54 75 63 243 217 246 170 257 75 32 61 227 286 219 17 229 105 155 86 87 14 155 185 40 104 82 272 115 223 110 90 205 86 245 10 202 256 31 264 23 218 81 278 95 248 235 11 120 13 154 45 144 13
22 29 175 234 59 58 247 202 209 25 126 237 192 206 286 137 24 119 281 66 114 141 170 177 5 32 20 259 125 128 21 256 92 49 295 160 119 38 192 160 263 206 13 38 267
48 62 153 26 170 120 225 47 276 148 34 262 190 124 236 42 193 201 272 180 24 188 131 201 129 156 138 167 229 249 201 14 35 126 102 180 44 226 88 45 51 50 64 68 198 59 242 93 69 138 152 245 177 244 156 145 290 230 237 95 50 186 81 210 114 231 170 41 144 221 183 44 250 126 202 226 245 201 67 58 100 116 239 167 171 134 150 190 246 106 56 237 85 184 207 19 202
17 41 60 44 48 108 152 249 122 100 115 159 106 255 228 238 90 101 100 29 228 12 39 22 26 29 285 5 57 18 80 130 133 123 182
23 38 162 106 275 252 126 50 43 16 141 23 48 23 5 180 250 90 215 246 255 119 73 99 198 54 0 180 267 138 55 53 213 88 187 39 120 150 22 44 100 16 215 225 231 262 107
21 118 160 193 13 111 86 155 105 225 245 182 8 179 97 258 203 242 49 84 187 25 156 82 293 132 48 109 19 236 191 137 209 204 260 186 7 140 252 225 75 252 64
29 191 69 20 201 68 228 61 73 93 134 138 273 230 58 162 52 247 264 168 153 127 249 103 82 18 17 88 126 85 106 18 92 162 68 138 68 229 81 133 63 96 118 40 156 235 257 127 175 262 255 47 87 156 179 71 63 148 104
50 78 202 56 160 238 173 158 122 93 184 193 16 105 49 5 141 117 38 38 117 108 294 213 74 164 39 212 47 46 255 204 21 9 258 59 197 76 188 166 129 134 38 86 101 158 42 151 1 184 96 206 247 50 156 201 37 193 188 83 113 246 293 214 131 235 0 246 281 197 173 182 192 57 42 77 102 254 289 42 295 261 32 151 135 170 4 184 269 248 217 194 79 78 57 214 163 2 98 71 73
16 24 295 115 100 154 73 67 191 68 56 11 90 216 62 27 143 234 241 17 52 179 105 65 42 31 290 190 42 191 8 154 284
25 186 96 223 46 106 223 144 288 12 77 137 29 211 217 43 248 69 237 247 129 66 96 168 117 65 46 195 135 119 246 126 155 39 293 246 199 190 94 169 105 32 278 190 274 247 253 49 86 186 292
31 183 296 22 140 134 218 231 208 25 72 164 44 238 299 190 34 104 28 206 196 7 264 120 12 220 268 236 224 249 48 221 94 211 257 144 217 96 270 208 175 119 2 142 22 51 82 190 19 39 71 25 167 111 159 209 34 109 109 184 104 7 31
23 23 262 136 158 253 64 125 93 91 3 160 88 231 286 38 194 60 142 242 160 196 260 120 138 195 175 17 237 141 147 209 158 99 284 174 123 223 242 133 67 39 84 164 239 117 32
34 206 203 209 278 206 79 252 220 248 277 68 233 242 221 120 117 225 18 14 160 237 276 241 58 140 199 240 215 174 28 234 243 57 133 16 145 25 157 164 190 209 43 206 234 242 178 44 179 45 291 262 177 59 161 54 175 242 88 185 85 167 58 5 44 16 160 43 74
23 148 233 236 211 192 149 261 198 164 206 137 203 129 84 119 209 108 294 46 109 202 218 169 77 166 300 261 114 172 291 127 43 28 131 44 15 246 295 245 121 128 229 243 164 108 141
44 28 167 54 300 161 182 120 56 96 291 5 78 203 40 125 244 109 68 241 202 113 150 90 189 10 94 170 283 56 269 129 111 96 139 162 83 36 7 85 31 135 257 58 0 83 169 112 191 246 272 222 46 66 74 103 185 128 226 147 228 46 179 79 105 42 266 142 226 27 128 129 299 51 183 134 300 65 256 257 299 103 111 240 260 183 277 230 300
38 184 222 137 28 91 13 159 262 156 297 261 210 182 162 91 242 156 202 59 249 82 20 148 79 228 28 69 184 253 91 72 273 253 281 225 261 169 256 148 289 148 0 7 220 228 129 46 169 248 13 166 246 241 198 69 4 25 139 99 183 127 58 113 15 223 108 106 19 21 33 65 35 91 73 32 148
18 26 271 5 90 47 300 52 228 77 66 230 269 139 151 170 234 102 6 136 40 131 138 23 138 122 207 142 31 172 164 83 252 79 237 61 242
29 178 138 113 232 182 215 249 103 217 125 255 12 202 235 12 144 113 101 65 176 12 198 59 264 119 1 88 95 41 102 106 37 195 292 221 73 190 250 106 240 156 78 177 222 217 257 259 251 119 281 244 106 184 29 192 191 145 109
25 25 250 126 245 176 28 119 95 14 178 54 58 14 78 246 248 206 299 18 246 18 270 41 250 206 84 137 290 190 221 25 19 195 37 176 127 198 278 119 60 41 294 41 32 71 234 237 188 246 66
19 222 14 54 149 223 66 119 71 46 242 39 8 104 245 148 77 12 299 145 251 228 143 142 55 21 89 210 202 57 242 119 208 231 32 253 122 221 123
20 116 289 152 180 106 183 214 66 141 81 186 27 166 13 182 198 214 251 186 293 256 124 46 278 141 169 130 262 235 194 144 182 174 295 235 265 252 7 99 242
25 138 31 214 245 72 282 244 234 109 104 72 271 247 223 205 27 29 187 84 17 66 159 202 29 176 279 256 263 88 44 17 126 18 40 262 239 217 92 242 21 170 161 190 193 160 83 217 138 14 76
50 50 273 147 199 172 5 231 204 54 217 255 40 240 70 82 6 208 115 25 87 68 83 240 101 10 283 182 37 222 215 20 171 190 177 44 209 157 241 51 292 113 241 125 91 58 249 84 116 111 32 40 243 34 247 86 248 98 138 49 289 248 248 198 251 244 219 109 51 51 189 231 220 133 147 206 116 117 37 148 300 202 158 243 195 44 164 167 246 212 248 152 239 145 153 41 46 145 203 84 266
32 44 186 195 145 238 45 105 28 29 251 16 266 51 174 210 145 240 85 240 221 138 49 196 159 44 183 150 260 253 115 225 80 68 263 109 88 189 249 167 12 259 144 112 29 252 150 107 112 172 167 53 123 90 201 126 28 25 177 13 240 221 128 58 135
26 194 186 232 158 187 108 64 291 49 28 114 82 202 299 125 191 175 43 183 100 196 107 63 75 207 87 184 264 252 160 163 4 69 207 163 148 45 115 57 154 165 86 164 22 220 96 247 155 167 21 53 159
18 58 30 40 268 25 123 92 250 107 259 255 236 198 21 116 80 17 48 100 130 17 88 152 23 13 91 244 48 58 193 100 12 130 292 196 279
24 65 37 261 191 57 99 144 88 126 295 126 265 137 22 41 249 65 192 108 295 241 132 65 224 237 247 190 296 195 290 244 116 25 207 91 17 133 133 168 156 137 204 211 227 57 87 244 284
50 137 99 18 135 217 72 65 276 247 32 201 22 176 126 16 240 184 190 246 166 198 99 145 1 137 207 170 210 222 84 144 178 13 235 99 93 72 228 223 256 108 245 60 203 231 137 57 5 119 231 18 62 236 111 190 150 223 49 4 198 237 116 13 202 21 271 259 36 65 243 198 26 32 33 71 187 91 76 43 128 65 178 190 115 182 254 255 71 49 85 13 213 4 45 4 215 41 41 57 204
25 135 70 250 290 209 298 82 93 19 16 127 183 83 295 239 234 219 153 129 40 260 127 144 273 41 37 180 196 250 148 18 234 117 5 98 286 214 239 184 122 52 223 59 88 117 19 212 186 241 62
37 205 202 36 279 156 257 253 297 239 37 50 60 212 191 129 183 125 43 210 199 53 231 120 134 135 165 36 136 159 291 253 174 99 292 21 70 184 25 245 70 223 3 142 300 210 129 99 73 46 217 165 221 125 2 249 122 214 90 53 129 182 44 145 167 98 175 213 64 50 207 34 42 256 2
34 252 144 155 277 166 2 50 170 241 215 212 281 249 58 10 174 170 173 231 272 128 94 29 167 177 74 111 78 69 83 66 46 90 231 201 251 137 182 21 184 256 11 138 110 164 14 235 100 255 205 201 57 17 155 72 200 244 117 112 219 13 16 105 271 129 137 181 194
36 176 20 198 161 25 232 49 42 253 237 246 174 195 270 25 32 190 213 57 266 71 190 54 195 25 252 217 186 49 214 234 181 14 46 57 39 71 257 234 145 49 192 54 86 217 264 190 287 71 60 91 262 217 212 137 147 54 100 119 158 133 149 198 130 40 64 253 128 91 158 54 139
20 206 62 72 233 195 83 224 197 44 173 17 64 127 37 61 251 65 254 184 74 236 123 217 261 245 272 126 1 245 229 120 188 147 79 224 91 182 89 20 83
15 71 283 190 74 206 242 206 162 211 288 71 255 18 190 18 139 43 76 25 208 43 178 43 275 57 133 127 73 7 186
29 160 254 49 269 7 274 195 162 206 50 247 145 248 208 212 19 60 259 106 61 59 245 206 30 112 213 57 150 126 283 212 128 13 5 126 277 82 86 184 253 160 106 41 57 148 122 202 273 206 187 126 113 201 237 222 153 208 115
47 41 254 14 103 184 54 14 173 41 72 54 35 133 180 184 194 41 113 18 141 18 187 184 40 176 214 54 116 14 190 54 248 54 278 14 1 14 289 14 244 137 188 54 284 137 176 54 292 54 287 18 161 176 90 133 270 54 84 133 79 18 8 41 122 18 263 41 135 133 15 18 156 54 253 184 278 41 174 41 107 18 32 133 261 54 273 137 23 54 263 184 108 137 109
37 242 42 82 198 49 85 202 200 195 243 49 149 224 284 190 216 126 66 125 238 38 230 256 285 39 231 181 180 202 270 256 130 38 254 136 156 68 233 117 4 221 106 221 222 206 55 206 4 38 227 126 179 57 49 195 2 68 281 161 46 106 47 82 249 4 295 147 13 231 114 108 72 249 283
19 15 68 200 103 203 89 27 118 108 59 54 251 30 118 146 79 31 110 36 29 90 66 82 248 27 152 188 4 14 241 96 102 63 251 87 298 202 240
29 231 31 237 300 13 214 157 43 190 271 244 274 202 84 120 11 225 288 196 136 240 198 255 37 4 53 23 209 259 45 245 28 211 188 190 246 211 112 198 100 72 25 155 34 107 106 240 43 104 150 46 207 246 50 130 163 25 219
34 39 274 186 57 202 262 120 46 99 85 92 169 100 48 133 10 39 256 148 84 237 184 130 286 234 79 184 26 65 63 66 219 211 45 221 194 4 29 99 145 160 291 261 209 137 123 88 38 40 201 178 225 14 26 106 114 206 120 14 141 159 105 210 232 54 214 25 131
47 14 242 184 90 126 176 137 293 253 171 246 299 133 198 261 96 246 31 206 217 184 144 186 211 206 292 108 247 176 116 195 219 246 165 65 112 248 17 195 219 91 125 198 255 190 152 25 16 237 284 198 44 206 86 72 119 41 103 41 262 133 187 176 282 108 289 14 76 211 287 127 25 71 121 211 101 244 187 40 50 176 292 41 134 184 71 237 188 49 61 65 37 234 156
22 42 262 6 213 181 197 140 22 177 187 189 211 134 91 236 202 35 65 91 40 64 288 147 194 133 298 137 240 249 73 90 218 184 108 175 177 238 120 176 5 147 192 233 176
32 48 297 227 168 79 150 33 4 47 119 251 21 185 49 137 234 187 87 117 35 133 200 191 244 107 80 173 96 122 229 230 44 61 250 16 7 203 35 158 139 99 226 14 18 146 88 44 215 66 17 234 3 165 22 140 248 181 94 63 105 226 260 150 260
39 57 45 210 254 133 186 106 298 184 292 14 255 130 141 106 198 182 243 69 23 126 75 72 98 120 126 71 297 156 184 148 3 137 116 178 185 13 30 168 16 182 9 40 41 222 51 69 160 46 258 253 25 65 123 14 14 212 217 231 33 71 10 25 246 248 243 59 160 137 139 198 213 246 110 130 80 66 52
17 59 291 178 198 119 133 113 31 72 25 148 299 221 221 208 191 172 117 192 287 18 275 241 296 231 282 235 113 130 59 206 105 211 246
22 226 248 165 179 5 131 222 266 237 22 107 268 21 99 242 185 224 246 14 234 248 143 181 126 90 126 14 82 178 7 148 98 15 91 34 0 238 103 135 4 18 123 10 266
21 133 236 190 227 25 116 133 299 126 46 176 172 25 207 18 160 195 284 137 0 253 21 108 168 217 204 25 163 253 147 49 119 41 37 246 250 71 43 176 10 195 232
50 249 208 127 41 223 226 206 263 119 175 190 279 156 268 231 239 261 39 217 190 72 150 126 138 237 260 222 90 231 111 59 171 18 163 244 203 49 165 241 252 43 282 156 63 108 54 88 4 41 65 104 202 130 41 259 267 234 251 190 217 169 116 130 149 119 163 65 214 202 256 247 122 166 42 206 20 49 288 246 240 108 295 41 158 176 245 82 219 234 147 91 125 41 130 126 82 49 19 92 122
50 103 15 34 5 109 19 258 42 19 151 251 194 169 79 255 59 235 188 35 110 19 61 112 11 246 257 184 241 161 80 182 209 146 187 28 266 144 94 88 145 95 33 123 7 192 119 90 230 217 21 238 238 141 223 224 95 139 52 76 232 8 192 47 71 57 289 169 290 101 21 171 36 66 135 55 285 179 98 84 118 171 25 138 76 185 236 67 175 120 294 174 109 162 112 149 30 76 211 62 148
28 142 72 166 152 261 188 196 118 128 46 166 254 201 161 159 50 96 158 144 59 60 17 198 67 259 182 7 80 198 69 93 18 259 165 172 115 213 278 204 106 63 150 90 28 228 163 234 182 195 197 214 202 83 23 103 183
49 30 21 135 264 104 104 234 12 72 49 201 139 39 12 234 239 14 143 241 273 51 254 262 52 79 198 210 27 161 52 65 34 104 3 125 162 105 37 30 186 213 134 98 208 259 102 36 106 200 110 224 61 175 205 107 97 20 162 94 86 166 185 256 249 155 11 55 172 224 164 262 122 113 76 94 18 249 100 192 205 250 202 157 204 238 211 224 7 229 89 208 13 20 274 141 139 167 1
15 37 285 133 292 250 203 222 27 93 160 151 67 36 250 111 74 128 141 144 211 128 67 247 181 231 284 164 117 58 117
42 91 203 59 84 49 104 156 26 166 290 148 146 144 295 142 128 202 5 184 66 261 137 184 169 255 0 202 174 247 138 69 236 249 68 57 98 253 78 7 43 156 66 32 56 202 20 237 227 119 234 182 52 113 265 54 70 160 256 82 54 39 169 201 149 32 298 59 140 248 98 13 176 13 20 106 130 206 241 148 121 39 275 169 15
22 54 298 14 153 133 271 41 20 237 131 18 266 18 135 133 40 41 87 18 21 54 194 54 59 54 42 237 146 237 280 176 207 54 100 41 274 190 263 14 115 41 172 14 55
26 211 256 248 280 71 287 40 37 41 102 133 151 65 145 57 254 104 5 244 123 137 130 91 144 133 104 18 90 246 157 198 169 184 226 241 271 49 128 18 232 126 65 198 47 119 244 71 111 246 59 261 62
20 141 52 60 216 211 67 68 160 92 205 192 195 245 278 14 136 221 286 177 264 146 62 182 242 119 88 225 246 160 10 244 56 176 193 108 256 221 202 235 282
24 159 16 21 207 69 178 192 208 167 26 65 108 112 229 195 169 234 131 244 141 145 55 112 16 119 278 208 105 167 63 186 194 208 129 223 87 255 233 225 154 104 216 88 9 144 169 65 164
21 195 112 186 187 133 68 104 181 17 233 198 286 54 160 241 197 142 83 206 141 261 230 253 36 212 63 217 240 206 17 198 247 71 156 108 201 142 207 41 10 198 174
44 82 77 220 256 127 170 229 283 109 149 237 117 208 88 94 297 205 207 252 94 44 263 180 271 119 260 128 171 6 52 243 30 200 42 61 191 109 258 164 20 69 217 12 89 30 265 65 164 156 143 33 284 33 267 212 195 69 87 123 288 182 266 108 267 119 25 37 259 222 268 139 275 182 238 150 170 43 79 26 189 42 24 220 237 66 179 181 14
42 254 212 47 214 41 212 51 43 21 182 102 64 112 93 222 23 182 220 45 294 212 85 79 82 7 242 100 237 144 222 86 209 181 72 158 111 146 268 160 165 63 300 4 167 100 265 38 57 102 24 104 90 108 143 189 221 139 76 176 71 142 255 103 264 28 123 99 6 201 117 253 280 103 140 120 105 135 280 133 292 19 165 43 128
41 14 69 14 83 14 110 14 103 14 281 14 149 14 239 14 99 14 202 14 215 14 88 14 47 14 5 14 15 14 112 14 107 14 198 14 62 14 63 14 235 14 269 14 117 14 191 14 41 14 147 14 38 14 220 14 185 14 17 14 134 14 71 14 179 14 148 14 226 14 256 14 100 14 131 14 195 14 124 14 174 14 261
31 218 138 242 141 7 169 190 189 151 62 22 227 210 97 209 61 126 69 146 146 10 41 96 208 69 242 49 11 206 202 252 204 17 133 246 250 160 122 95 93 41 71 99 191 69 249 164 267 167 230 218 16 119 180 152 129 214 172 257 42 178 134
48 82 24 252 191 72 200 43 129 69 267 119 255 168 132 120 74 77 24 205 191 172 217 196 91 202 235 133 94 126 65 45 236 10 153 38 199 127 228 259 284 196 233 198 281 44 274 161 221 104 5 178 160 240 82 166 78 212 57 147 181 41 79 59 22 53 223 221 130 182 298 45 142 37 111 174 290 234 193 57 250 237 50 186 50 111 188 180 297 16 267 96 189 243 85 157 239
23 177 147 60 168 248 195 54 68 71 257 127 43 253 164 32 269 65 120 170 99 184 67 246 289 262 118 236 27 60 1 145 74 164 10 231 270 145 282 170 225 54 201 25 248 40 236
19 14 216 133 153 14 92 133 44 14 56 133 94 133 42 133 198 133 41 14 277 14 151 14 49 133 25 14 212 133 297 14 205 133 7 14 185 14 88
24 40 27 176 106 68 82 177 176 7 131 156 238 231 281 247 32 36 172 157 27 248 73 36 31 248 57 245 28 241 56 65 139 248 78 247 257 148 157 201 24 32 213 58 114 185 255 43 34
16 55 16 175 27 19 78 41 204 247 246 113 228 10 168 211 23 135 54 185 36 104 121 28 114 92 72 16 87 39 95 61 101
15 243 19 68 45 167 187 4 33 137 134 40 89 120 87 244 166 231 93 195 32 91 53 196 148 146 251 54 41 202 268
42 130 80 198 35 65 234 32 288 214 166 21 186 25 211 130 102 130 281 156 10 190 270 211 242 68 0 7 259 12 174 209 36 159 84 256 140 91 221 164 91 104 266 125 33 237 139 144 50 249 254 161 24 172 233 133 93 91 88 12 148 107 259 176 90 166 81 196 265 51 167 160 286 246 209 222 183 117 10 234 139 66 18 181 202
31 190 230 104 21 246 5 217 295 137 265 119 92 137 36 65 244 72 230 113 211 237 6 65 33 40 189 261 285 133 203 54 31 119 145 237 32 57 268 244 51 246 103 49 230 54 139 65 75 217 226 65 63 43 25 246 294 223 245 119 113 40 132
32 105 90 95 3 198 259 146 171 17 264 125 214 181 214 90 204 167 180 118 37 230 87 171 1 21 232 176 145 54 265 214 74 109 95 210 175 187 37 19 176 93 160 17 51 178 58 214 258 147 131 72 187 62 191 95 21 222 144 138 272 182 241 150 83
18 119 151 184 81 133 170 246 73 137 22 186 219 237 169 57 157 186 242 41 284 217 189 217 224 246 47 234 4 71 127 18 67 108 248 237 123
28 57 75 217 61 32 287 130 231 65 218 156 163 43 70 241 148 190 96 66 29 57 83 142 98 159 0 25 253 166 230 104 172 212 296 21 63 206 237 210 262 108 122 144 15 212 34 166 214 182 128 60 297 261 229 71 277
16 174 234 161 44 222 300 253 271 261 18 155 84 100 280 57 245 12 54 164 280 186 117 236 232 166 77 113 206 7 267 104 270
24 167 277 46 233 10 0 112 158 223 173 127 164 148 189 72 148 13 72 21 129 144 275 236 178 164 93 231 70 17 154 39 251 212 161 25 121 129 268 160 45 160 270 107 209 170 142 71 176
45 223 217 228 198 176 27 253 225 246 231 14 272 176 294 241 150 156 156 159 217 49 144 234 88 184 50 69 227 244 139 65 199 253 99 60 66 7 4 241 93 127 124 46 183 261 213 49 89 176 59 222 12 54 232 7 211 113 257 49 97 43 165 206 127 182 213 59 34 223 89 176 65 65 57 261 268 234 47 211 225 18 21 54 85 142 226 91 145 59 135
31 255 155 155 110 190 202 28 224 184 117 93 105 26 28 181 80 255 265 28 218 46 85 19 258 238 73 82 87 41 90 84 270 23 159 247 60 162 96 106 241 107 172 222 285 231 295 74 271 36 69 150 227 162 9 225 148 155 151 106 236 34 111
46 82 143 144 199 68 72 27 127 141 232 16 158 235 151 60 123 69 246 129 256 142 213 71 137 44 149 21 192 160 139 82 249 66 171 148 160 130 291 212 156 255 19 166 111 18 258 10 10 192 105 21 134 174 290 14 143 176 257 113 232 243 99 164 134 217 160 4 20 155 128 40 208 245 8 208 166 69 268 144 160 4 279 168 243 214 81 206 252 28 255 177 161
47 144 211 128 294 50 117 99 41 178 13 88 266 144 153 92 34 135 15 240 75 37 240 146 188 221 62 94 213 111 269 36 288 188 134 205 82 105 255 51 144 248 25 112 299 246 248 161 8 14 295 82 100 185 10 7 28 236 66 37 298 32 167 45 67 109 76 113 250 91 33 182 289 185 79 188 36 214 97 94 191 10 156 66 129 68 38 155 252 133 268 5 139 117 97
49 14 289 72 65 231 297 157 283 190 285 190 206 125 244 43 240 69 186 127 194 127 56 201 97 156 170 248 65 38 210 147 147 108 279 91 16 174 203 129 236 184 39 190 2 127 169 196 227 168 5 106 50 176 245 247 213 228 29 147 148 43 204 53 194 192 195 255 91 60 265 221 194 28 262 202 79 259 131 164 224 198 280 120 70 57 194 222 36 16 203 182 198 217 219 236 8 120 144
34 87 86 123 244 149 161 230 173 152 126 38 101 239 114 129 68 54 279 22 237 58 148 57 234 17 127 83 23 45 138 99 131 123 179 52 241 13 37 180 86 248 265 244 140 62 229 134 104 6 153 59 25 96 63 91 126 69 48 75 215 206 60 166 43 79 271 201 216
42 122 37 257 214 95 204 262 118 112 198 221 280 168 147 54 273 137 214 52 201 119 25 176 86 244 90 84 248 111 164 198 138 200 124 261 190 40 23 59 170 43 268 34 65 261 102 130 176 64 191 182 275 261 163 60 25 149 228 100 141 41 5 107 77 195 189 13 10 87 42 99 111 249 236 251 74 227 98 189 291 183 217 117 209
27 60 199 248 169 164 6 202 237 246 176 166 281 248 299 125 212 237 25 71 107 82 272 212 115 82 51 104 160 119 152 223 299 245 165 223 261 166 85 225 297 261 251 113 170 241 14 170 94 192 246 57 158 176 202
45 248 167 241 253 212 166 212 102 246 41 261 123 261 71 108 172 57 70 195 103 261 237 237 253 18 201 14 95 246 47 99 18 212 247 7 3 43 189 17 210 49 230 119 113 195 62 190 129 72 105 119 16 25 92 17 150 244 4 65 111 176 194 253 176 176 46 91 170 40 53 206 21 212 22 142 37 190 213 241 108 186 99 126 37 237 117 212 65 168 79
50 148 188 108 29 60 167 16 209 231 103 211 250 161 43 172 70 119 42 113 121 41 235 88 290 136 62 142 82 208 239 53 34 186 270 186 130 117 247 217 227 160 28 160 199 155 119 223 28 46 125 12 245 148 243 88 225 176 150 130 280 178 109 210 56 222 207 202 193 237 89 107 135 92 117 166 73 170 139 235 183 49 84 91 41 21 253 25 110 12 66 41 32 208 169 167 159 198 179 214 30
29 31 188 51 70 240 141 29 177 245 214 260 117 226 44 200 200 137 246 231 105 62 255 72 39 62 2 59 264 262 107 90 180 136 169 247 214 104 277 230 140 44 210 159 0 159 120 119 31 243 118 210 219 58 32 21 72 169 33
23 71 225 25 6 14 228 41 18 217 152 25 38 253 294 54 88 104 30 144 11 14 168 206 292 156 161 25 8 41 145 126 97 142 185 104 113 217 253 206 275 261 273 91 102 99 128
50 119 29 106 34 40 55 71 184 168 91 25 229 113 245 18 89 234 202 126 264 71 199 228 144 82 155 69 293 236 13 69 261 133 90 176 30 198 15 12 239 41 146 71 17 223 295 168 20 130 224 106 225 91 51 66 140 88 247 168 50 168 208 17 32 99 176 259 24 144 148 59 219 133 7 222 1 130 96 184 215 234 292 7 6 108 292 137 89 222 72 14 134 198 298 46 57 21 195 46 62
24 255 273 249 105 261 165 170 220 7 100 91 105 244 4 223 51 186 234 136 251 253 92 12 106 234 222 106 8 32 28 156 42 106 80 145 57 262 20 144 22 192 160 160 257 137 297 59 247
40 159 263 130 80 107 181 112 148 231 294 259 166 45 185 29 237 177 5 133 285 188 57 129 177 192 138 65 137 231 265 14 263 244 118 249 290 172 101 49 2 32 10 165 102 211 75 221 254 219 106 61 41 220 268 210 246 223 128 119 70 181 94 198 66 68 69 169 297 85 120 170 119 45 147 144 103 185 181 32 98
40 196 126 16 194 55 113 240 192 239 271 184 213 160 5 185 169 205 270 8 56 238 33 217 81 105 147 152 176 92 201 77 109 14 236 12 218 26 260 229 92 101 115 186 205 182 223 43 33 44 151 107 155 240 197 10 128 67 33 46 269 116 70 121 75 155 110 49 204 70 294 193 115 110 135 177 99 57 235 211 248
15 32 38 210 260 43 114 177 287 244 192 206 246 198 296 69 299 54 110 119 19 186 295 49 210 195 127 184 257 211 38
36 96 193 25 237 145 138 211 157 27 6 29 97 170 266 38 275 41 97 54 127 93 99 178 240 125 193 159 57 127 225 74 295 249 114 224 61 41 11 12 72 234 219 244 114 148 57 5 79 200 146 109 9 74 179 109 50 260 159 260 160 85 232 195 251 256 162 189 143 10 3 170 133
23 223 272 246 206 247 38 144 77 99 94 71 178 113 12 46 88 142 166 156 230 54 105 223 73 211 197 113 113 71 140 43 209 168 101 198 77 113 80 54 176 65 144 59 215 159 232
50 236 202 237 61 108 227 198 250 221 204 144 235 206 165 225 262 113 279 182 46 156 212 72 180 125 270 253 11 178 25 170 283 119 201 255 209 236 274 13 120 91 36 212 105 116 22 126 145 186 283 65 45 221 28 60 76 160 276 198 43 222 19 245 8 100 126 106 214 156 98 168 298 112 97 201 243 208 3 133 258 133 133 126 213 54 144 106 235 92 265 142 136 166 282 246 144 69 177 108 111
22 113 277 223 102 113 121 43 83 198 113 244 216 237 175 176 258 113 207 57 80 65 240 237 248 211 58 72 66 133 42 237 174 195 107 211 54 54 32 91 226 104 69 49 266
42 228 250 133 46 198 15 248 168 248 128 225 189 168 51 228 16 223 71 237 159 184 90 60 254 246 41 39 100 168 72 261 257 206 189 7 28 142 71 21 146 104 203 133 112 91 258 49 234 46 28 212 236 40 241 21 86 65 286 246 133 57 16 184 251 60 189 253 243 142 191 225 130 228 41 176 97 41 121 106 4 223 177 65 218
36 57 93 244 183 253 173 244 60 18 215 92 74 7 218 253 10 108 147 13 248 99 48 168 50 119 76 210 83 253 103 119 243 184 262 182 182 40 239 198 268 88 268 54 96 49 16 168 81 176 153 186 270 231 240 66 118 13 277 202 203 195 159 32 174 25 176 247 49 246 184 255 60
41 76 110 124 87 220 84 245 112 111 158 217 72 186 234 131 61 60 32 185 271 181 74 38 196 69 6 203 237 12 221 98 193 88 19 44 19 172 132 250 129 172 110 218 118 4 82 13 273 107 114 239 123 145 272 257 162 167 220 210 84 233 39 38 199 56 71 178 135 88 300 179 88 149 289 173 291 245 34 203 223 57 287
34 92 48 108 149 243 132 65 72 253 276 41 130 247 201 18 119 170 138 40 65 54 4 99 164 186 59 192 294 125 214 166 222 245 154 255 191 39 66 142 37 166 174 228 55 190 186 57 57 253 136 40 95 130 214 156 227 112 189 125 40 208 62 40 90 129 67 206 238
43 70 261 83 86 140 207 37 90 170 187 108 157 109 127 245 111 243 210 32 143 75 237 262 191 161 289 160 274 149 103 219 271 91 112 159 210 82 187 165 68 94 95 98 129 155 197 40 146 261 212 46 193 178 99 4 212 189 260 181 235 223 287 133 16 8 198 243 261 237 73 220 166 136 146 167 120 151 154 157 59 58 82 65 50 83 258
38 145 114 255 213 225 274 206 140 133 121 117 1 25 122 157 118 69 127 130 126 106 288 28 29 155 271 82 190 186 123 246 238 224 136 38 268 69 9 112 16 192 22 157 202 206 120 221 230 41 148 241 97 237 137 49 216 241 118 211 46 210 172 169 23 147 278 195 10 28 164 91 120 66 176 104 236
28 259 222 129 276 186 113 198 235 255 197 200 237 85 178 220 95 57 46 28 72 128 4 196 149 169 282 105 74 203 232 88 41 140 114 27 135 243 212 98 153 253 0 91 217 213 109 136 173 217 187 6 67 111 137 186 54
18 184 232 137 23 14 110 133 106 133 63 14 224 54 6 18 246 184 92 137 158 137 102 18 225 133 250 133 291 54 135 133 142 184 190 184 13
29 126 272 210 107 208 262 43 22 39 134 125 248 211 209 160 94 18 125 66 148 66 64 92 36 69 86 221 179 190 212 182 65 178 187 148 253 108 293 119 204 32 263 57 59 223 144 108 16 54 242 241 54 241 192 246 6 49 219
42 99 267 82 237 126 171 228 56 148 267 148 261 66 260 40 212 261 265 133 191 190 122 137 179 43 276 248 151 119 13 71 81 21 119 41 68 54 42 248 52 144 95 14 47 217 115 130 94 202 208 248 22 222 2 210 23 217 137 133 135 169 125 12 193 222 180 72 36 66 70 137 127 32 272 127 78 211 50 72 94 119 67 241 99
28 45 292 210 204 68 217 25 182 165 96 206 178 222 163 61 188 260 290 68 163 36 20 230 83 36 110 157 13 229 162 259 171 206 51 100 58 213 144 57 266 120 9 33 103 162 100 58 146 112 110 262 249 151 79 157 246
41 38 190 172 39 160 79 159 185 174 93 119 232 13 255 176 227 138 137 156 141 84 114 74 79 262 283 185 39 190 83 148 28 167 97 14 17 182 278 168 224 189 28 211 294 178 227 155 152 189 26 164 183 224 6 133 287 10 170 108 246 140 20 241 132 10 56 211 184 202 109 161 69 228 251 181 31 98 111 181 130 141 203
24 66 43 91 286 137 61 182 234 246 27 99 235 211 220 133 237 164 167 13 87 53 180 14 54 71 101 166 277 106 19 244 72 140 53 170 237 159 277 234 166 112 118 66 5 246 199 246 55
38 176 60 169 85 144 189 69 186 169 165 156 118 71 237 261 84 127 182 133 199 225 165 223 260 247 295 166 176 69 167 66 235 18 240 17 11 99 7 237 166 25 103 195 64 108 180 237 55 119 299 17 144 54 26 43 242 21 35 108 17 25 167 59 229 18 243 41 154 144 73 169 277 21 246 211 288
22 104 110 27 224 188 77 12 100 61 117 170 131 164 250 126 237 120 13 179 228 238 138 172 205 165 290 108 15 116 85 19 179 98 125 117 217 140 102 161 247 39 193 38 95
18 133 231 18 44 14 293 133 296 133 287 137 256 133 86 137 135 14 266 18 267 137 10 133 200 18 224 137 198 137 136 137 262 14 224 18 22
39 212 40 4 300 32 25 125 65 208 140 261 148 172 238 201 141 144 220 157 246 241 217 145 76 112 45 4 79 68 236 156 149 18 168 117 290 148 173 146 167 136 195 71 31 147 47 201 103 160 89 23 217 235 256 196 41 4 110 108 198 72 89 112 300 13 76 51 155 43 140 182 177 161 26 57 293 99 258
43 206 137 25 203 246 92 126 267 65 265 211 52 217 245 65 258 14 227 237 44 14 56 237 173 211 26 18 97 206 46 137 293 14 197 40 173 126 12 237 271 195 118 41 238 71 134 133 196 104 266 108 96 104 142 237 197 234 213 91 111 54 273 133 58 246 166 198 253 206 19 119 236 184 13 176 285 65 131 206 198 217 109 126 269 65 39
18 204 228 213 64 222 104 26 188 18 95 189 281 240 68 112 189 29 10 119 241 192 38 133 76 218 124 241 136 128 101 36 84 63 287 245 292
25 98 111 36 37 58 245 206 242 65 213 262 25 128 129 180 113 214 112 22 57 170 53 84 154 253 210 208 226 150 230 250 216 94 84 166 85 136 264 103 210 116 275 246 100 66 278 23 72 192 277
28 237 92 99 37 138 58 74 240 71 22 88 136 155 83 249 200 221 205 28 105 225 44 234 4 92 126 68 264 7 29 190 15 174 242 51 130 133 93 113 124 111 71 98 58 186 148 221 207 222 185 155 92 129 286 82 201
18 176 139 176 97 195 153 25 181 195 208 206 182 54 260 137 177 237 1 108 289 184 158 18 115 41 15 176 286 206 262 237 183 176 158 54 28
15 189 170 129 0 18 44 210 164 209 33 240 65 49 174 209 134 137 66 217 267 27 277 210 229 144 28 95 165 221 280
40 170 85 119 16 113 44 127 31 217 245 176 36 59 299 159 81 7 80 244 54 202 83 212 110 255 294 119 160 168 295 169 290 178 12 241 139 182 8 231 84 225 90 106 30 245 49 119 280 60 205 248 191 176 114 14 170 208 152 99 119 59 118 60 194 99 282 148 22 228 286 235 33 245 70 112 277 130 161 57 46
24 233 95 181 92 67 123 29 246 130 54 150 119 137 298 33 114 208 285 242 55 82 208 69 158 59 85 28 65 91 25 232 249 219 192 125 256 230 20 164 217 35 198 204 146 251 26 144 289
23 216 269 201 253 46 121 99 150 245 208 68 220 192 142 69 195 103 2 222 55 42 220 215 284 53 146 255 53 114 201 154 206 155 156 240 3 76 218 177 149 232 99 233 107 198 184
17 14 94 137 100 184 228 184 31 137 93 176 25 184 161 184 143 133 109 14 142 54 145 14 239 137 11 137 131 14 189 108 2 176 247
47 222 269 198 23 259 133 92 231 25 7 29 94 18 34 69 143 161 102 262 300 92 133 248 69 21 281 28 250 235 132 169 7 91 269 253 39 234 214 174 202 160 299 159 61 106 134 112 65 245 158 69 61 241 92 16 216 65 60 235 104 127 188 209 194 126 158 172 223 144 9 164 226 176 7 40 80 244 159 223 146 209 53 225 264 161 268 40 138 28 208 146 216 148 232
45 143 174 7 281 128 101 248 192 242 295 228 49 159 264 65 272 190 276 51 14 13 291 229 284 120 170 108 268 210 57 143 12 133 224 172 199 173 245 21 17 240 159 225 42 180 236 240 104 234 188 200 173 191 195 260 170 7 60 211 8 58 178 53 142 131 1 220 229 46 246 28 165 95 257 219 151 37 199 98 48 224 69 132 22 13 201 210 17 160 129
30 25 290 133 123 41 86 246 71 237 51 253 208 126 71 71 85 25 178 40 198 49 17 206 37 137 269 237 239 71 50 25 288 25 100 49 199 176 97 195 193 195 32 195 143 190 16 40 244 71 148 190 171 190 174 253 35 237 278 49 44
35 121 254 179 242 102 59 162 72 256 292 127 22 27 106 37 100 180 71 72 54 47 241 214 33 190 291 21 46 227 167 190 140 122 292 189 84 162 193 253 221 160 187 21 269 212 90 10 169 44 149 206 151 236 37 103 252 104 91 190 21 238 233 237 44 16 259 17 59 160 39
44 238 284 61 62 96 110 36 56 180 54 169 168 253 38 248 280 46 137 4 148 18 76 21 280 196 85 170 86 113 35 112 51 147 170 27 145 208 70 104 154 25 84 225 112 147 289 242 126 195 63 77 258 7 198 140 107 34 170 184 82 234 284 27 166 58 187 208 288 65 286 117 237 240 258 262 175 17 296 184 229 256 115 111 189 7 39 20 298
34 156 205 137 91 186 98 43 143 46 273 206 191 228 290 247 105 223 11 247 53 49 214 59 175 91 83 225 18 176 238 246 106 18 58 14 162 211 150 71 234 12 249 212 93 54 201 41 137 43 37 69 133 54 266 137 124 104 106 223 28 46 42 49 298 225 168 195 47
33 43 84 156 298 17 239 104 226 261 91 21 265 206 16 32 163 104 170 7 5 201 1 176 139 7 97 223 67 237 38 142 116 72 229 222 28 127 244 145 95 57 223 108 78 14 270 212 199 261 224 71 175 106 258 106 127 119 85 184 246 32 73 59 280 166 205
29 202 11 91 154 68 292 126 166 27 224 60 208 147 37 144 68 82 110 136 135 181 130 72 176 29 203 224 253 140 126 155 10 90 245 221 24 181 57 241 293 16 239 250 278 21 118 155 106 235 300 181 152 228 77 242 282 222 276
44 63 168 172 54 244 244 213 5 236 78 135 160 213 110 29 298 253 103 168 165 5 251 155 128 210 83 243 281 184 156 127 154 126 135 157 242 174 98 198 299 7 11 31 50 152 42 196 298 6 128 170 190 66 179 85 219 44 162 28 97 201 180 55 223 104 72 20 165 5 53 201 157 159 135 91 76 98 52 117 49 224 187 155 291 98 131 111 209
45 10 287 255 229 164 164 157 260 245 36 249 114 136 17 59 267 18 233 60 277 185 246 54 61 195 199 90 236 177 133 144 162 136 258 250 102 116 194 113 216 28 300 261 192 128 84 170 206 91 251 45 286 119 294 147 50 40 61 44 13 54 60 155 253 61 71 88 44 224 55 137 230 46 120 57 285 152 22 148 158 120 253 185 251 71 260 147 164 72 144
32 54 282 137 5 137 177 108 61 18 279 184 283 176 119 25 109 133 140 133 132 176 8 195 75 237 59 54 173 54 103 108 116 41 116 18 118 41 181 237 100 176 16 237 217 18 292 108 56 184 222 137 232 137 210 25 57 137 141 237 170 54 176 18 130
47 114 72 170 267 65 177 233 164 8 122 22 76 200 50 191 23 47 204 99 236 181 176 86 135 257 119 262 223 44 215 31 274 220 283 152 243 12 257 86 263 19 97 228 199 243 205 29 59 203 129 32 31 94 266 51 292 253 296 173 6 249 258 240 32 119 269 36 174 222 197 8 260 117 254 189 214 79 53 219 161 192 251 59 157 4 39 59 27 259 78 95 192 33 46
39 14 241 223 70 4 187 144 275 222 93 210 173 198 138 166 239 17 0 17 22 72 142 32 34 120 118 60 283 212 167 39 100 190 200 170 197 120 116 66 159 100 261 120 55 65 282 17 112 234 18 206 78 222 217 39 233 137 123 13 198 249 270 46 53 144 258 43 196 228 200 32 80 247 168 210 59 65 185
23 190 117 261 10 253 196 246 214 261 103 69 244 174 103 69 216 177 78 12 269 43 108 228 27 184 33 12 297 18 78 156 94 221 275 145 207 168 91 184 178 108 33 53 186 29 162
49 244 130 104 251 247 186 72 228 127 147 99 232 57 202 60 276 261 279 40 167 41 94 71 9 72 67 142 71 198 246 104 182 106 294 59 90 40 75 21 296 65 168 72 223 237 275 186 288 201 248 168 214 32 65 201 126 190 10 137 109 223 70 241 185 166 206 246 23 261 291 65 201 104 257 159 172 190 222 225 103 14 128 244 50 237 1 169 130 159 254 60 160 25 59 46 278 176 159
34 190 219 206 220 190 130 54 271 133 105 190 95 25 293 198 121 190 198 126 89 217 8 14 144 234 116 246 38 234 161 54 140 176 168 41 116 119 12 54 58 71 28 57 57 41 294 18 273 126 191 14 275 237 198 57 198 126 13 176 192 176 226 108 41 253 111 246 100
32 217 228 186 219 49 111 126 89 99 264 184 166 54 156 206 69 127 75 137 66 234 288 41 167 57 50 248 81 244 72 99 171 244 45 206 156 186 184 99 244 206 180 49 278 186 217 133 92 234 222 184 21 126 147 253 90 71 85 168 219 198 43 72 76
32 180 286 128 130 147 97 13 171 185 219 228 74 250 137 38 32 133 300 77 239 128 13 126 172 94 282 182 23 155 69 195 25 38 240 159 76 96 103 106 229 210 246 128 166 99 91 228 155 172 0 159 153 18 135 160 99 82 13 58 118 246 161 99 172
25 69 76 190 152 231 133 201 262 14 203 18 99 137 295 168 157 234 67 235 100 184 55 261 245 156 300 234 287 167 130 160 88 88 163 119 5 29 159 65 278 120 286 49 80 167 69 21 291 72 109
15 131 293 10 147 141 269 131 68 230 70 213 292 85 87 190 7 162 191 214 56 33 107 148 209 94 187 141 90 23 253
45 215 173 163 153 110 13 89 13 134 114 169 34 254 256 10 290 203 152 28 109 193 60 93 198 25 73 72 156 57 28 125 152 176 49 54 75 47 147 62 279 45 272 102 28 9 58 98 161 96 26 162 204 30 217 47 108 249 272 193 144 110 215 232 285 54 47 186 83 259 186 127 220 240 95 235 150 40 91 241 54 100 19 166 173 127 15 16 43 66 207
47 71 206 206 164 71 88 133 233 49 45 108 245 190 168 14 43 253 281 206 60 246 235 195 79 206 16 206 159 137 133 41 50 184 34 14 105 176 72 195 67 246 215 18 45 40 203 206 3 14 162 246 42 184 36 71 63 71 156 253 76 237 269 237 268 190 169 195 270 14 201 190 274 206 260 195 2 41 246 25 87 49 131 126 103 25 6 195 118 137 144 40 281 206 145
43 180 121 239 212 225 51 117 248 66 105 117 184 182 7 240 212 109 60 155 86 146 44 181 112 256 250 224 203 159 51 170 156 245 235 169 234 98 284 243 71 206 248 234 116 240 150 104 235 225 299 178 230 41 76 95 97 186 280 69 232 16 90 244 98 74 139 151 225 44 154 213 217 142 300 128 17 99 23 68 240 133 276 133 128 61 9
15 235 226 13 201 25 32 186 140 160 64 117 84 214 31 192 135 119 12 142 26 243 187 253 300 178 51 195 45 120 91
19 53 45 250 65 144 268 243 25 242 246 164 226 38 114 22 91 210 133 45 37 210 287 190 265 138 274 106 248 247 8 178 149 5 5 68 9 236 218
38 12 295 12 71 247 43 244 71 247 294 198 156 119 281 32 66 82 246 18 136 182 129 228 238 17 164 60 207 212 60 195 146 119 181 71 253 198 135 130 174 21 141 210 193 108 272 186 68 222 169 14 223 156 92 133 272 186 24 113 46 211 240 244 202 244 167 201 224 212 30 25 225 25 169 119 72
20 133 89 59 132 195 173 21 68 168 42 198 75 247 8 217 148 223 100 225 12 57 126 168 300 119 107 198 51 59 44 59 9 211 120 82 80 104 171 7 276
24 126 155 25 204 237 277 246 163 108 279 119 130 54 189 217 47 244 136 40 84 184 262 190 207 104 48 144 55 126 124 211 53 137 79 113 162 198 85 71 113 49 14 234 98 65 54 18 91
32 40 295 211 51 221 117 29 220 192 170 113 84 195 59 107 157 223 3 164 59 186 22 137 245 129 155 234 19 192 92 136 17 133 114 168 186 41 210 198 71 16 91 49 281 245 283 65 8 100 10 177 7 117 257 231 5 201 47 82 218 127 35 223 286
18 198 56 57 30 234 13 246 78 211 141 190 63 43 258 246 294 46 79 133 286 18 195 244 99 65 102 142 100 156 222 25 212 184 42 126 34
47 192 213 145 132 79 254 47 4 148 202 168 119 22 131 37 132 120 119 156 158 41 273 74 106 237 168 120 150 100 194 5 243 112 31 146 235 31 30 209 206 249 103 249 214 8 135 190 257 25 181 100 154 43 80 190 87 94 110 63 137 249 92 43 269 142 3 138 160 74 205 239 156 262 296 112 29 165 227 5 123 190 134 71 60 5 29 160 289 46 228 144 186 124 87
33 251 168 90 221 74 140 260 227 29 103 51 259 5 137 42 264 59 265 72 171 236 97 208 116 55 82 166 85 170 262 44 245 101 101 77 281 133 160 155 85 98 96 248 244 252 57 26 67 148 75 173 77 228 114 26 210 228 239 258 135 53 4 261 141 103 235
47 104 130 212 298 72 92 54 75 159 67 104 288 17 116 126 119 69 48 190 237 127 213 253 153 156 9 176 187 248 194 261 236 212 121 108 8 72 82 190 244 156 185 144 25 127 246 17 142 184 233 241 18 253 120 195 62 253 251 40 109 212 131 206 275 71 55 60 154 156 176 253 90 168 99 217 67 133 222 46 195 223 142 144 157 237 116 72 179 46 146 159 72 186 78
30 172 160 144 147 223 293 44 133 113 167 53 296 25 203 184 228 129 154 255 239 182 100 111 37 231 281 220 225 186 229 72 48 200 133 4 124 66 134 195 275 166 48 18 292 111 73 250 127 192 249 169 119 166 139 116 99 181 2 240 139
18 259 114 191 206 49 86 177 233 206 269 211 170 28 219 37 48 103 6 240 244 203 291 176 199 60 293 169 22 141 26 185 40 167 64 113 11
49 133 8 198 34 249 186 195 160 127 231 14 61 168 160 119 188 248 200 82 78 198 90 91 187 198 289 241 236 69 251 241 116 82 218 202 90 148 113 13 110 225 214 126 15 210 11 142 72 211 187 54 103 206 23 255 24 99 276 99 246 168 265 82 244 248 54 176 104 104 70 176 247 60 132 228 207 241 44 127 291 71 23 7 53 71 110 244 158 66 270 14 279 223 109 190 261 137 277
50 101 239 184 248 96 202 47 85 145 166 243 243 257 32 190 90 245 49 116 77 98 188 253 121 40 288 36 110 230 27 85 213 141 160 124 201 214 90 46 247 188 50 185 211 44 35 250 243 95 208 63 229 76 48 17 263 181 256 108 122 135 1 219 242 125 158 68 27 208 129 33 123 13 128 43 34 108 127 100 157 63 149 257 95 35 169 257 166 188 110 169 41 7 275 12 287 254 296 76 8
15 158 271 75 163 191 186 57 56 128 166 174 133 43 265 49 283 27 119 13 220 107 13 221 41 225 224 46 135 72 165
42 57 179 253 128 108 149 184 23 49 175 57 62 126 290 253 195 54 272 195 288 91 18 190 290 91 290 71 130 137 288 198 28 14 254 133 158 198 7 14 71 71 175 198 73 108 70 217 253 190 148 184 49 91 146 14 158 195 40 54 216 54 71 184 129 41 134 133 44 18 285 137 73 253 62 54 63 25 239 217 20 126 254 119 239
17 125 236 166 183 241 179 261 60 125 268 125 163 137 134 113 61 148 298 120 236 231 13 249 142 159 59 195 50 170 14 40 58 184 41
45 144 145 144 24 259 251 249 106 57 155 54 75 255 224 104 105 221 27 127 267 253 84 130 103 234 201 261 282 231 92 54 193 248 112 228 204 12 16 60 96 39 13 32 115 127 104 211 69 108 249 71 113 247 38 178 86 57 77 255 190 184 287 69 190 178 158 12 20 145 79 12 118 190 91 249 235 39 269 241 240 261 230 255 230 54 291 127 223 41 53
45 14 121 184 291 18 130 14 285 195 234 18 241 133 99 41 259 18 158 108 293 133 195 18 6 108 258 137 239 108 128 54 113 176 116 184 213 137 228 18 3 108 92 184 233 133 86 18 262 133 61 54 288 18 5 18 167 14 278 18 15 108 51 184 86 14 31 176 225 137 215 18 10 184 41 54 106 54 129 14 134 176 270 195 260 41 9 54 295 176 136
34 235 203 50 115 262 231 38 165 107 75 120 155 59 119 90 6 166 41 262 39 148 90 241 12 66 267 46 54 201 105 25 105 223 54 58 233 84 272 16 159 32 33 116 119 57 238 34 143 69 204 190 129 88 139 198 68 32 163 32 158 120 171 241 218 208 21 99 259
44 10 291 160 299 189 115 205 274 111 253 36 203 164 194 169 21 20 238 57 118 38 147 185 132 213 71 21 69 211 141 10 186 28 191 20 66 159 216 100 288 65 235 214 182 186 70 92 269 220 55 133 106 129 179 231 161 169 160 49 134 190 154 99 116 228 61 36 45 219 175 166 168 142 138 95 104 177 209 99 163 53 138 92 195 25 174 91 187
37 74 81 159 210 243 59 40 288 244 95 217 272 127 70 152 176 235 214 159 133 241 115 21 47 146 76 138 103 53 87 248 256 127 268 4 286 58 289 185 18 252 269 225 159 176 78 127 250 161 1 146 220 160 124 144 155 21 0 59 195 262 117 242 185 186 29 108 124 256 148 176 65 145 96
28 41 62 14 186 104 297 206 71 186 297 91 219 104 49 25 278 18 103 71 269 104 59 186 135 206 1 104 72 184 249 261 291 108 98 211 174 137 152 217 33 14 176 72 260 137 129 211 114 248 144 261 166 71 71 65 95
37 21 129 172 135 107 33 13 103 113 271 245 300 198 169 217 111 224 88 16 209 201 41 176 253 91 292 164 118 23 92 246 1 107 58 140 13 198 174 209 59 108 149 161 195 137 94 186 72 177 90 156 90 40 71 202 189 40 261 190 256 186 231 253 77 255 162 29 26 221 115 112 167 261 55
24 59 299 126 9 17 282 246 11 18 5 202 142 7 19 69 55 253 66 261 62 222 90 126 250 25 213 182 147 211 43 66 22 244 49 217 125 16 53 195 175 170 248 16 4 120 136 222 7
46 119 47 49 191 253 71 195 228 253 142 234 277 126 181 198 73 176 179 14 91 176 250 41 155 119 112 91 41 54 238 195 92 190 115 237 127 234 78 108 8 119 272 119 103 206 74 253 163 198 270 49 157 195 153 217 254 137 132 65 86 57 20 14 274 108 165 91 155 137 67 91 49 195 26 91 209 211 148 237 104 40 112 40 214 119 1 119 134 104 47 198 208
50 12 284 71 146 259 47 66 289 46 196 92 118 18 298 137 254 212 272 182 245 182 159 130 89 18 268 65 208 201 196 59 172 100 225 104 268 16 1 221 230 195 169 234 103 60 128 54 237 12 180 228 230 43 187 104 108 210 54 156 52 248 155 241 297 41 76 4 291 12 219 142 189 166 230 178 164 40 153 88 273 142 2 91 224 148 168 120 249 249 251 217 4 208 150 41 77 237 119 190 181
17 237 204 190 102 137 39 41 181 176 95 137 6 54 191 137 257 253 126 18 263 133 129 237 143 108 70 126 44 176 269 137 83 253 210
22 241 205 12 19 41 267 159 9 99 54 176 196 168 43 40 183 206 41 106 164 130 181 195 185 119 34 234 230 46 267 159 221 168 41 133 28 126 179 156 221 54 82 12 228
41 198 167 71 240 49 41 65 6 190 201 119 14 65 81 108 80 40 71 108 157 126 243 104 210 25 285 246 152 176 57 49 270 126 199 65 75 137 76 57 285 25 261 206 95 133 42 40 297 49 211 25 44 184 225 126 18 41 210 144 155 195 53 237 268 41 295 40 239 40 181 104 101 244 39 176 145 57 299 57 44 57 197
27 41 271 108 275 40 64 57 71 126 178 246 215 144 253 41 175 46 274 57 23 261 298 144 162 148 189 148 56 186 41 234 198 253 139 148 152 54 282 43 79 59 20 133 39 234 105 237 194 60 285 261 23 66 14
16 236 214 160 168 32 214 32 27 128 253 66 273 166 171 148 135 29 116 38 234 112 164 222 156 221 163 244 157 169 227 167 0
50 209 162 123 243 161 85 152 196 191 91 221 269 169 231 15 48 164 138 187 7 140 193 191 209 17 178 119 150 149 22 47 128 245 282 209 103 162 226 83 179 32 97 159 187 243 138 152 229 218 101 245 83 108 221 55 175 33 122 88 74 226 168 88 178 212 61 123 267 12 287 164 131 122 10 157 263 20 108 205 55 126 93 35 143 241 280 87 154 139 45 243 270 119 157 103 36 261 96 127 252
16 142 222 148 71 23 15 4 250 236 10 92 241 4 74 184 21 169 151 156 245 157 99 130 127 235 30 21 94 66 102 49 140
25 190 11 133 213 206 103 25 51 237 0 176 252 14 227 190 0 40 88 190 201 108 159 137 180 184 293 41 25 184 89 184 210 190 282 137 96 184 195 49 165 190 263 133 224 41 60 54 77 126 99
22 74 163 58 70 100 111 156 50 250 216 220 97 96 227 22 174 212 169 106 36 66 31 242 32 61 232 133 79 200 11 151 16 248 50 75 266 256 132 146 17 255 148 86 38
22 126 27 113 267 241 169 43 210 108 237 71 198 241 213 7 181 65 61 217 246 206 70 82 245 186 201 234 292 184 34 261 255 148 101 7 21 7 125 212 251 206 116 195 188
33 168 255 234 27 65 252 126 166 120 127 59 197 92 219 164 276 119 221 247 240 225 249 108 228 172 15 66 143 7 134 228 203 129 86 51 149 206 99 32 207 243 206 39 224 174 96 106 173 262 141 100 228 190 90 208 292 100 55 57 65 249 204 125 255 184 146
50 182 226 23 213 58 188 241 170 98 85 108 78 65 253 168 57 212 68 262 75 88 97 195 38 250 270 120 94 90 53 148 39 7 40 93 145 49 280 94 119 66 95 206 225 49 72 253 59 33 106 8 257 174 299 51 5 176 139 113 213 88 39 68 51 6 289 72 273 37 179 113 119 200 110 99 208 236 184 94 236 234 41 218 248 201 220 4 232 147 73 99 136 128 185 40 231 234 137 161 42
50 208 296 235 110 256 275 149 125 138 4 156 91 218 75 183 223 43 87 150 225 240 144 210 221 224 284 160 28 213 211 132 281 152 249 162 265 132 162 211 152 50 48 46 218 133 285 70 82 124 228 54 83 35 80 207 226 148 77 56 104 112 166 106 148 36 78 253 259 219 36 8 185 235 175 92 35 208 85 22 104 17 5 62 256 155 91 29 2 6 108 117 169 93 235 253 26 157 125 185 119
48 130 234 130 25 127 53 212 101 186 153 144 236 39 286 32 44 69 149 212 214 69 179 99 170 18 276 261 160 201 199 72 143 14 63 198 41 18 14 247 64 221 117 148 116 82 251 186 37 186 1 69 173 217 209 190 16 244 141 32 232 65 25 65 281 247 43 248 194 57 1 133 89 104 89 246 10 212 13 223 183 169 290 13 20 13 274 195 229 255 63 65 281 88 248 206 217
34 117 113 213 167 41 276 13 109 242 257 202 145 220 176 224 129 186 282 66 146 58 34 164 97 142 271 155 189 34 291 90 246 146 243 186 262 92 26 225 242 177 236 230 12 21 28 203 82 219 209 130 95 244 100 140 201 206 72 85 3 184 271 108 12 191 26 195 195
36 104 79 246 95 25 12 234 26 119 214 198 98 126 58 91 126 54 73 41 200 248 261 217 252 40 47 184 103 65 260 248 234 144 243 40 300 71 23 133 241 133 260 217 165 186 1 137 195 25 143 246 292 25 129 190 47 234 249 133 247 71 175 211 102 133 245 41 132 40 40 244 230
23 210 240 137 234 13 180 184 273 255 126 261 84 255 17 167 155 92 107 253 280 202 111 234 288 202 270 177 252 210 289 155 42 13 112 155 66 82 94 125 269 246 188 59 56 225 289
