798
7 64 31 15 263 385 43 535 163 287 124 312 222 107 155
0
4 461 251 625 193 695 218 178 133
1 96 209
3 706 119 130 217 776 36
3 348 207 462 194 668 80
3 340 201 584 211 333 95
3 342 121 86 137 197 60
3 560 281 770 89 222 93
1 767 90
6 723 230 596 143 223 146 319 37 782 87 462 50
5 164 143 396 42 243 186 774 288 594 59
2 206 268 376 128
2 405 102 794 100
4 592 96 618 13 541 41 641 142
2 66 114 498 188
3 99 25 416 123 344 16
2 273 142 316 63
3 777 201 647 244 703 76
2 309 158 90 278
1 670 26
3 504 161 236 138 144 97
3 81 2 765 61 257 210
1 358 222
2 434 36 517 22
3 518 138 25 148 675 176
2 467 29 70 248
0
0
1 464 269
2 265 231 445 119
2 94 134 447 265
1 58 177
3 779 139 426 245 736 89
2 96 171 348 120
3 777 23 13 8 103 105
2 423 121 218 224
2 684 184 40 106
1 460 192
1 375 30
1 189 201
3 402 24 415 244 177 69
1 125 83
0
0
2 158 175 609 193
1 455 44
1 275 111
4 578 13 85 129 245 231 521 269
4 681 75 247 51 301 65 180 44
1 719 275
3 445 283 300 42 237 171
2 751 209 473 275
2 712 233 485 289
2 373 114 784 190
4 162 284 254 298 581 80 424 241
2 155 289 100 52
3 203 173 354 58 71 165
2 721 42 262 171
5 289 212 228 43 255 196 115 204 634 284
3 394 264 343 300 631 174
2 40 66 63 274
3 522 149 445 89 242 260
5 711 98 400 239 665 297 286 253 190 57
3 551 18 76 49 497 265
1 237 92
2 611 196 34 121
3 726 39 44 296 635 294
3 55 188 680 248 517 264
2 527 248 609 18
2 589 260 171 156
3 221 193 364 264 414 92
3 306 51 462 165 462 208
3 517 30 119 130 108 68
1 613 164
6 239 156 291 180 421 69 604 226 636 30 269 238
3 534 46 354 162 137 23
1 123 143
2 357 188 459 300
3 67 230 436 277 165 36
1 642 42
2 409 146 634 168
3 430 26 414 69 796 1
3 39 12 225 203 546 228
0
3 186 75 583 17 263 122
3 368 98 658 193 339 221
2 156 223 95 22
2 156 122 432 56
1 250 122
3 156 87 203 170 300 192
3 643 179 33 150 71 73
1 348 114
1 354 118
0
0
3 70 297 49 143 375 119
2 306 168 527 161
2 586 193 189 214
2 119 19 151 127
1 31 140
3 384 167 703 59 579 275
2 123 229 768 96
2 579 109 712 95
0
3 495 137 13 166 177 112
2 170 260 577 4
2 409 120 71 28
1 763 70
2 577 200 230 237
5 793 274 65 266 182 194 17 280 622 184
2 315 163 259 131
3 769 217 346 239 200 249
3 189 75 85 41 796 153
1 485 88
3 379 229 318 135 561 295
3 203 196 770 26 301 250
0
3 375 8 138 105 314 179
2 266 73 163 261
1 509 51
3 475 209 119 282 265 189
1 462 136
3 70 222 693 228 532 285
1 58 98
3 553 53 576 262 740 251
1 144 246
0
0
3 371 18 384 178 281 155
2 575 291 348 145
4 744 29 585 282 760 69 693 48
1 314 116
3 478 247 290 245 739 77
1 193 60
1 749 94
2 180 8 279 8
0
1 504 227
1 428 241
2 75 126 542 117
1 433 207
3 375 276 613 116 361 189
0
3 366 32 234 115 155 29
3 512 256 344 195 346 13
3 606 101 528 38 40 293
2 120 56 195 2
0
0
3 739 296 678 287 787 128
1 369 53
3 749 264 91 62 27 150
1 538 107
0
1 462 199
2 7 271 118 212
3 105 51 516 221 300 272
1 344 105
0
3 701 77 344 222 662 296
2 590 12 384 236
1 315 155
1 87 86
1 253 84
3 225 116 586 149 242 269
2 267 48 28 220
2 102 4 439 175
0
3 240 175 40 43 760 103
0
5 191 266 355 21 144 132 449 263 538 76
3 135 187 410 241 100 209
1 159 242
2 79 181 325 27
2 253 218 143 75
1 514 241
2 168 231 235 37
1 325 159
0
3 682 165 70 281 417 50
2 349 194 426 101
0
1 390 213
0
3 14 240 645 34 637 233
3 354 271 449 125 601 255
2 156 41 770 211
1 230 230
2 269 61 777 252
3 84 62 549 13 284 2
3 300 29 93 154 583 207
0
3 397 230 294 54 145 165
2 319 68 442 198
0
0
3 321 263 667 259 128 248
0
1 546 236
6 172 42 473 283 699 249 420 220 649 196 315 253
3 680 252 252 220 613 296
3 462 137 462 178 462 261
0
3 138 122 169 155 129 116
3 731 254 181 143 662 68
0
3 387 300 296 280 253 40
2 256 119 16 163
1 620 57
2 743 29 183 160
2 660 78 130 263
1 246 9
1 180 215
3 456 149 515 172 522 276
3 231 48 42 271 797 239
1 426 20
0
3 780 278 598 256 630 16
3 516 10 204 242 516 65
5 444 196 100 121 727 4 574 166 156 30
2 441 81 651 274
1 760 248
2 363 95 219 289
1 462 26
0
1 30 182
2 48 51 346 47
3 188 58 763 170 576 175
1 315 196
1 660 229
5 293 225 788 285 268 15 481 227 393 236
2 584 63 49 136
1 479 288
3 576 231 469 98 129 292
3 409 42 187 238 35 242
1 315 145
3 189 105 403 219 727 75
1 692 38
0
0
3 613 72 736 240 413 203
3 694 197 167 125 616 124
1 57 33
1 112 184
1 546 145
3 666 160 577 294 576 85
0
3 135 289 94 259 28 19
2 534 241 348 114
2 735 6 451 177
3 451 20 73 211 313 231
0
0
0
1 259 142
1 401 168
2 597 106 521 51
1 143 174
3 750 219 285 213 640 100
0
3 785 269 392 223 371 210
2 548 153 526 226
3 637 245 125 239 713 273
0
2 512 91 530 248
1 624 135
2 179 157 790 58
1 495 17
2 775 66 365 129
2 116 150 361 61
3 389 79 432 11 265 248
2 492 2 451 227
3 129 86 673 198 91 164
1 514 187
2 762 227 661 30
3 153 126 265 261 112 160
2 786 234 391 201
2 226 150 442 221
2 222 167 693 76
1 376 54
4 80 167 435 117 653 208 651 53
1 582 119
1 46 58
3 412 113 432 194 99 148
1 139 132
3 47 210 569 116 336 168
1 646 228
1 255 8
3 203 126 300 155 156 36
1 78 118
3 77 253 488 205 217 46
4 789 66 302 37 784 178 469 165
0
4 753 12 194 262 297 175 304 187
2 640 151 636 170
2 522 114 578 4
1 609 39
3 671 21 305 248 179 75
3 203 264 203 91 462 22
0
4 427 280 63 296 767 70 105 294
2 169 44 512 186
3 704 238 262 9 766 1
1 745 89
1 91 256
1 266 75
3 380 187 280 257 309 175
1 619 97
3 458 101 657 88 501 224
2 105 39 417 232
2 43 25 192 216
1 354 230
2 432 292 668 255
2 447 181 354 107
2 678 9 315 5
2 124 78 424 112
3 417 55 354 66 682 233
3 709 234 743 63 236 226
2 175 285 563 237
5 425 200 264 22 650 4 648 292 96 204
1 338 229
2 689 173 480 140
3 156 191 143 51 98 261
0
3 334 132 41 233 183 117
0
3 602 217 554 161 331 229
2 447 47 768 248
2 560 196 763 47
2 386 95 147 27
5 617 39 718 126 72 95 351 230 369 103
0
2 646 60 180 56
0
0
2 37 18 277 211
3 38 272 386 41 377 133
1 628 45
1 163 112
3 474 187 283 241 387 278
3 144 298 11 28 582 101
1 716 150
2 334 171 52 242
3 437 79 112 41 627 34
0
4 101 275 298 255 528 75 171 170
2 163 175 313 0
2 157 152 138 174
2 501 124 89 236
2 486 230 122 54
3 192 79 285 13 218 246
2 10 277 587 142
3 589 289 662 228 432 176
2 323 267 767 172
3 369 231 384 84 211 100
0
1 708 219
2 282 298 785 176
1 59 279
1 526 27
2 499 206 656 255
3 424 265 424 276 203 194
3 279 48 128 29 763 192
3 375 180 78 46 143 158
1 441 8
0
3 572 299 18 108 278 32
2 445 88 156 81
2 257 148 324 3
0
1 760 182
4 238 256 229 239 33 115 792 261
3 201 79 664 160 793 217
1 89 54
2 779 34 350 7
3 137 124 759 10 708 93
1 70 235
3 2 8 413 168 432 64
2 663 222 717 256
2 725 146 46 3
1 276 212
2 307 268 340 146
3 556 237 248 271 187 121
3 737 84 26 135 539 144
3 522 230 591 180 209 82
0
0
1 16 161
3 598 282 722 223 96 161
2 226 137 627 275
2 432 150 290 188
3 224 157 276 281 768 33
2 605 95 490 127
1 677 86
2 564 221 5 159
4 75 224 576 243 722 132 350 60
2 196 269 149 66
0
3 3 142 565 34 452 267
1 561 265
1 313 31
2 466 111 204 138
2 764 203 739 85
1 131 289
3 166 57 583 192 378 77
1 241 36
2 89 206 462 35
2 501 53 118 158
1 684 251
1 231 229
2 652 275 319 219
3 300 272 225 213 507 240
2 484 91 317 10
2 171 291 180 288
1 768 95
2 363 231 89 25
4 251 229 142 13 24 227 211 216
4 450 66 567 253 542 179 248 243
2 99 278 476 69
2 639 24 88 77
3 781 184 104 164 508 202
3 767 222 177 265 669 138
0
0
2 736 87 447 136
3 240 36 640 210 731 235
2 589 297 206 227
2 693 154 6 157
2 192 154 189 202
3 603 181 674 41 457 266
0
2 213 129 124 153
3 262 218 134 131 105 107
3 531 283 415 243 306 5
3 543 155 236 254 459 227
2 404 54 14 17
2 721 141 584 121
2 521 79 151 164
2 457 255 329 97
3 89 42 89 222 118 104
1 163 192
1 456 235
2 776 13 570 20
2 514 131 447 272
4 683 107 710 207 270 263 545 83
1 171 261
1 401 218
0
3 327 17 615 187 109 97
0
3 34 61 607 251 644 187
4 111 152 12 286 198 193 629 53
1 598 168
3 713 26 43 256 207 278
1 743 252
0
0
0
3 533 289 531 119 128 82
1 208 43
0
4 212 120 148 294 200 259 29 39
2 114 59 115 49
3 109 257 7 234 63 6
1 296 292
2 759 242 501 76
1 199 10
1 225 176
2 367 207 170 300
1 550 287
3 193 19 203 255 105 289
3 593 260 382 72 253 168
1 552 282
3 493 20 759 228 73 225
3 203 33 166 189 379 282
1 677 88
3 375 47 668 87 41 12
3 613 112 645 73 428 86
0
1 465 27
2 327 67 144 133
3 738 147 197 172 509 69
1 307 101
1 290 251
3 605 21 62 10 344 272
8 68 100 141 199 771 208 438 76 341 222 756 133 249 276 188 261
1 731 160
2 205 194 740 277
1 252 194
2 418 25 377 292
2 227 182 481 74
2 70 267 166 263
2 361 154 533 180
1 118 135
5 332 130 446 204 260 269 419 189 353 198
2 480 173 209 94
0
2 89 130 311 36
0
0
0
3 509 247 530 270 35 265
3 392 140 189 32 129 274
1 378 295
2 392 42 538 27
0
3 630 52 219 125 586 166
0
1 253 260
3 447 176 538 237 640 148
3 306 246 409 217 112 295
2 82 150 150 113
3 415 104 415 82 462 256
1 237 191
0
3 242 100 514 194 426 167
4 783 191 468 102 621 50 335 15
3 714 292 720 53 454 152
0
3 794 186 575 281 88 69
2 712 0 722 176
2 700 190 51 179
4 697 47 281 179 108 23 679 79
3 690 17 204 156 245 118
0
2 300 105 91 297
0
3 328 46 303 122 42 5
0
3 89 203 780 114 313 216
1 207 256
1 253 266
1 214 22
2 376 73 796 242
0
0
3 363 147 613 107 442 229
1 540 284
3 145 36 601 124 416 52
4 730 48 20 49 557 266 136 126
1 230 78
1 534 161
1 88 37
0
0
2 383 179 410 150
1 158 259
3 360 62 315 80 205 250
2 187 184 4 228
2 747 183 536 135
2 171 226 705 299
0
0
2 131 0 207 13
2 183 115 391 281
3 74 229 702 288 645 28
1 701 210
2 157 100 669 225
1 242 176
2 163 98 415 71
2 133 152 502 231
5 566 209 22 270 573 157 510 279 752 50
2 742 64 600 125
1 326 43
3 635 94 152 175 599 291
2 780 269 354 174
1 384 64
2 350 297 558 257
1 128 1
2 272 46 630 71
3 688 279 324 203 712 181
1 6 186
0
3 516 14 613 268 677 155
2 705 35 333 124
0
0
2 129 64 143 149
0
0
3 371 114 284 69 576 67
0
3 561 39 632 121 432 299
1 414 118
2 506 43 96 205
3 326 176 534 127 211 128
2 491 205 97 142
1 424 276
1 238 244
0
2 513 224 45 169
3 106 14 568 199 787 148
3 392 261 154 216 556 151
9 748 109 310 251 50 233 672 54 733 277 626 81 49 245 408 107 306 61
3 373 160 691 248 684 169
2 189 259 259 218
3 242 225 627 275 527 12
2 225 299 447 220
1 356 52
1 662 258
1 532 176
0
2 649 94 780 128
2 619 29 335 144
1 375 127
3 202 247 9 63 728 257
2 773 38 44 7
3 424 202 171 242 315 164
3 295 14 612 242 797 208
3 757 128 131 16 659 222
1 632 59
0
1 126 272
3 559 253 500 118 403 221
0
4 664 269 244 289 53 281 378 252
3 407 82 185 50 507 261
0
3 43 3 240 242 794 233
2 98 99 550 6
3 582 267 522 31 234 163
3 392 27 41 45 581 64
2 545 23 281 133
4 608 27 687 48 741 93 311 81
3 123 24 627 287 269 145
2 95 257 91 18
1 546 22
1 544 99
3 417 220 782 99 70 215
0
2 666 239 163 210
2 35 2 117 257
3 544 69 153 149 306 236
3 614 170 82 217 154 59
3 460 209 506 244 581 55
0
3 184 176 537 5 766 173
3 524 33 594 279 112 10
0
1 185 269
3 82 67 527 205 636 99
1 78 118
2 66 45 701 155
1 58 146
1 361 1
1 766 90
2 354 24 2 20
1 467 142
2 583 19 360 291
1 553 281
2 70 41 91 295
1 709 179
0
0
2 780 98 306 70
3 176 270 253 225 677 197
4 519 237 216 27 472 44 219 72
0
0
1 363 181
0
3 83 219 161 224 242 69
1 320 82
4 173 23 56 110 686 112 739 77
2 110 229 88 79
1 734 62
0
1 290 41
1 95 154
2 54 67 544 299
3 292 266 478 24 677 105
2 432 271 354 245
2 206 41 594 26
1 70 94
0
0
1 306 248
0
1 587 2
0
3 35 103 623 117 392 263
3 274 240 233 229 527 100
3 480 140 240 95 507 11
1 98 24
2 127 14 250 111
4 362 170 271 95 140 61 654 206
3 708 140 350 23 168 292
2 124 20 219 96
1 530 280
3 306 207 70 11 219 99
3 659 194 666 94 516 275
0
5 308 80 132 166 19 183 525 89 236 231
2 330 38 21 264
2 113 78 477 130
3 234 253 181 35 480 143
0
1 591 28
3 232 145 696 280 261 234
0
2 336 150 4 131
3 379 299 526 94 70 1
2 511 254 395 138
2 123 144 520 232
5 370 134 299 166 174 30 347 280 755 205
2 701 136 192 207
2 263 70 41 66
2 432 42 301 263
1 503 39
11 758 197 715 73 69 185 359 259 374 38 729 260 440 5 322 81 732 107 398 26 547 82
2 313 103 89 252
0
3 36 60 489 66 288 205
4 523 173 724 89 571 83 797 180
3 670 263 93 294 637 108
0
1 543 274
3 701 277 619 18 217 156
3 406 3 579 104 543 272
3 470 174 13 6 691 166
3 71 71 354 229 609 195
2 138 296 116 51
2 580 0 27 168
2 441 24 613 228
3 655 265 187 127 678 230
3 445 105 713 12 544 165
3 93 72 534 296 333 97
2 607 228 558 100
1 11 191
1 177 184
5 562 111 638 285 555 19 556 28 143 158
3 685 217 220 191 426 75
2 707 172 768 27
1 210 298
2 156 40 759 271
1 494 2
4 204 245 448 3 121 286 166 215
2 333 267 763 192
3 736 206 250 253 366 249
3 691 44 682 213 236 78
3 233 218 484 33 264 126
1 134 23
1 388 262
0
8 496 240 463 279 595 178 32 296 422 201 482 3 483 187 798 210
3 530 80 632 291 684 91
3 431 223 772 50 476 213
1 333 38
3 209 279 381 76 329 70
3 411 281 117 186 743 234
3 345 47 77 194 409 25
1 443 141
1 490 15
2 62 97 89 74
3 623 18 702 140 242 247
0
10 746 196 453 5 610 182 487 129 61 75 588 217 529 290 23 247 505 135 146 217
3 110 82 609 164 424 49
2 95 161 584 63
2 352 289 633 291
2 71 76 579 164
0
0
3 165 215 603 18 166 150
3 709 205 7 257 679 121
0
1 759 114
1 220 226
3 73 184 230 237 417 11
2 644 222 795 116
1 698 65
4 60 276 761 179 778 297 150 173
2 690 267 193 46
1 628 110
1 520 158
2 269 70 754 93
2 372 50 137 22
1 52 110
0
2 495 87 63 172
1 589 255
5 8 102 471 266 337 151 215 127 103 34
3 754 205 399 196 143 188
0
2 475 239 542 258
1 58 109
2 429 86 124 193
2 258 257 652 146
0
3 52 194 712 277 143 16
0
3 406 238 791 22 668 2
0
1 770 269
3 467 200 507 157 35 250
1 7 56
3 160 197 92 108 676 268
