176
18 48 201 171 52 47 132 154 293 35 275 36 277 132 148 147 105 146 249 16 282 128 236 52 79 6 262 99 102 72 156 174 101 119 282 89 92
13 140 125 5 194 55 152 138 244 148 37 149 158 58 281 67 106 150 282 169 254 115 177 173 144 37 227
16 85 274 166 296 17 278 5 219 99 18 137 183 93 300 173 84 7 226 136 168 100 251 80 99 125 78 111 221 28 30 34 17
6 6 274 40 246 142 223 94 232 145 265 52 240
2 74 37 174 187
12 50 159 91 279 166 178 132 292 44 272 31 245 173 187 32 186 150 130 52 183 8 28 64 175
3 28 271 94 201 54 271
19 63 267 71 175 119 225 15 213 144 141 156 43 63 73 174 263 156 259 17 297 147 139 138 200 92 66 67 203 67 66 115 56 71 14 147 276 175 249
9 23 90 27 265 87 12 52 61 97 173 135 97 93 26 74 132 92 199
17 29 33 101 48 99 252 62 225 102 139 136 73 53 222 61 192 168 71 95 118 97 248 37 184 5 182 76 76 96 43 13 28 149 260
19 64 99 95 0 65 140 176 204 54 299 74 292 50 118 151 72 45 152 67 109 167 116 119 232 93 25 45 94 67 72 156 263 115 268 45 259 175 256
3 22 221 135 222 102 80
4 34 160 8 135 30 152 145 119
16 17 94 136 287 174 33 169 282 16 288 59 191 83 191 51 252 144 146 59 162 58 204 67 238 140 267 45 225 170 76 52 235
9 175 160 156 296 156 122 156 210 156 282 175 141 175 285 175 283 175 121
17 71 294 44 270 147 151 126 223 147 43 15 195 44 203 138 27 71 80 115 210 15 149 15 67 174 286 175 186 163 53 126 29 44 119
13 147 250 115 38 163 188 60 276 175 247 15 218 117 162 147 16 163 139 126 51 117 194 174 123 147 216
7 139 238 57 2 111 239 42 89 159 36 31 291 5 184
12 44 27 104 18 30 292 170 209 104 192 71 124 44 134 126 181 16 222 30 116 71 203 71 93
11 137 241 141 90 174 198 88 36 19 205 64 196 157 251 28 203 169 116 90 194 38 217
8 169 88 60 206 61 184 8 185 115 260 163 135 144 290 60 65
15 105 264 25 292 24 18 93 190 138 201 43 74 170 190 74 280 110 94 16 217 128 272 95 30 14 33 44 120 61 86
19 83 266 45 245 142 9 97 249 132 13 101 163 104 164 114 166 166 123 32 196 51 283 51 201 166 0 91 167 102 114 117 174 19 8 34 38 147 222
8 49 14 61 69 166 201 5 291 80 45 87 10 32 164 112 137
14 104 122 8 167 119 104 67 157 74 294 117 108 114 169 138 219 147 71 175 55 63 201 30 49 8 207 61 280
11 163 273 147 218 117 67 67 74 156 99 44 196 92 274 60 154 126 202 61 47 174 191
16 165 293 2 50 115 141 80 283 102 112 94 112 74 292 144 0 43 10 35 97 29 56 19 287 63 208 14 111 94 258 19 151
2 175 156 149 166
20 148 24 129 107 2 67 129 139 142 91 157 13 40 101 125 259 173 65 49 227 87 163 168 70 52 117 104 281 61 73 115 145 17 216 51 52 147 159 97 294
16 169 271 92 65 138 24 145 1 60 50 67 68 144 213 92 130 169 224 44 165 16 108 119 241 17 129 174 57 60 245 67 230
8 168 222 142 77 140 154 63 88 55 23 175 43 125 95 116 56
3 19 109 58 84 26 16
18 71 223 67 118 44 105 174 114 37 275 19 256 115 198 19 185 61 167 163 161 37 192 59 173 67 155 175 15 67 222 175 142 148 31 126 172
10 138 165 170 56 115 186 140 130 119 174 175 205 119 227 126 248 17 25 174 256
4 52 56 19 138 83 224 157 109
17 162 30 58 71 162 268 25 55 27 140 109 226 176 63 16 37 49 20 74 148 170 149 43 122 24 202 50 252 54 107 101 194 159 110
3 17 62 175 273 92 100
18 129 266 52 100 62 125 129 109 155 224 73 40 54 263 143 127 94 108 119 127 40 191 169 26 142 125 5 294 64 192 125 248 13 51 92 190
2 146 250 164 110
6 134 171 30 92 92 148 62 114 52 100 45 107
7 107 239 109 199 172 257 42 197 10 155 10 300 112 108
9 37 278 25 87 34 197 25 99 79 245 51 7 142 5 148 97 62 112
10 56 147 16 242 173 183 138 293 144 157 145 188 115 201 101 248 136 37 79 269
2 126 18 156 37
11 157 264 147 55 170 259 138 127 148 134 19 32 145 72 156 36 144 196 112 128 147 174
4 26 210 15 105 32 204 149 172
17 86 120 125 245 45 275 170 167 30 85 69 293 28 108 49 269 120 201 141 194 136 186 140 89 132 193 54 168 165 83 51 273 75 218
8 123 26 122 239 151 73 152 215 158 193 103 238 10 135 80 268
17 53 159 37 269 155 192 143 191 5 17 173 47 33 90 97 42 37 190 75 73 56 211 31 6 15 17 87 188 52 7 114 294 16 254
8 166 51 126 285 110 160 19 156 54 37 38 239 67 9 132 148
15 145 92 140 59 126 260 59 72 33 73 175 84 112 28 60 37 155 153 143 135 63 97 169 162 157 106 25 0 19 212
11 143 192 126 159 112 178 61 34 140 6 143 124 61 121 8 123 147 143 30 161 16 296
6 135 56 62 193 26 214 136 300 59 255 95 81
3 25 292 55 83 174 185
19 117 101 168 71 61 79 144 177 138 284 143 266 16 143 58 19 74 277 21 204 119 200 174 18 115 231 126 231 114 119 30 225 25 231 114 179 169 57
10 95 128 74 123 8 168 15 276 155 71 149 43 145 12 102 291 21 171 175 73
2 84 111 176 33
7 26 300 140 108 148 3 117 260 60 171 8 133 17 178
11 155 90 144 274 15 80 140 46 15 42 61 211 16 210 8 266 44 164 175 165 74 170
7 126 126 175 75 156 243 156 102 117 29 175 258 156 162
11 17 5 138 128 17 219 17 195 71 240 175 75 174 1 44 74 126 162 156 251 16 232
8 51 189 138 211 156 90 150 272 170 43 61 182 65 251 168 119
15 163 252 71 253 67 175 15 155 147 192 117 101 92 193 175 19 92 129 61 49 126 192 16 218 30 211 138 48 17 211
8 16 99 155 101 175 54 62 80 100 12 32 214 102 299 157 251
9 115 25 148 31 104 23 112 175 163 259 67 166 145 261 112 207 17 270
11 20 219 75 198 55 268 74 86 121 96 50 173 26 237 43 88 119 266 97 153 88 77
20 156 256 60 149 92 45 60 205 17 270 92 204 115 4 175 137 115 45 175 183 147 154 174 3 92 79 16 96 147 258 115 22 163 281 71 195 15 212 163 181
11 131 94 76 5 165 163 94 214 10 89 162 100 175 214 119 288 34 265 55 34 44 297
0
3 156 59 45 50 142 275
14 156 119 156 112 117 1 175 3 147 281 175 114 147 191 156 87 174 180 126 126 119 132 175 19 60 48 115 9
14 36 201 102 247 120 224 150 276 55 274 136 192 17 11 74 35 49 20 10 205 42 34 101 89 121 76 101 62
13 114 255 14 28 97 213 55 294 173 90 147 25 112 262 101 300 95 94 37 232 15 171 126 191 174 117
15 174 93 63 173 175 215 60 120 157 237 117 186 174 84 163 13 119 60 44 49 15 65 155 173 157 176 17 19 144 176
1 121 169
20 6 39 40 275 91 66 110 72 128 136 112 249 53 136 55 56 95 53 49 84 29 9 166 138 29 247 83 70 110 108 99 235 155 203 75 115 121 11 78 82
6 42 32 141 300 93 228 141 186 53 205 38 140
3 45 10 114 22 119 167
7 45 85 14 112 30 167 135 228 142 25 94 131 165 2
19 55 108 136 248 14 139 2 160 14 144 147 83 54 220 17 145 145 194 138 22 166 219 17 193 83 110 54 170 121 108 141 103 55 163 134 124 143 153
12 51 78 119 96 136 42 44 275 80 121 34 278 43 208 175 156 35 1 135 212 101 142 117 281
8 69 117 28 87 33 60 126 14 133 240 38 42 93 110 72 16
12 67 261 119 62 33 278 74 212 71 46 156 285 92 170 126 151 144 277 126 231 148 250 140 220
9 6 30 99 235 145 223 19 232 26 50 30 248 51 142 109 192 100 298
0
2 116 168 97 145
17 14 4 74 274 97 156 165 20 62 92 169 253 13 245 19 27 67 89 92 9 79 42 138 298 33 5 52 128 138 0 75 227 112 75
11 144 85 73 228 116 55 95 271 63 25 46 171 141 290 157 139 175 62 35 69 144 189
13 88 293 40 9 68 104 174 131 109 193 83 224 55 28 147 57 105 268 44 201 5 131 137 194 150 119
18 104 179 128 210 93 214 162 30 176 291 135 262 43 14 74 289 142 258 176 163 145 43 93 101 38 144 80 31 167 294 13 232 25 169 56 212
8 56 203 79 61 34 135 104 97 59 33 8 2 35 68 16 97
20 174 177 71 208 147 138 147 43 16 115 174 287 119 145 138 167 117 98 126 225 16 204 117 129 174 284 174 6 17 55 117 32 175 55 156 284 16 144 126 84
13 81 39 117 214 137 13 117 201 75 79 35 257 5 134 173 121 142 233 25 159 61 142 44 187 21 231
14 71 83 19 141 61 108 60 16 92 201 60 271 21 87 92 81 74 287 61 172 71 155 60 196 126 104 147 275
1 168 87
18 90 74 125 103 114 219 102 217 9 282 144 77 131 231 65 271 118 100 50 154 112 221 55 57 93 214 50 239 93 13 24 222 145 186 149 165
0
17 97 46 64 37 142 282 136 183 121 117 53 255 40 238 134 208 90 112 142 251 40 19 79 128 104 295 63 207 4 173 60 192 28 89
17 156 281 166 227 65 170 94 291 169 41 129 262 112 174 65 83 165 130 49 223 21 248 143 264 61 9 128 0 125 194 174 238 168 93
5 78 138 74 192 104 217 165 249 17 258
12 59 115 175 235 132 46 138 47 75 94 168 185 37 190 155 166 75 231 156 215 14 99 117 184
11 163 283 135 69 63 111 15 55 59 179 169 201 34 288 51 238 5 232 25 181 94 182
18 68 169 93 187 4 291 132 192 147 218 113 47 83 264 76 160 126 297 64 206 10 169 23 256 99 206 21 160 101 102 110 254 131 87 67 50
19 163 25 145 64 117 254 175 212 17 97 144 299 144 137 30 158 138 217 119 128 67 274 169 268 169 284 156 79 63 86 26 252 174 103 163 156 126 254
5 110 148 26 196 75 241 71 290 26 270
5 66 27 13 53 134 20 2 224 163 112
17 99 180 78 155 30 256 163 173 4 94 103 12 64 251 176 230 112 200 156 151 158 78 35 251 89 26 137 28 75 246 106 159 55 157
4 114 249 63 247 155 234 83 230
16 112 33 132 89 167 129 131 47 115 200 46 91 73 143 27 132 147 251 94 159 35 288 94 178 97 298 65 219 141 188 90 207
7 14 211 101 90 144 217 43 21 142 102 60 194 15 69
4 173 140 117 265 91 187 42 168
5 74 144 61 230 30 242 148 58 71 86
8 100 256 79 12 109 118 20 269 62 23 97 139 19 13 56 105
14 63 34 63 238 67 13 63 219 147 283 44 8 145 47 147 235 61 219 174 109 104 285 16 121 163 211 174 161
4 147 172 156 103 175 9 15 219
12 83 110 63 109 149 198 13 193 149 10 168 59 165 126 17 109 173 279 26 235 168 72 97 225
7 163 33 15 25 175 234 163 74 156 82 175 264 175 196
19 9 77 176 13 138 162 7 14 87 203 95 115 42 4 156 118 67 2 33 268 100 222 13 283 30 119 121 91 131 262 90 6 145 90 58 266 176 72
4 15 291 163 299 117 260 15 229
16 105 26 34 76 50 169 129 59 4 50 5 181 58 193 32 257 40 190 150 32 92 267 32 38 19 200 95 111 61 226 16 206
17 60 90 97 276 34 135 170 157 61 273 148 294 138 154 26 85 63 206 74 268 33 272 117 17 17 80 44 270 119 186 165 145 65 74
3 113 178 73 247 2 186
12 39 283 124 25 82 243 106 279 24 185 70 81 138 140 2 119 102 63 175 187 66 1 156 94
3 11 178 153 26 133 238
8 62 232 51 138 33 153 83 255 30 284 136 45 147 280 44 71
12 156 241 15 144 15 285 175 147 15 104 163 120 147 206 156 253 163 162 15 160 175 282 175 187
14 98 166 176 109 43 252 136 14 126 99 61 39 73 244 27 85 76 287 33 1 24 133 2 180 150 225 88 112
13 119 106 75 284 116 92 44 191 114 286 79 159 79 188 21 141 35 291 17 71 58 266 31 226 8 36
10 52 233 135 23 91 60 87 205 94 57 30 299 25 115 116 176 150 124 56 17
18 120 139 167 290 61 202 19 164 163 214 119 291 104 285 23 139 100 107 159 104 59 185 159 71 132 87 121 247 132 24 169 108 170 190 131 89
12 7 105 15 214 8 297 119 91 20 194 60 261 129 244 163 0 120 140 44 147 9 267 67 297
0
15 118 92 9 154 32 223 128 173 8 266 144 269 62 260 20 225 99 131 127 281 150 41 98 196 2 165 138 208 167 175
18 65 287 52 159 15 231 19 140 104 275 25 66 34 211 140 151 175 107 140 264 30 193 71 107 37 54 156 240 170 11 8 228 119 227 61 56
16 169 222 101 97 44 17 17 274 114 278 148 42 8 238 157 127 155 56 59 245 145 288 138 186 174 242 33 171 37 107 58 38
12 45 102 147 217 170 92 143 98 156 181 71 1 117 0 26 272 126 15 44 271 16 182 44 199
19 58 235 166 166 53 231 17 93 2 118 102 294 74 243 128 1 15 40 30 203 148 173 141 223 58 226 65 213 58 195 101 233 14 171 31 215 138 37
17 117 265 60 296 163 234 156 234 174 263 126 283 115 285 163 153 17 134 174 143 126 215 71 146 174 79 156 54 115 163 147 60 17 206
6 160 228 23 49 147 151 166 274 25 136 25 135
13 155 223 30 36 117 266 74 82 15 21 92 203 114 66 169 90 126 64 143 191 115 199 104 246 26 108
3 149 100 134 4 8 256
19 65 192 156 230 163 19 65 46 67 287 121 100 60 197 97 142 121 263 134 250 97 291 61 71 147 100 15 48 119 127 58 32 156 40 30 186 147 0
14 92 42 67 272 25 64 8 35 148 219 63 73 169 268 119 140 61 93 115 288 60 284 156 226 156 265 144 231
18 67 123 67 242 26 221 126 39 174 231 174 91 126 147 126 180 174 155 26 198 126 161 16 205 15 145 15 290 117 37 119 108 15 174 17 79
4 175 174 169 145 67 161 15 189
4 18 78 46 198 144 216 47 13
16 156 36 117 59 163 118 156 76 117 135 15 86 163 202 117 261 163 240 15 48 156 72 117 234 117 240 117 7 163 276 163 258
11 115 299 60 178 15 51 15 106 71 39 92 205 163 297 30 288 8 168 63 92 61 271
1 75 156
15 157 126 119 117 8 114 67 216 145 41 83 292 16 123 104 248 156 17 60 111 140 112 147 115 148 11 144 247 156 203
7 161 37 3 80 89 120 108 253 127 170 17 56 108 138
8 12 180 77 121 134 199 130 26 32 54 157 198 78 294 15 9
17 40 68 34 37 141 46 149 83 46 171 38 135 42 46 14 60 163 132 145 8 93 19 130 292 162 89 165 253 116 122 149 151 4 177
16 176 189 97 108 141 76 132 33 144 14 98 80 170 30 140 288 67 16 7 286 30 105 96 143 128 153 23 81 120 259 157 116
17 44 30 169 131 17 204 92 165 61 289 126 172 71 102 17 147 119 112 71 68 163 216 117 221 163 220 163 298 61 79 17 140 147 299
0
13 156 28 175 29 71 129 16 223 16 24 144 28 163 144 119 194 61 159 175 101 61 279 92 221 169 69
15 59 109 14 68 90 21 137 20 129 1 37 294 95 293 135 295 92 247 92 183 90 175 84 152 100 162 134 268 167 188
2 90 210 117 289
2 96 1 56 24
4 72 202 21 151 125 72 78 193
14 150 112 137 3 46 222 163 50 117 247 19 200 104 155 114 107 63 121 75 293 53 243 21 296 101 118 25 214
14 156 80 156 261 175 212 15 10 15 198 15 102 156 160 156 208 156 65 156 79 175 18 175 161 156 95 156 15
11 130 25 92 284 30 29 44 231 138 91 30 52 22 9 51 231 166 266 167 169 7 64
8 156 84 156 183 44 8 163 37 145 115 143 18 115 142 143 269
18 54 271 26 73 63 89 163 216 150 140 75 92 170 128 157 125 145 128 44 103 145 240 62 213 149 231 95 119 132 148 60 13 21 256 169 141
4 117 182 116 101 83 40 52 32
13 8 260 25 0 170 292 147 169 52 232 114 208 67 37 58 131 169 0 147 247 25 264 145 70 148 11
14 17 70 60 10 175 63 147 10 44 172 15 197 174 232 44 131 44 272 15 21 60 43 147 97 92 255 71 125
3 156 165 92 222 157 11
4 41 64 38 205 35 236 118 128
2 29 183 92 90
1 44 212
11 15 136 117 267 163 122 119 230 156 60 147 171 126 104 175 3 60 110 126 181 117 64
12 156 125 156 75 156 224 156 124 156 17 156 47 156 69 156 264 156 241 156 33 156 116 156 173
9 117 245 51 155 145 13 138 93 102 65 135 2 125 5 142 236 59 171
