156
44 20 137 30 137 124 137 62 137 35 137 125 137 48 137 77 137 77 137 6 137 108 137 137 137 14 137 116 137 46 137 39 137 13 137 78 137 129 137 10 137 33 137 11 137 20 137 34 137 146 137 41 137 109 137 62 137 8 137 9 137 7 137 28 137 50 137 142 137 92 137 102 137 23 137 74 137 138 137 59 137 100 137 145 137 103 137 87 137
23 116 137 154 137 40 137 36 137 128 137 69 137 90 137 92 137 152 137 6 137 31 137 114 137 24 137 28 137 9 137 70 137 137 137 22 137 54 137 49 137 95 137 149 137 4 137
18 95 137 46 137 40 137 79 137 136 137 120 137 51 137 22 137 21 137 108 137 10 137 13 137 40 137 15 137 111 137 6 137 24 137 10 137
31 138 137 24 137 77 137 155 137 58 137 7 137 36 137 108 137 71 137 153 137 126 137 91 137 49 137 151 137 138 137 41 137 56 137 152 137 36 137 94 137 97 137 151 137 15 137 49 137 126 137 74 137 89 137 132 137 109 137 149 137 156 137
30 147 137 44 137 104 137 4 137 43 137 79 137 131 137 84 137 64 137 73 137 105 137 75 137 152 137 72 137 129 137 66 137 153 137 131 137 14 137 99 137 138 137 70 137 90 137 147 137 104 137 49 137 6 137 62 137 98 137 6 137
42 71 137 51 137 134 137 92 137 69 137 80 137 103 137 148 137 43 137 57 137 18 137 108 137 8 137 90 137 132 137 70 137 40 137 71 137 89 137 56 137 52 137 94 137 68 137 91 137 87 137 120 137 156 137 48 137 146 137 46 137 28 137 88 137 136 137 54 137 155 137 18 137 24 137 7 137 108 137 21 137 133 137 96 137
33 98 137 120 137 41 137 77 137 49 137 91 137 151 137 87 137 120 137 87 137 49 137 70 137 154 137 51 137 56 137 36 137 72 137 28 137 98 137 132 137 109 137 94 137 54 137 153 137 34 137 10 137 56 137 122 137 153 137 134 137 40 137 90 137 70 137
32 40 137 77 137 80 137 31 137 64 137 137 137 128 137 4 137 72 137 41 137 34 137 150 137 48 137 9 137 116 137 149 137 23 137 117 137 43 137 132 137 40 137 12 137 137 137 15 137 72 137 79 137 9 137 103 137 56 137 148 137 135 137 155 137
30 132 137 120 137 34 137 152 137 28 137 138 137 36 137 70 137 151 137 58 137 51 137 152 137 120 137 58 137 55 137 105 137 156 137 7 137 77 137 79 137 77 137 104 137 128 137 56 137 7 137 154 137 68 137 135 137 135 137 24 137
24 103 137 48 137 138 137 16 137 117 137 132 137 156 137 153 137 16 137 156 137 138 137 43 137 90 137 48 137 134 137 105 137 155 137 48 137 117 137 117 137 103 137 153 137 48 137 155 137
46 111 137 150 137 80 137 132 137 134 137 94 137 143 137 33 137 36 137 110 137 15 137 113 137 64 137 110 137 16 137 16 137 43 137 109 137 31 137 42 137 52 137 69 137 58 137 114 137 110 137 68 137 98 137 56 137 69 137 21 137 150 137 64 137 104 137 156 137 137 137 128 137 6 137 3 137 21 137 52 137 4 137 68 137 105 137 33 137 18 137 91 137
25 47 137 23 137 16 137 151 137 16 137 105 137 40 137 138 137 136 137 49 137 128 137 136 137 104 137 135 137 56 137 46 137 117 137 127 137 137 137 109 137 77 137 36 137 89 137 74 137 56 137
16 98 137 56 137 156 137 16 137 138 137 47 137 9 137 128 137 132 137 29 137 76 137 122 137 16 137 94 137 9 137 154 137
29 64 137 41 137 28 137 6 137 68 137 154 137 34 137 116 137 8 137 69 137 149 137 28 137 4 137 136 137 3 137 154 137 70 137 149 137 134 137 150 137 79 137 155 137 72 137 81 137 13 137 10 137 34 137 31 137 15 137
38 103 137 54 137 138 137 105 137 153 137 40 137 16 137 16 137 98 137 51 137 72 137 126 137 126 137 54 137 34 137 122 137 98 137 134 137 49 137 55 137 40 137 90 137 126 137 51 137 122 137 72 137 151 137 48 137 90 137 152 137 55 137 122 137 117 137 113 137 79 137 113 137 98 137 132 137
43 48 137 155 137 117 137 153 137 48 137 153 137 77 137 153 137 153 137 43 137 72 137 156 137 156 137 103 137 155 137 43 137 48 137 77 137 77 137 156 137 155 137 43 137 103 137 156 137 77 137 156 137 155 137 103 137 103 137 155 137 156 137 77 137 103 137 43 137 117 137 153 137 48 137 156 137 103 137 77 137 72 137 43 137 103 137
25 130 137 6 137 52 137 51 137 49 137 106 137 24 137 109 137 40 137 109 137 116 137 138 137 96 137 71 137 144 137 41 137 43 137 150 137 108 137 72 137 41 137 153 137 61 137 18 137 101 137
15 79 137 16 137 136 137 58 137 97 137 114 137 76 137 108 137 128 137 70 137 153 137 24 137 64 137 28 137 156 137
33 73 137 12 137 97 137 80 137 13 137 78 137 152 137 24 137 152 137 152 137 68 137 80 137 128 137 153 137 71 137 86 137 113 137 42 137 85 137 4 137 86 137 87 137 151 137 127 137 73 137 97 137 138 137 134 137 151 137 132 137 12 137 94 137 90 137
48 93 137 38 137 60 137 42 137 67 137 92 137 67 137 86 137 32 137 17 137 27 137 63 137 46 137 12 137 73 137 48 137 115 137 146 137 86 137 7 137 54 137 61 137 22 137 132 137 74 137 133 137 98 137 80 137 131 137 49 137 151 137 41 137 101 137 32 137 54 137 23 137 99 137 62 137 87 137 82 137 109 137 125 137 121 137 142 137 53 137 31 137 125 137 137 137
18 127 137 76 137 108 137 152 137 88 137 98 137 99 137 47 137 149 137 136 137 136 137 155 137 89 137 88 137 105 137 126 137 98 137 109 137
39 47 137 98 137 108 137 91 137 89 137 90 137 15 137 10 137 29 137 139 137 116 137 108 137 94 137 94 137 134 137 48 137 58 137 87 137 98 137 87 137 151 137 15 137 103 137 16 137 36 137 151 137 134 137 58 137 139 137 155 137 10 137 117 137 108 137 153 137 56 137 139 137 48 137 98 137 109 137
27 139 137 94 137 56 137 55 137 116 137 151 137 45 137 113 137 79 137 15 137 9 137 103 137 113 137 70 137 48 137 64 137 46 137 113 137 120 137 149 137 152 137 99 137 151 137 70 137 4 137 126 137 24 137
43 149 137 29 137 36 137 156 137 10 137 149 137 155 137 40 137 87 137 56 137 10 137 40 137 89 137 132 137 103 137 15 137 51 137 40 137 36 137 105 137 154 137 77 137 41 137 48 137 16 137 98 137 122 137 58 137 138 137 56 137 79 137 153 137 49 137 89 137 117 137 149 137 149 137 151 137 116 137 36 137 49 137 138 137 117 137
21 151 137 97 137 91 137 136 137 72 137 131 137 119 137 120 137 90 137 154 137 116 137 155 137 12 137 153 137 6 137 143 137 53 137 152 137 89 137 28 137 117 137
49 119 137 32 137 25 137 25 137 4 137 84 137 92 137 24 137 68 137 64 137 43 137 60 137 120 137 66 137 47 137 48 137 136 137 148 137 32 137 24 137 111 137 18 137 98 137 77 137 60 137 8 137 110 137 95 137 135 137 64 137 119 137 47 137 48 137 109 137 56 137 18 137 57 137 132 137 43 137 52 137 111 137 129 137 78 137 100 137 14 137 52 137 90 137 12 137 11 137
31 115 137 7 137 8 137 134 137 39 137 8 137 29 137 115 137 82 137 152 137 39 137 127 137 105 137 125 137 67 137 126 137 17 137 34 137 132 137 119 137 140 137 47 137 142 137 155 137 75 137 111 137 114 137 129 137 83 137 65 137 70 137
23 55 137 29 137 54 137 56 137 34 137 105 137 156 137 15 137 29 137 126 137 77 137 151 137 54 137 16 137 77 137 151 137 48 137 51 137 134 137 10 137 79 137 49 137 10 137
21 134 137 154 137 154 137 154 137 154 137 72 137 154 137 103 137 43 137 103 137 134 137 134 137 48 137 77 137 117 137 43 137 77 137 16 137 43 137 77 137 72 137
48 121 137 5 137 75 137 76 137 108 137 6 137 44 137 104 137 32 137 142 137 153 137 139 137 94 137 58 137 104 137 139 137 32 137 132 137 118 137 121 137 43 137 58 137 103 137 29 137 116 137 128 137 117 137 43 137 44 137 12 137 54 137 79 137 141 137 90 137 117 137 42 137 67 137 150 137 95 137 83 137 40 137 86 137 82 137 142 137 68 137 106 137 110 137 42 137
50 15 137 153 137 117 137 15 137 133 137 54 137 47 137 152 137 155 137 72 137 76 137 36 137 128 137 58 137 99 137 126 137 58 137 41 137 51 137 146 137 134 137 41 137 49 137 79 137 77 137 104 137 126 137 46 137 57 137 57 137 47 137 91 137 45 137 128 137 48 137 57 137 58 137 146 137 133 137 24 137 49 137 98 137 48 137 95 137 56 137 29 137 150 137 15 137 40 137 156 137
17 96 137 116 137 87 137 49 137 153 137 135 137 79 137 148 137 25 137 119 137 91 137 78 137 76 137 81 137 64 137 133 137 25 137
34 86 137 47 137 135 137 97 137 81 137 146 137 23 137 109 137 9 137 54 137 108 137 6 137 72 137 13 137 94 137 104 137 53 137 51 137 54 137 131 137 81 137 23 137 43 137 40 137 135 137 76 137 13 137 151 137 64 137 150 137 128 137 98 137 8 137 131 137
21 154 137 132 137 16 137 154 137 134 137 153 137 103 137 43 137 16 137 103 137 72 137 98 137 105 137 138 137 77 137 156 137 138 137 103 137 134 137 29 137 153 137
20 82 137 133 137 127 137 21 137 150 137 153 137 57 137 86 137 49 137 72 137 12 137 148 137 60 137 127 137 94 137 109 137 29 137 67 137 150 137 4 137
41 28 137 138 137 43 137 54 137 47 137 116 137 56 137 109 137 89 137 104 137 152 137 72 137 40 137 156 137 89 137 151 137 49 137 16 137 108 137 16 137 153 137 151 137 152 137 109 137 89 137 132 137 40 137 34 137 108 137 104 137 109 137 43 137 58 137 117 137 77 137 149 137 94 137 43 137 58 137 56 137 153 137
40 4 137 140 137 131 137 29 137 119 137 64 137 61 137 91 137 120 137 15 137 59 137 35 137 60 137 19 137 2 137 85 137 49 137 53 137 127 137 72 137 25 137 95 137 90 137 72 137 128 137 40 137 45 137 13 137 16 137 6 137 81 137 119 137 11 137 69 137 14 137 142 137 28 137 90 137 101 137 32 137
38 88 137 135 137 9 137 17 137 89 137 64 137 6 137 150 137 15 137 88 137 27 137 84 137 42 137 54 137 18 137 97 137 74 137 130 137 52 137 48 137 82 137 65 137 143 137 120 137 29 137 76 137 149 137 66 137 22 137 152 137 7 137 145 137 68 137 26 137 41 137 109 137 18 137 53 137
50 140 137 106 137 135 137 128 137 14 137 68 137 71 137 54 137 26 137 116 137 94 137 153 137 83 137 10 137 134 137 110 137 142 137 113 137 127 137 148 137 72 137 49 137 152 137 89 137 149 137 70 137 68 137 8 137 154 137 61 137 98 137 146 137 19 137 104 137 145 137 98 137 95 137 79 137 11 137 92 137 151 137 156 137 10 137 81 137 71 137 77 137 137 137 87 137 111 137 14 137
34 152 137 51 137 48 137 113 137 155 137 134 137 103 137 48 137 151 137 117 137 51 137 156 137 152 137 153 137 152 137 132 137 113 137 154 137 51 137 43 137 55 137 134 137 43 137 134 137 16 137 98 137 153 137 117 137 113 137 48 137 105 137 72 137 90 137 156 137
37 113 137 90 137 49 137 151 137 56 137 54 137 132 137 48 137 58 137 72 137 155 137 58 137 152 137 15 137 29 137 117 137 49 137 149 137 138 137 134 137 28 137 155 137 146 137 98 137 98 137 117 137 149 137 108 137 126 137 117 137 91 137 139 137 109 137 89 137 117 137 47 137 116 137
50 142 137 8 137 81 137 136 137 119 137 52 137 56 137 6 137 92 137 104 137 81 137 133 137 29 137 8 137 126 137 149 137 76 137 64 137 80 137 64 137 156 137 10 137 152 137 76 137 96 137 133 137 9 137 88 137 52 137 122 137 3 137 131 137 153 137 53 137 55 137 84 137 136 137 56 137 36 137 129 137 152 137 127 137 87 137 103 137 45 137 25 137 7 137 86 137 72 137 88 137
26 156 137 77 137 155 137 156 137 77 137 156 137 155 137 77 137 103 137 156 137 155 137 156 137 103 137 77 137 77 137 153 137 153 137 155 137 155 137 156 137 155 137 117 137 103 137 153 137 153 137 77 137
33 37 137 118 137 128 137 127 137 98 137 103 137 67 137 98 137 105 137 15 137 64 137 111 137 7 137 68 137 146 137 7 137 7 137 78 137 126 137 78 137 56 137 67 137 72 137 155 137 104 137 90 137 63 137 11 137 55 137 85 137 15 137 26 137 22 137
34 114 137 87 137 155 137 139 137 7 137 94 137 29 137 74 137 149 137 132 137 134 137 7 137 16 137 142 137 58 137 47 137 58 137 41 137 48 137 134 137 139 137 29 137 74 137 34 137 132 137 55 137 29 137 138 137 49 137 138 137 10 137 97 137 135 137 139 137
20 104 137 117 137 117 137 109 137 55 137 152 137 24 137 128 137 79 137 104 137 77 137 10 137 76 137 103 137 51 137 55 137 55 137 28 137 117 137 28 137
45 122 137 146 137 56 137 29 137 55 137 153 137 28 137 98 137 152 137 72 137 122 137 132 137 126 137 103 137 156 137 55 137 34 137 155 137 77 137 134 137 34 137 51 137 49 137 98 137 156 137 91 137 34 137 138 137 16 137 138 137 28 137 105 137 154 137 126 137 55 137 117 137 54 137 152 137 79 137 15 137 15 137 43 137 15 137 77 137 113 137
0
29 132 137 132 137 103 137 10 137 153 137 43 137 90 137 10 137 153 137 29 137 138 137 155 137 138 137 51 137 72 137 43 137 132 137 103 137 105 137 117 137 43 137 151 137 90 137 72 137 98 137 48 137 151 137 117 137 117 137
40 112 137 27 137 144 137 51 137 82 137 99 137 31 137 129 137 145 137 94 137 74 137 61 137 92 137 21 137 13 137 2 137 130 137 148 137 135 137 6 137 39 137 17 137 45 137 68 137 85 137 61 137 88 137 44 137 62 137 82 137 110 137 53 137 25 137 132 137 56 137 146 137 37 137 37 137 108 137 132 137
36 77 137 72 137 29 137 34 137 117 137 151 137 138 137 138 137 34 137 34 137 156 137 156 137 16 137 132 137 134 137 117 137 34 137 153 137 154 137 132 137 48 137 90 137 155 137 48 137 34 137 10 137 10 137 155 137 138 137 117 137 103 137 153 137 16 137 153 137 132 137 16 137
28 21 137 54 137 79 137 76 137 24 137 153 137 134 137 77 137 74 137 109 137 10 137 150 137 116 137 105 137 28 137 72 137 34 137 13 137 71 137 41 137 13 137 117 137 142 137 134 137 18 137 151 137 57 137 70 137
31 143 137 94 137 79 137 148 137 117 137 96 137 68 137 109 137 13 137 34 137 122 137 76 137 86 137 4 137 45 137 23 137 148 137 29 137 52 137 56 137 149 137 95 137 31 137 69 137 58 137 7 137 70 137 108 137 8 137 56 137 98 137
43 152 137 43 137 151 137 49 137 155 137 29 137 117 137 154 137 152 137 55 137 138 137 153 137 151 137 34 137 151 137 10 137 77 137 117 137 98 137 103 137 151 137 55 137 34 137 55 137 56 137 138 137 10 137 16 137 72 137 153 137 90 137 34 137 113 137 77 137 132 137 72 137 77 137 98 137 113 137 153 137 154 137 43 137 152 137
31 72 137 77 137 153 137 156 137 155 137 16 137 105 137 51 137 79 137 51 137 51 137 154 137 105 137 79 137 10 137 155 137 79 137 79 137 103 137 156 137 16 137 51 137 156 137 134 137 153 137 34 137 34 137 48 137 72 137 105 137 16 137
27 105 137 98 137 98 137 155 137 98 137 151 137 103 137 72 137 105 137 155 137 156 137 134 137 103 137 16 137 98 137 55 137 154 137 156 137 72 137 16 137 155 137 151 137 113 137 151 137 155 137 55 137 43 137
18 98 137 138 137 152 137 10 137 96 137 108 137 90 137 146 137 142 137 138 137 34 137 132 137 68 137 122 137 54 137 155 137 79 137 96 137
43 34 137 152 137 77 137 105 137 29 137 153 137 126 137 10 137 151 137 90 137 34 137 117 137 48 137 10 137 103 137 151 137 79 137 156 137 132 137 72 137 126 137 47 137 77 137 51 137 117 137 116 137 79 137 87 137 113 137 28 137 49 137 138 137 15 137 134 137 43 137 54 137 98 137 56 137 54 137 10 137 105 137 153 137 152 137
32 74 137 128 137 105 137 24 137 156 137 84 137 74 137 153 137 32 137 85 137 8 137 77 137 68 137 3 137 132 137 106 137 109 137 24 137 73 137 144 137 96 137 41 137 28 137 36 137 129 137 46 137 42 137 16 137 79 137 110 137 136 137 66 137
27 85 137 69 137 99 137 89 137 8 137 45 137 117 137 68 137 143 137 138 137 24 137 138 137 126 137 131 137 119 137 86 137 89 137 55 137 56 137 31 137 43 137 134 137 122 137 108 137 25 137 12 137 111 137
38 78 137 148 137 8 137 33 137 60 137 43 137 134 137 148 137 92 137 142 137 103 137 7 137 143 137 133 137 148 137 67 137 28 137 31 137 25 137 86 137 23 137 130 137 143 137 76 137 77 137 94 137 155 137 145 137 150 137 40 137 131 137 74 137 22 137 55 137 109 137 67 137 14 137 31 137
34 39 137 2 137 53 137 126 137 148 137 59 137 80 137 123 137 140 137 141 137 47 137 128 137 41 137 8 137 58 137 59 137 154 137 31 137 57 137 156 137 96 137 117 137 26 137 18 137 96 137 47 137 12 137 47 137 125 137 24 137 113 137 77 137 128 137 130 137
16 32 137 129 137 144 137 111 137 90 137 134 137 105 137 120 137 62 137 51 137 39 137 74 137 138 137 26 137 144 137 148 137
39 45 137 98 137 77 137 24 137 138 137 149 137 87 137 139 137 108 137 54 137 98 137 87 137 120 137 96 137 152 137 40 137 34 137 34 137 87 137 120 137 34 137 48 137 98 137 122 137 109 137 7 137 134 137 122 137 80 137 98 137 122 137 74 137 36 137 48 137 28 137 109 137 139 137 10 137 28 137
17 131 137 57 137 74 137 152 137 136 137 71 137 81 137 90 137 47 137 133 137 21 137 4 137 95 137 142 137 78 137 21 137 78 137
22 3 137 8 137 146 137 105 137 155 137 120 137 3 137 60 137 49 137 76 137 15 137 139 137 154 137 150 137 153 137 143 137 125 137 9 137 137 137 13 137 142 137 122 137
40 84 137 22 137 149 137 109 137 41 137 139 137 56 137 36 137 79 137 3 137 92 137 29 137 29 137 87 137 131 137 134 137 51 137 6 137 12 137 104 137 129 137 117 137 137 137 109 137 155 137 4 137 29 137 16 137 138 137 156 137 18 137 51 137 49 137 87 137 80 137 99 137 92 137 154 137 109 137 36 137
16 128 137 79 137 120 137 156 137 116 137 58 137 41 137 116 137 45 137 80 137 139 137 16 137 48 137 91 137 77 137 138 137
29 46 137 96 137 105 137 95 137 91 137 34 137 31 137 10 137 55 137 127 137 36 137 70 137 95 137 7 137 117 137 48 137 24 137 103 137 34 137 122 137 7 137 134 137 132 137 135 137 148 137 87 137 47 137 104 137 154 137
31 48 137 108 137 54 137 72 137 79 137 74 137 49 137 90 137 117 137 29 137 152 137 108 137 29 137 24 137 152 137 43 137 146 137 149 137 15 137 28 137 54 137 153 137 48 137 97 137 41 137 94 137 97 137 36 137 94 137 55 137 56 137
24 24 137 49 137 134 137 142 137 70 137 154 137 41 137 10 137 10 137 134 137 54 137 47 137 40 137 153 137 34 137 55 137 55 137 16 137 155 137 34 137 15 137 155 137 114 137 58 137
17 43 137 156 137 155 137 77 137 103 137 153 137 156 137 77 137 156 137 77 137 43 137 43 137 43 137 155 137 48 137 103 137 43 137
26 18 137 48 137 98 137 77 137 95 137 22 137 85 137 137 137 86 137 148 137 137 137 14 137 96 137 151 137 95 137 46 137 76 137 90 137 57 137 97 137 14 137 43 137 52 137 156 137 142 137 134 137
37 138 137 98 137 56 137 29 137 146 137 97 137 154 137 97 137 58 137 104 137 152 137 108 137 10 137 28 137 47 137 72 137 113 137 105 137 116 137 34 137 134 137 41 137 41 137 77 137 94 137 91 137 22 137 116 137 49 137 116 137 40 137 152 137 87 137 98 137 151 137 103 137 134 137
22 56 137 69 137 97 137 153 137 132 137 150 137 127 137 24 137 132 137 33 137 135 137 94 137 34 137 122 137 16 137 127 137 130 137 117 137 19 137 32 137 51 137 123 137
16 54 137 113 137 153 137 77 137 49 137 24 137 108 137 56 137 45 137 120 137 132 137 90 137 56 137 116 137 139 137 74 137
28 48 137 117 137 117 137 155 137 155 137 155 137 103 137 155 137 117 137 117 137 48 137 48 137 155 137 117 137 155 137 48 137 117 137 117 137 103 137 155 137 48 137 48 137 117 137 117 137 117 137 117 137 48 137 103 137
38 136 137 68 137 96 137 84 137 74 137 135 137 45 137 94 137 7 137 4 137 80 137 133 137 151 137 156 137 43 137 31 137 41 137 90 137 135 137 40 137 152 137 3 137 94 137 21 137 131 137 13 137 87 137 31 137 40 137 31 137 34 137 109 137 69 137 15 137 51 137 148 137 104 137 23 137
25 10 137 29 137 103 137 151 137 16 137 132 137 103 137 117 137 156 137 154 137 132 137 103 137 132 137 72 137 151 137 98 137 98 137 10 137 90 137 72 137 98 137 51 137 105 137 105 137 72 137
48 36 137 10 137 154 137 34 137 122 137 34 137 155 137 22 137 15 137 72 137 54 137 155 137 139 137 134 137 49 137 24 137 103 137 41 137 40 137 104 137 43 137 43 137 146 137 138 137 79 137 41 137 113 137 36 137 109 137 34 137 56 137 79 137 77 137 36 137 135 137 28 137 126 137 43 137 154 137 109 137 43 137 138 137 152 137 89 137 71 137 120 137 127 137 113 137
17 31 137 104 137 7 137 127 137 48 137 80 137 9 137 72 137 49 137 13 137 120 137 137 137 28 137 103 137 117 137 94 137 49 137
43 26 137 66 137 61 137 65 137 52 137 133 137 55 137 133 137 151 137 87 137 96 137 26 137 107 137 19 137 155 137 51 137 23 137 7 137 127 137 101 137 138 137 70 137 29 137 51 137 100 137 113 137 113 137 78 137 113 137 142 137 104 137 107 137 142 137 122 137 130 137 142 137 132 137 13 137 123 137 21 137 40 137 68 137 96 137
45 19 137 77 137 4 137 41 137 130 137 13 137 107 137 89 137 143 137 95 137 45 137 98 137 18 137 111 137 148 137 137 137 128 137 129 137 154 137 4 137 77 137 107 137 53 137 84 137 111 137 138 137 142 137 48 137 139 137 151 137 41 137 76 137 46 137 143 137 29 137 67 137 106 137 56 137 64 137 22 137 132 137 12 137 149 137 116 137 103 137
29 120 137 72 137 79 137 3 137 136 137 12 137 117 137 72 137 34 137 105 137 151 137 104 137 21 137 104 137 58 137 126 137 143 137 88 137 54 137 18 137 22 137 23 137 24 137 77 137 49 137 116 137 31 137 54 137 13 137
32 122 137 90 137 29 137 86 137 40 137 135 137 10 137 12 137 126 137 70 137 15 137 9 137 105 137 24 137 48 137 72 137 16 137 103 137 113 137 87 137 4 137 119 137 77 137 15 137 153 137 74 137 46 137 97 137 150 137 80 137 68 137 149 137
18 127 137 64 137 47 137 21 137 29 137 72 137 154 137 79 137 105 137 74 137 58 137 92 137 99 137 74 137 18 137 139 137 155 137 105 137
16 34 137 98 137 156 137 51 137 117 137 103 137 15 137 77 137 132 137 103 137 122 137 10 137 154 137 152 137 117 137 49 137
21 54 137 16 137 136 137 10 137 80 137 87 137 97 137 4 137 126 137 22 137 28 137 54 137 51 137 87 137 55 137 28 137 40 137 153 137 127 137 146 137 34 137
48 156 137 109 137 43 137 40 137 10 137 98 137 72 137 40 137 49 137 126 137 87 137 155 137 134 137 56 137 105 137 132 137 87 137 10 137 134 137 104 137 55 137 72 137 122 137 98 137 91 137 103 137 105 137 48 137 154 137 91 137 122 137 104 137 151 137 90 137 79 137 72 137 153 137 134 137 105 137 146 137 55 137 79 137 117 137 51 137 34 137 126 137 90 137 151 137
20 134 137 132 137 29 137 156 137 138 137 156 137 34 137 155 137 134 137 103 137 156 137 153 137 138 137 156 137 16 137 16 137 154 137 134 137 153 137 156 137
20 34 137 155 137 151 137 153 137 48 137 43 137 156 137 116 137 87 137 28 137 56 137 43 137 77 137 90 137 40 137 153 137 151 137 132 137 156 137 98 137
49 58 137 109 137 128 137 51 137 76 137 136 137 57 137 113 137 47 137 95 137 126 137 103 137 156 137 76 137 122 137 24 137 148 137 149 137 90 137 52 137 99 137 68 137 41 137 135 137 116 137 7 137 24 137 52 137 127 137 40 137 155 137 71 137 34 137 90 137 117 137 45 137 31 137 154 137 18 137 138 137 15 137 149 137 43 137 156 137 151 137 113 137 104 137 116 137 77 137
37 50 137 123 137 107 137 56 137 151 137 153 137 36 137 19 137 120 137 61 137 47 137 57 137 85 137 13 137 110 137 12 137 42 137 151 137 109 137 70 137 33 137 79 137 10 137 135 137 138 137 56 137 147 137 90 137 39 137 113 137 13 137 28 137 68 137 104 137 10 137 58 137 17 137
25 154 137 43 137 87 137 47 137 116 137 116 137 10 137 29 137 43 137 98 137 155 137 51 137 48 137 103 137 113 137 34 137 40 137 29 137 153 137 29 137 34 137 29 137 134 137 116 137 79 137
47 155 137 51 137 99 137 104 137 28 137 16 137 72 137 148 137 136 137 156 137 156 137 146 137 117 137 152 137 16 137 90 137 43 137 99 137 4 137 77 137 146 137 142 137 142 137 149 137 51 137 98 137 135 137 74 137 48 137 90 137 105 137 150 137 128 137 64 137 108 137 105 137 156 137 57 137 105 137 122 137 22 137 128 137 113 137 94 137 113 137 114 137 132 137
16 153 137 56 137 155 137 109 137 132 137 87 137 116 137 122 137 134 137 138 137 36 137 134 137 77 137 132 137 146 137 156 137
28 40 137 79 137 154 137 154 137 47 137 24 137 54 137 90 137 151 137 41 137 10 137 126 137 149 137 90 137 151 137 91 137 89 137 47 137 155 137 151 137 146 137 116 137 149 137 151 137 154 137 15 137 90 137 132 137
42 29 137 154 137 153 137 156 137 117 137 43 137 77 137 103 137 43 137 117 137 153 137 154 137 16 137 155 137 155 137 48 137 153 137 154 137 153 137 155 137 155 137 16 137 134 137 154 137 48 137 154 137 154 137 103 137 153 137 154 137 134 137 117 137 43 137 77 137 155 137 134 137 155 137 29 137 134 137 77 137 77 137 72 137
45 55 137 68 137 122 137 58 137 104 137 152 137 79 137 151 137 132 137 15 137 91 137 97 137 149 137 51 137 72 137 113 137 87 137 97 137 142 137 24 137 10 137 97 137 29 137 34 137 49 137 36 137 133 137 136 137 146 137 153 137 56 137 43 137 135 137 51 137 135 137 47 137 156 137 90 137 51 137 138 137 152 137 151 137 70 137 55 137 46 137
45 78 137 103 137 94 137 148 137 132 137 80 137 98 137 81 137 135 137 21 137 116 137 95 137 3 137 105 137 45 137 95 137 90 137 25 137 133 137 81 137 110 137 156 137 96 137 153 137 87 137 61 137 76 137 113 137 47 137 79 137 134 137 28 137 97 137 24 137 31 137 15 137 148 137 149 137 74 137 116 137 97 137 90 137 73 137 69 137 138 137
39 143 137 45 137 86 137 12 137 117 137 78 137 72 137 54 137 128 137 33 137 122 137 154 137 107 137 34 137 117 137 10 137 2 137 78 137 151 137 95 137 15 137 109 137 119 137 120 137 120 137 11 137 49 137 141 137 65 137 84 137 131 137 151 137 107 137 113 137 106 137 106 137 126 137 51 137 78 137
34 133 137 107 137 122 137 88 137 143 137 133 137 52 137 97 137 133 137 132 137 99 137 138 137 59 137 24 137 131 137 67 137 28 137 45 137 2 137 73 137 135 137 60 137 68 137 36 137 8 137 42 137 145 137 23 137 156 137 51 137 14 137 155 137 91 137 53 137
40 48 137 48 137 48 137 48 137 48 137 48 137 48 137 48 137 48 137 48 137 48 137 48 137 48 137 48 137 48 137 48 137 48 137 48 137 48 137 48 137 48 137 48 137 48 137 48 137 48 137 48 137 48 137 48 137 48 137 48 137 48 137 48 137 48 137 48 137 48 137 48 137 48 137 48 137 48 137 48 137
50 90 137 72 137 113 137 98 137 126 137 72 137 156 137 109 137 91 137 146 137 126 137 151 137 51 137 117 137 156 137 10 137 116 137 134 137 134 137 29 137 155 137 16 137 55 137 40 137 105 137 105 137 116 137 155 137 151 137 105 137 151 137 153 137 15 137 90 137 113 137 34 137 34 137 132 137 113 137 28 137 77 137 109 137 40 137 151 137 155 137 122 137 126 137 154 137 91 137 98 137
41 77 137 16 137 154 137 29 137 155 137 138 137 43 137 77 137 72 137 117 137 72 137 43 137 134 137 154 137 155 137 29 137 103 137 98 137 103 137 98 137 138 137 153 137 155 137 43 137 134 137 72 137 156 137 77 137 98 137 29 137 48 137 29 137 156 137 103 137 138 137 98 137 77 137 48 137 117 137 155 137 154 137
37 13 137 68 137 98 137 71 137 98 137 155 137 137 137 103 137 45 137 74 137 116 137 36 137 94 137 21 137 109 137 25 137 85 137 77 137 47 137 8 137 146 137 9 137 6 137 144 137 67 137 120 137 53 137 43 137 67 137 77 137 24 137 43 137 15 137 7 137 108 137 65 137 133 137
43 104 137 156 137 16 137 150 137 86 137 155 137 80 137 110 137 68 137 120 137 16 137 66 137 155 137 58 137 151 137 97 137 57 137 41 137 125 137 106 137 24 137 47 137 139 137 42 137 57 137 146 137 142 137 7 137 76 137 148 137 36 137 119 137 92 137 134 137 133 137 134 137 51 137 97 137 97 137 110 137 136 137 47 137 119 137
19 29 137 103 137 117 137 54 137 79 137 152 137 56 137 146 137 89 137 87 137 91 137 109 137 132 137 105 137 51 137 155 137 138 137 15 137 10 137
15 72 137 117 137 113 137 56 137 113 137 51 137 156 137 87 137 154 137 154 137 77 137 48 137 132 137 91 137 113 137
41 94 137 91 137 81 137 79 137 74 137 116 137 29 137 87 137 90 137 155 137 45 137 69 137 69 137 48 137 47 137 138 137 113 137 13 137 155 137 127 137 79 137 22 137 14 137 122 137 153 137 64 137 7 137 116 137 54 137 142 137 15 137 41 137 85 137 109 137 90 137 85 137 15 137 122 137 103 137 74 137 33 137
16 70 137 139 137 113 137 88 137 91 137 28 137 74 137 45 137 150 137 143 137 9 137 120 137 156 137 12 137 150 137 41 137
19 63 137 11 137 14 137 103 137 119 137 113 137 117 137 110 137 4 137 81 137 41 137 21 137 57 137 109 137 155 137 35 137 125 137 26 137 144 137
23 154 137 153 137 51 137 29 137 151 137 98 137 134 137 79 137 153 137 34 137 48 137 77 137 156 137 29 137 117 137 156 137 79 137 90 137 153 137 72 137 49 137 72 137 43 137
38 28 137 87 137 34 137 113 137 156 137 151 137 15 137 41 137 72 137 151 137 91 137 56 137 16 137 134 137 134 137 154 137 77 137 29 137 96 137 41 137 54 137 47 137 87 137 34 137 152 137 79 137 146 137 117 137 120 137 55 137 72 137 108 137 96 137 29 137 54 137 89 137 16 137 149 137
50 101 137 110 137 81 137 41 137 42 137 123 137 142 137 131 137 138 137 26 137 138 137 132 137 33 137 113 137 142 137 79 137 49 137 155 137 137 137 99 137 102 137 36 137 150 137 68 137 144 137 11 137 123 137 61 137 119 137 91 137 64 137 36 137 138 137 64 137 11 137 72 137 51 137 89 137 152 137 32 137 26 137 101 137 143 137 117 137 40 137 67 137 156 137 74 137 55 137 109 137
48 154 137 34 137 16 137 55 137 155 137 122 137 43 137 10 137 40 137 48 137 105 137 155 137 113 137 16 137 90 137 105 137 72 137 49 137 138 137 49 137 87 137 154 137 151 137 56 137 98 137 77 137 79 137 54 137 56 137 105 137 156 137 138 137 87 137 87 137 29 137 105 137 34 137 117 137 51 137 72 137 49 137 153 137 151 137 156 137 29 137 154 137 122 137 156 137
45 155 137 48 137 103 137 103 137 48 137 48 137 48 137 155 137 103 137 48 137 48 137 48 137 103 137 103 137 48 137 103 137 155 137 103 137 48 137 155 137 103 137 103 137 155 137 103 137 48 137 155 137 103 137 155 137 155 137 155 137 155 137 103 137 103 137 48 137 155 137 155 137 48 137 103 137 48 137 48 137 103 137 155 137 155 137 155 137 103 137
19 48 137 127 137 85 137 87 137 43 137 29 137 64 137 7 137 134 137 141 137 54 137 142 137 51 137 99 137 133 137 153 137 78 137 96 137 31 137
45 90 137 36 137 128 137 45 137 154 137 139 137 10 137 151 137 142 137 135 137 54 137 57 137 127 137 146 137 58 137 139 137 136 137 113 137 138 137 90 137 154 137 142 137 49 137 132 137 153 137 76 137 120 137 138 137 120 137 4 137 24 137 122 137 148 137 146 137 126 137 133 137 4 137 69 137 87 137 96 137 64 137 135 137 36 137 48 137 105 137
46 146 137 155 137 146 137 117 137 48 137 156 137 151 137 15 137 109 137 51 137 10 137 87 137 29 137 41 137 10 137 113 137 155 137 36 137 117 137 40 137 43 137 56 137 97 137 116 137 94 137 24 137 139 137 74 137 132 137 122 137 24 137 94 137 98 137 89 137 54 137 89 137 156 137 126 137 49 137 108 137 56 137 109 137 97 137 154 137 29 137 156 137
43 102 137 59 137 86 137 65 137 136 137 15 137 64 137 4 137 71 137 82 137 16 137 44 137 120 137 117 137 60 137 123 137 113 137 35 137 94 137 142 137 103 137 49 137 120 137 86 137 33 137 27 137 75 137 23 137 84 137 150 137 99 137 89 137 101 137 97 137 100 137 86 137 105 137 28 137 71 137 120 137 83 137 22 137 82 137
35 55 137 117 137 113 137 79 137 117 137 138 137 79 137 155 137 103 137 16 137 10 137 105 137 151 137 34 137 54 137 48 137 54 137 98 137 55 137 56 137 79 137 16 137 56 137 132 137 51 137 117 137 43 137 138 137 138 137 90 137 10 137 72 137 43 137 113 137 105 137
38 145 137 137 137 97 137 42 137 110 137 51 137 48 137 31 137 4 137 41 137 13 137 2 137 134 137 117 137 18 137 96 137 32 137 94 137 46 137 87 137 69 137 108 137 19 137 10 137 73 137 64 137 76 137 126 137 67 137 67 137 125 137 70 137 154 137 134 137 6 137 148 137 96 137 85 137
19 6 137 121 137 5 137 91 137 3 137 127 137 88 137 94 137 133 137 71 137 19 137 3 137 139 137 97 137 150 137 14 137 71 137 2 137 73 137
22 4 137 49 137 117 137 89 137 42 137 45 137 132 137 73 137 108 137 87 137 42 137 105 137 11 137 85 137 104 137 29 137 143 137 142 137 42 137 8 137 10 137 76 137
46 77 137 77 137 98 137 48 137 113 137 51 137 151 137 156 137 152 137 34 137 103 137 113 137 77 137 72 137 72 137 10 137 29 137 40 137 34 137 51 137 113 137 113 137 43 137 40 137 153 137 48 137 56 137 117 137 153 137 16 137 155 137 48 137 152 137 103 137 105 137 151 137 10 137 56 137 105 137 56 137 54 137 16 137 48 137 77 137 40 137 153 137
17 128 137 90 137 120 137 55 137 74 137 138 137 122 137 155 137 149 137 51 137 142 137 55 137 10 137 54 137 96 137 55 137 151 137
40 10 137 134 137 43 137 108 137 47 137 96 137 90 137 138 137 41 137 15 137 134 137 16 137 105 137 108 137 87 137 36 137 153 137 142 137 28 137 152 137 54 137 154 137 70 137 15 137 149 137 134 137 55 137 87 137 153 137 47 137 7 137 135 137 139 137 98 137 154 137 54 137 149 137 70 137 135 137 153 137
23 108 137 104 137 46 137 81 137 131 137 85 137 105 137 34 137 109 137 56 137 8 137 53 137 24 137 10 137 70 137 81 137 146 137 86 137 21 137 126 137 23 137 134 137 49 137
27 131 137 104 137 3 137 18 137 139 137 42 137 36 137 95 137 53 137 36 137 72 137 52 137 65 137 71 137 78 137 25 137 74 137 57 137 8 137 77 137 86 137 104 137 6 137 79 137 47 137 54 137 8 137
44 49 137 142 137 90 137 103 137 70 137 22 137 149 137 28 137 53 137 71 137 40 137 113 137 132 137 86 137 103 137 113 137 40 137 54 137 74 137 79 137 56 137 58 137 150 137 143 137 34 137 95 137 99 137 97 137 151 137 113 137 96 137 90 137 29 137 132 137 116 137 34 137 128 137 12 137 55 137 136 137 136 137 89 137 98 137 21 137
47 156 137 48 137 103 137 117 137 134 137 72 137 138 137 77 137 72 137 48 137 98 137 105 137 105 137 153 137 156 137 103 137 105 137 153 137 98 137 77 137 117 137 154 137 153 137 103 137 43 137 154 137 117 137 105 137 155 137 138 137 117 137 77 137 29 137 43 137 77 137 155 137 72 137 43 137 103 137 134 137 16 137 105 137 117 137 154 137 105 137 98 137 117 137
40 70 137 128 137 71 137 4 137 43 137 142 137 134 137 54 137 149 137 77 137 109 137 68 137 149 137 68 137 97 137 15 137 117 137 72 137 58 137 151 137 117 137 54 137 64 137 98 137 48 137 97 137 77 137 134 137 108 137 138 137 40 137 4 137 70 137 10 137 120 137 34 137 36 137 48 137 49 137 98 137
19 16 137 43 137 77 137 103 137 16 137 16 137 155 137 103 137 43 137 117 137 43 137 117 137 16 137 16 137 16 137 103 137 155 137 103 137 43 137
38 22 137 36 137 22 137 109 137 29 137 10 137 138 137 97 137 15 137 7 137 22 137 49 137 126 137 155 137 153 137 113 137 139 137 156 137 94 137 116 137 72 137 56 137 105 137 108 137 117 137 15 137 139 137 132 137 104 137 151 137 153 137 28 137 72 137 51 137 28 137 54 137 105 137 77 137
35 134 137 98 137 80 137 142 137 89 137 114 137 142 137 91 137 108 137 146 137 40 137 72 137 76 137 76 137 36 137 36 137 56 137 127 137 109 137 104 137 68 137 47 137 133 137 146 137 152 137 7 137 48 137 142 137 149 137 105 137 58 137 155 137 97 137 104 137 146 137
34 4 137 95 137 29 137 99 137 43 137 122 137 31 137 151 137 18 137 149 137 128 137 105 137 43 137 69 137 108 137 153 137 142 137 79 137 40 137 41 137 86 137 46 137 56 137 156 137 122 137 90 137 64 137 77 137 103 137 46 137 109 137 156 137 80 137 24 137
18 103 137 43 137 117 137 98 137 155 137 16 137 48 137 134 137 117 137 134 137 155 137 155 137 29 137 154 137 117 137 29 137 29 137 154 137
21 154 137 117 137 87 137 47 137 58 137 98 137 94 137 152 137 134 137 98 137 146 137 56 137 104 137 103 137 89 137 15 137 156 137 117 137 109 137 87 137 116 137
46 25 137 88 137 145 137 89 137 134 137 79 137 15 137 114 137 149 137 73 137 6 137 129 137 92 137 36 137 111 137 123 137 100 137 66 137 76 137 8 137 69 137 81 137 18 137 68 137 139 137 9 137 18 137 10 137 94 137 107 137 108 137 156 137 61 137 105 137 96 137 19 137 155 137 51 137 100 137 126 137 92 137 53 137 14 137 119 137 99 137 74 137
42 65 137 47 137 92 137 131 137 81 137 132 137 100 137 40 137 34 137 154 137 83 137 96 137 71 137 46 137 40 137 73 137 136 137 131 137 91 137 129 137 68 137 126 137 3 137 25 137 139 137 42 137 34 137 70 137 25 137 128 137 13 137 57 137 103 137 146 137 122 137 106 137 46 137 40 137 136 137 4 137 57 137 114 137
43 126 137 79 137 49 137 91 137 154 137 36 137 134 137 152 137 58 137 70 137 117 137 109 137 104 137 51 137 10 137 24 137 56 137 154 137 132 137 34 137 28 137 139 137 15 137 97 137 90 137 105 137 97 137 139 137 122 137 36 137 91 137 108 137 98 137 98 137 153 137 138 137 116 137 40 137 98 137 41 137 139 137 91 137 34 137
26 9 137 105 137 142 137 156 137 15 137 90 137 70 137 97 137 45 137 68 137 13 137 139 137 109 137 153 137 56 137 95 137 135 137 134 137 51 137 68 137 54 137 89 137 58 137 88 137 15 137 148 137
15 156 137 94 137 154 137 7 137 55 137 42 137 92 137 69 137 71 137 48 137 23 137 111 137 21 137 46 137 55 137
26 23 137 16 137 56 137 120 137 105 137 81 137 3 137 109 137 96 137 73 137 41 137 87 137 152 137 73 137 134 137 46 137 28 137 95 137 85 137 136 137 47 137 99 137 68 137 128 137 133 137 139 137
22 49 137 79 137 103 137 40 137 155 137 72 137 105 137 10 137 28 137 15 137 122 137 55 137 16 137 72 137 28 137 16 137 122 137 116 137 156 137 116 137 109 137 105 137
30 17 137 141 137 83 137 100 137 33 137 92 137 2 137 91 137 108 137 134 137 59 137 77 137 143 137 76 137 104 137 80 137 43 137 91 137 84 137 42 137 126 137 81 137 79 137 110 137 60 137 24 137 133 137 28 137 21 137 88 137
32 126 137 103 137 46 137 128 137 45 137 74 137 116 137 135 137 51 137 24 137 126 137 89 137 104 137 126 137 57 137 36 137 64 137 99 137 133 137 51 137 152 137 155 137 49 137 128 137 15 137 154 137 7 137 139 137 87 137 79 137 114 137 76 137
18 154 137 116 137 139 137 58 137 87 137 55 137 72 137 91 137 146 137 108 137 108 137 16 137 48 137 15 137 49 137 87 137 103 137 154 137
35 36 137 72 137 94 137 126 137 120 137 54 137 57 137 79 137 45 137 46 137 56 137 149 137 74 137 116 137 154 137 105 137 22 137 49 137 48 137 40 137 122 137 97 137 4 137 90 137 7 137 138 137 79 137 96 137 132 137 40 137 149 137 104 137 91 137 15 137 154 137
26 117 137 103 137 29 137 34 137 155 137 48 137 117 137 103 137 105 137 16 137 105 137 34 137 156 137 156 137 155 137 48 137 98 137 153 137 138 137 132 137 98 137 34 137 16 137 156 137 77 137 72 137
27 155 137 153 137 51 137 29 137 155 137 103 137 103 137 51 137 34 137 155 137 16 137 77 137 72 137 79 137 49 137 10 137 138 137 151 137 29 137 16 137 77 137 98 137 49 137 156 137 72 137 156 137 10 137
39 103 137 156 137 103 137 48 137 48 137 117 137 77 137 103 137 155 137 77 137 156 137 155 137 77 137 117 137 48 137 103 137 103 137 155 137 117 137 77 137 156 137 117 137 156 137 77 137 103 137 77 137 103 137 156 137 48 137 117 137 117 137 48 137 103 137 48 137 155 137 156 137 77 137 77 137 48 137
25 72 137 72 137 16 137 48 137 156 137 72 137 43 137 153 137 153 137 16 137 43 137 103 137 153 137 16 137 153 137 155 137 117 137 153 137 134 137 103 137 117 137 134 137 43 137 43 137 72 137
23 103 137 103 137 48 137 103 137 48 137 48 137 48 137 103 137 48 137 103 137 103 137 48 137 103 137 48 137 103 137 48 137 103 137 48 137 103 137 48 137 48 137 103 137 103 137
16 77 137 155 137 117 137 117 137 117 137 117 137 48 137 117 137 103 137 155 137 103 137 117 137 117 137 155 137 103 137 103 137
