100
0
1
0
2
4
3
5
2
5
9
6
11
5
3
4
10
7
3
11
3
16
0
22
16
20
7
13
26
13
4
0
24
31
27
1
23
9
17
3
28
24
20
40
25
28
38
29
9
10
43
28
38
24
38
35
49
25
35
36
55
11
41
16
58
8
56
19
23
0
23
6
33
17
19
71
61
2
44
43
13
36
55
28
22
43
13
15
81
12
54
12
43
52
64
2
78
51
57
62
82
93
52
35
27
37
3
22
37
46
90
68
6
19
31
9
59
76
90
46
86
81
59
6
92
60
31
20
66
37
53
73
26
92
92
91
26
45
82
6
78
84
24
55
45
64
37
57
48
49
69
86
81
1
86
66
39
15
85
70
72
53
33
55
65
56
79
95
58
93
18
68
94
7
19
64
72
85
16
4
53
42
91
80
84
19
25
32
7
52
94
50
71
51
58
71
75
5
70
67
100
0 0 20
0 83 20
1 52
1 82
0 20 53
1 37
1 13
0 93 5
1 57
1 89
0 33 38
1 49
1 65
0 65 21
1 80
1 95
1 74
0 81 48
0 33 18
1 20
0 48 33
1 41
1 83
0 66 56
0 33 35
1 43
1 15
1 79
1 45
0 66 14
1 5
1 12
1 69
1 23
1 96
0 94 47
1 54
0 40 47
1 70
0 90 66
0 17 96
1 30
1 5
0 81 49
1 78
0 53 23
0 50 18
0 51 89
1 75
0 4 9
0 14 32
1 81
1 89
0 82 31
0 53 82
0 10 5
1 51
1 42
0 94 34
1 50
1 36
0 67 59
0 94 71
0 13 53
1 23
1 83
0 81 72
0 93 93
0 33 47
0 22 79
1 91
0 33 52
0 11 48
1 81
0 79 47
0 73 92
1 9
0 96 84
1 78
1 36
0 97 91
1 69
1 74
1 35
0 43 1
0 18 3
1 79
1 58
0 80 50
1 41
1 72
1 6
0 92 32
0 11 2
1 17
1 65
0 97 14
0 84 90
0 78 5
1 22
